-0.17936 -0.20700 -0.20971 -0.09726 -0.11921 -0.17322 -0.28076 0.22317 0.41866 -0.03289 0.00338 -0.33425 
-0.14659 -0.16494 0.24987 -0.07399 0.49494 -0.15633 -0.28891 0.50080 -0.04555 0.05076 -0.01751 0.06696 
-0.13131 0.51816 0.43281 0.39789 0.04313 0.56320 -0.01325 -0.06283 -0.88339 -0.04030 0.08806 0.63120 
0.64940 0.41878 0.14835 0.33349 -0.21974 0.39891 0.59065 0.07710 -1.10720 -0.36723 0.36468 0.57172 
-0.40628 0.11503 0.07334 0.07007 -0.03092 0.15205 -0.19142 -0.58043 -0.10225 0.15375 -0.12695 0.18457 
0.27804 0.31011 0.20663 0.05526 0.16288 0.17356 0.60732 -0.72565 -0.12646 0.33921 -0.29753 0.36024 
-0.02634 0.26239 0.58581 0.54649 0.52144 0.21358 0.25106 -0.65032 0.26911 -0.04183 0.05272 -0.40948 
0.28199 0.08502 0.43229 0.33562 0.49559 0.01080 0.40718 -0.33729 -0.25200 -0.74162 0.64753 -0.52111 
0.96405 -0.00336 -0.86876 -0.76013 -0.78482 -0.21668 0.84748 0.49843 0.09443 0.14669 -0.12851 0.05745 
0.81876 0.33239 -0.59413 -0.76517 -0.65296 0.13226 0.72883 0.45269 0.25206 -0.12098 0.10376 -0.33129 
0.12099 -0.01249 0.23769 0.01501 0.24272 0.06015 -0.03802 -0.13711 -0.06660 0.01597 -0.00285 0.06071 
0.46108 0.46530 0.93117 0.88999 0.68771 0.45577 0.48605 -0.14595 -0.47858 -0.45280 0.39988 0.01478 
-0.22818 -0.04215 0.56279 0.29118 0.65198 -0.01479 -0.08006 -0.32186 -0.21905 -0.48214 0.41296 -0.28092 
-0.65959 0.20072 0.40465 0.29754 0.23683 0.29286 -0.41675 -0.56583 -0.02727 -0.06608 0.03444 -0.02665 
-0.17797 -0.33157 -0.22153 -0.43216 0.07583 -0.31390 -0.35746 0.29253 -0.17256 -0.42951 0.38425 -0.19363 
-0.00625 -0.90522 -0.55939 -1.01500 0.32723 -1.05080 -0.06496 0.24500 0.37000 -0.06824 0.04863 -0.35564 
0.53967 0.69333 0.13401 0.72406 -0.68580 0.82868 0.37774 -0.26206 0.22456 -0.11229 0.07714 -0.24553 
0.29341 0.98988 0.40982 0.82822 -0.41909 1.00000 0.41545 0.04960 0.68567 0.40031 -0.35724 -0.26290 
-0.12807 0.02467 0.07092 0.20642 -0.10484 0.17115 -0.30479 -0.03372 0.23421 0.18663 -0.16351 -0.00435 
0.35839 0.34759 0.04330 0.07090 -0.18527 0.30925 0.42525 -0.28421 1.00000 0.85432 -0.75554 -0.13273 
0.57396 -0.02598 0.00593 -0.16288 0.32980 -0.28874 0.78627 0.04873 0.86226 0.39239 -0.36130 -0.39441 
0.60045 -0.08677 0.39935 -0.03759 0.73230 -0.22468 0.57632 0.10743 0.53764 -0.09907 0.03825 -0.41394 
-0.81333 -0.89625 -0.01699 -0.44328 0.65821 -0.76347 -0.96419 -0.09673 0.05416 0.18133 -0.12621 0.01640 
-0.40572 -0.32364 0.12453 -0.14796 0.38672 -0.28487 -0.29948 -0.22222 0.19134 0.70321 -0.58735 0.31892 
0.35555 0.12036 0.03555 0.22286 -0.11199 0.09917 0.27740 0.36320 0.57304 0.34375 -0.29875 -0.17954 
0.37767 -0.27470 -0.14337 -0.33985 0.16217 -0.34524 0.24310 0.16193 0.75394 0.30457 -0.27613 -0.33097 
-0.62366 -0.55094 0.00351 -0.18136 0.44797 -0.49882 -0.52377 -0.64549 -0.04308 0.00146 -0.00146 0.00079 
-0.73740 -0.45640 -0.52774 -0.47901 -0.19999 -0.46912 -0.49773 -0.54589 -0.29213 -0.36946 0.28735 -0.07464 
0.21329 -0.00489 -0.31752 -0.21875 -0.33942 -0.00336 0.02746 0.13500 -0.20969 -0.27698 0.24434 -0.04200 
-0.06873 0.47128 -0.28672 -0.01133 -0.80815 0.55047 -0.19517 0.43574 0.43903 0.13174 -0.11102 -0.25916 
0.01403 0.20565 0.19810 0.00023 0.01320 0.28497 -0.05800 -0.14170 -0.23566 0.27702 -0.23413 0.45626 
-0.76348 0.06583 -0.01089 0.26870 -0.27017 0.23872 -0.75897 -0.10965 -0.34846 -0.33052 0.27336 0.10006 
0.02029 -0.07599 -0.63034 -0.49682 -0.44102 -0.22965 0.11399 0.03833 -0.22125 -0.63248 0.52313 -0.26642 
-0.05544 0.17831 -0.34092 -0.23388 -0.49273 0.15470 -0.01861 0.09469 -0.05668 0.14189 -0.13025 0.19212 
0.44589 0.38443 0.14877 0.63854 -0.27498 0.41201 0.18946 1.00000 0.78605 0.65022 -0.57912 -0.06582 
0.74227 0.48285 -0.16571 0.26462 -0.49121 0.32778 0.70852 0.83510 0.63660 0.63527 -0.57822 0.04169 
0.49053 -0.35245 -0.20838 -0.12470 0.08926 -0.41729 0.37017 -0.31768 0.63013 0.13456 -0.09645 -0.52551 
0.32912 -0.14718 -0.38683 -0.24355 -0.28285 -0.21090 0.21471 0.20701 0.24039 -0.02782 0.02999 -0.26250 
0.38925 0.22424 -0.91208 -1.10740 -0.80474 -0.04202 0.51315 0.20566 0.59533 0.47762 -0.39719 -0.11988 
-0.28724 0.41281 -0.66205 -0.80608 -0.88434 0.32156 -0.06468 -0.03388 0.34148 0.35127 -0.28500 -0.03813 
0.55356 -0.06379 -0.26414 0.11277 -0.33695 -0.06432 0.18942 0.99771 0.22260 -0.10899 0.06903 -0.07643 
0.96875 0.08624 -0.12021 0.26143 -0.19613 -0.00984 0.79458 0.24920 0.26205 0.46033 -0.40030 0.20177 
0.55846 0.11956 0.35626 0.62037 0.15961 0.16768 0.27651 0.54844 -0.25772 -0.37108 0.34911 -0.07063 
0.24747 0.05667 0.60600 0.45417 0.65759 0.01988 0.22097 0.51108 -0.19738 -0.15559 0.13971 0.06617 
0.25804 -0.38310 -0.02103 -0.17375 0.21214 -0.30610 -0.11443 0.27159 -0.25626 -0.45569 0.39123 -0.13152 
-0.09620 -0.71385 0.28605 -0.18962 0.94860 -0.72187 -0.16316 -0.01271 -0.17905 -0.13467 0.13400 0.00226 
0.64167 -0.04904 -0.13654 -0.21436 -0.03390 -0.13646 0.45926 0.47284 -0.47449 -0.43589 0.35164 0.11428 
0.20929 -0.35507 0.31046 0.18058 0.66232 -0.38100 -0.01943 0.71391 -0.36977 -0.93727 0.77786 -0.34012 
-0.28879 -0.04798 0.64954 0.20301 0.82824 -0.03155 -0.13786 -0.18661 0.56220 0.60462 -0.53196 0.01152 
0.45852 0.00669 0.50555 0.27289 0.50647 0.05949 0.21157 0.28914 -0.59538 -0.34308 0.31344 0.19100 
0.10925 0.27236 -0.37119 0.30767 -0.88300 0.38652 -0.07297 0.13645 0.11248 0.10162 -0.07816 0.00771 
0.97487 0.79391 -0.20103 0.34694 -0.90383 0.72092 1.00000 -0.32023 -0.44080 0.21860 -0.14996 0.46898 
-0.67912 0.60045 0.66062 0.82120 0.12427 0.75714 -0.56817 -0.02286 0.43182 0.24002 -0.20843 -0.12321 
-0.93788 0.10974 0.62036 0.33672 0.67177 0.15943 -0.75701 0.21452 0.55672 -0.10568 0.05029 -0.43655 
-0.25543 -0.04966 0.07490 0.02603 0.19394 -0.09538 0.02613 -0.66914 -0.36642 -0.01209 -0.00836 0.32880 
-0.62492 0.51308 0.18940 0.43205 -0.28214 0.58045 -0.23147 -0.73110 0.03064 0.54783 -0.48740 0.46052 
-0.01466 -0.53032 -0.03963 -0.84633 0.67986 -0.65880 0.02207 -0.01421 -0.07016 0.10131 -0.06602 0.06965 
-0.14910 0.21884 0.02075 -0.10511 -0.07002 0.18778 0.03142 -0.23505 0.08554 0.32329 -0.28950 0.19569 
-0.35160 -0.27364 -0.34830 -0.79662 -0.15937 -0.19144 -0.52412 0.14331 0.42387 0.19384 -0.16150 -0.19600 
-0.12502 -0.88804 0.04013 -0.72326 0.79727 -0.86209 -0.33343 0.41008 -0.24276 0.12511 -0.06684 0.24161 
0.00975 -0.43543 -0.03798 -0.30924 0.33629 -0.41550 -0.10020 -0.27457 -0.67070 -0.32523 0.31711 0.25383 
-0.74731 -0.68034 -0.14770 0.00080 0.21018 -0.56256 -0.70805 -0.36788 -0.70741 -0.10145 0.10287 0.51436 
-0.26315 -0.03373 0.19978 0.26989 0.23871 -0.03757 -0.17441 0.19971 -0.55424 -0.35366 0.31229 0.16212 
0.18443 -0.51981 0.14767 -0.33744 0.68638 -0.61924 0.35331 -0.41071 -0.97744 -0.01813 0.04742 0.72277 
0.30010 -0.11971 -0.05663 -0.03127 0.10280 -0.23506 0.34230 0.37248 -0.08858 -0.46233 0.38207 -0.26037 
1.00000 0.07473 -0.27210 0.04499 -0.33791 -0.02248 0.80169 -0.00933 -0.46260 -1.10570 0.92205 -0.45033 
-0.15180 0.59652 0.14833 0.55739 -0.49566 0.70595 0.00105 -0.64440 0.36821 0.16840 -0.18926 -0.10929 
-0.71551 0.23102 0.24042 0.22922 -0.03932 0.39194 -0.61702 -0.47685 0.34128 0.09227 -0.11170 -0.14109 
0.30060 0.16251 -0.64504 -0.44014 -0.88549 0.16463 0.18520 -0.05604 0.66507 0.79462 -0.65225 0.02045 
-0.23609 -0.19751 -0.36531 -0.41347 -0.18178 -0.22667 -0.21286 0.03047 0.20410 0.26502 -0.20210 0.00111 
-0.10666 0.91766 0.23937 0.59632 -0.44006 0.86403 0.30011 -0.38855 0.21295 0.17943 -0.12669 -0.16528 
-1.33270 0.47654 0.25801 0.31696 -0.15470 0.63507 -0.96759 -0.71409 0.62105 0.63737 -0.52572 -0.11892 
-0.20183 0.13715 -0.11549 -0.32568 -0.00163 -0.01660 0.08756 -0.01149 0.04962 -0.34822 0.27733 -0.32612 
-0.03971 0.15247 -0.29121 -0.10321 -0.39136 0.06004 0.20798 -0.22665 0.38294 0.25886 -0.23099 -0.15704 
-0.23299 -0.12713 0.41625 0.19875 0.61667 -0.13694 -0.16823 0.10725 0.56206 0.11039 -0.10064 -0.40955 
0.13070 0.02699 0.23748 -0.10335 0.49426 -0.10646 0.27737 -0.23999 0.78443 0.22239 -0.19996 -0.50496 
-0.45771 -0.40030 -0.14458 -0.43250 0.08696 -0.27686 -0.66429 0.27989 -0.06216 -0.07841 0.06961 0.02132 
-0.05090 -0.08636 0.06432 -0.14147 0.08577 0.01840 -0.29352 0.09398 0.30918 -0.15092 0.11289 -0.30504 
-0.34050 -0.34461 0.10165 -0.27984 0.43791 -0.30819 -0.46573 0.32657 -0.45646 -0.63705 0.53893 -0.05893 
-0.27390 -1.00390 -0.54814 -1.08590 0.21302 -0.94204 -0.67525 0.64821 -0.74550 -0.41391 0.35325 0.39543 
-0.35143 0.09628 0.25055 0.21386 0.07961 0.27000 -0.62198 0.32870 0.55330 0.01997 -0.01298 -0.38608 
0.04065 0.15145 0.25239 0.46794 -0.03699 0.27588 -0.28259 0.96080 -0.58525 -1.06270 0.93014 -0.31918 
-0.13939 0.36471 0.12406 0.77089 -0.43167 0.52273 -0.31029 0.44554 -0.59009 -0.84027 0.71966 -0.07052 
0.26370 0.67900 -0.03317 0.70355 -1.04750 0.97360 -0.22612 0.48654 0.32616 0.39366 -0.28189 -0.01256 
0.49941 -0.08042 0.31429 0.11138 0.53456 -0.19192 0.60810 -0.40200 -0.06173 -0.08772 0.06843 -0.03037 
0.70053 -0.24519 0.14019 -0.01716 0.47359 -0.39034 0.70116 0.01490 -0.43974 -0.48201 0.38535 0.06284 
0.08040 -0.63074 -0.15661 -0.17755 0.31831 -0.62741 -0.15770 0.35696 0.16620 -0.20586 0.14678 -0.21326 
0.01263 0.08346 0.59626 1.00000 0.37848 0.14570 0.21710 -0.55596 0.53507 0.39757 -0.38309 -0.14064 
-0.51497 0.08682 -0.38881 -0.64284 -0.38562 0.09156 -0.49810 0.26624 -0.31386 -0.32063 0.25756 0.06992 
0.15489 0.19844 -0.14908 0.02049 -0.17036 0.04107 0.40003 -0.02503 0.66941 0.53465 -0.47574 -0.10563 
0.62466 0.04511 -0.25712 0.01744 -0.27089 -0.07860 0.57986 0.32923 0.07863 -0.02525 0.01092 -0.05776 
0.44479 -0.18489 -0.52795 -0.14426 -0.59485 -0.14581 0.15915 0.29632 0.06677 0.19593 -0.17013 0.16604 
-0.26580 0.58079 0.25470 0.37903 -0.16310 0.55455 0.21399 -0.88275 -0.72675 0.22396 -0.18088 0.71741 
-0.49008 0.57689 0.18151 0.20012 -0.19942 0.54698 0.01804 -0.79710 -1.41500 -0.02641 0.07757 1.00000 
-0.11658 -0.08140 -0.37479 0.00384 -0.53532 0.02067 -0.29141 0.15555 0.17182 0.11565 -0.10410 -0.03213 
0.21790 0.07149 0.03323 -0.11271 0.07306 0.03934 0.03227 0.55589 -0.14118 -0.29066 0.28683 -0.17400 
-0.75407 -0.83831 -0.66487 -0.96168 0.08046 -0.91636 -0.63216 0.21499 -0.20693 -0.14776 0.10993 0.10175 
-0.18840 -0.54712 -0.07080 -0.29519 0.24276 -0.42923 -0.48623 0.45015 -0.14586 0.04065 -0.04363 0.18286 
0.02088 -0.26690 -0.26369 -0.44118 0.05030 -0.37831 0.14280 0.01898 0.20045 0.04347 -0.05652 -0.12734 
-0.16820 -0.16100 0.03201 0.04024 0.13349 -0.11975 -0.29302 0.30586 -0.49597 -0.44144 0.40220 0.05019 
0.56325 0.04838 0.09084 0.21251 0.13027 -0.06741 0.57934 0.17318 0.57083 0.12186 -0.13600 -0.32648 
0.57028 -0.31981 0.26236 -0.16520 0.75822 -0.48564 0.54075 0.36154 0.31662 0.00042 -0.02337 -0.19713 
0.27076 0.45368 -0.29669 -0.21463 -0.60176 0.37774 0.36462 -0.09819 0.56136 0.39509 -0.36726 -0.11186 
-0.48175 0.34358 -0.62436 -0.75435 -0.80838 0.28018 -0.23729 -0.10163 0.88105 0.77408 -0.67198 -0.13967 
-0.44622 -0.16735 -0.33370 0.03794 -0.41659 -0.03811 -0.62625 0.33394 -0.84270 -0.15465 0.19491 0.52112 
-0.12944 -0.29235 -0.06280 -0.22818 0.17183 -0.28443 -0.17241 0.08331 -0.82028 -0.36701 0.34442 0.31492 
-0.51547 0.63185 0.26332 0.31588 -0.21086 0.68763 -0.23399 -0.54362 0.40349 0.00841 -0.04257 -0.30762 
0.24823 0.31876 -0.15940 0.13743 -0.65110 0.46319 0.14462 -0.73971 -0.37772 -0.00094 0.00173 0.27956 
-0.67868 -0.03678 -0.18601 0.13875 -0.38403 0.13080 -0.67209 -0.44093 -0.41634 -0.22718 0.21027 0.14596 
-2.03460 -0.37419 -0.03852 0.20834 0.08745 -0.20622 -1.48900 -0.96393 -0.47887 -0.63249 0.52724 -0.13956 
-0.42711 -0.45887 -0.23525 0.11849 -0.20632 -0.27183 -0.71013 0.51291 -0.60181 -0.11146 0.14929 0.35375 
-1.66700 -1.00490 -0.08999 -0.54556 0.63478 -0.84512 -1.65100 0.43848 -0.15217 0.08064 -0.03224 0.14178 
0.28511 0.33513 -0.06352 -0.30297 -0.08558 0.21858 0.28942 0.02513 0.39539 0.22997 -0.16726 -0.23671 
0.49777 -0.18688 0.17420 -0.26179 0.56263 -0.32682 0.58529 -0.46772 -0.15347 0.16883 -0.12842 0.21727 
-0.28839 0.15463 0.73964 0.23138 0.91331 0.08310 -0.09393 0.26179 0.16296 0.38338 -0.27291 0.06060 
-0.39808 0.16055 1.00000 0.63696 0.96583 0.27422 -0.42293 0.13190 0.34348 0.05581 -0.05000 -0.19122 
0.45178 0.34555 -0.19567 0.19613 -0.56848 0.30438 0.45634 0.24498 0.93069 1.00000 -0.88277 0.01924 
0.70490 -0.53060 -0.08400 -0.36863 0.49063 -0.67493 0.63424 -0.16896 0.12623 0.22158 -0.21397 0.09272 
0.05793 -0.23926 0.10415 -0.01896 0.43645 -0.35041 0.27003 -0.30977 0.46696 0.67257 -0.62995 0.25866 
-1.04400 0.11272 0.07168 0.35082 -0.09963 0.17511 -0.59954 -0.67152 0.03445 0.21535 -0.21476 0.20977 
0.11190 1.00000 -0.24805 0.10381 -1.07770 0.97900 0.27342 -0.01290 -1.86370 -0.73233 0.70367 0.85593 
0.40160 0.52067 -0.34313 0.12909 -0.94336 0.59776 0.18809 -0.07978 -0.74971 -1.21200 1.00000 -0.25355 
0.57652 -0.68972 0.00136 -0.31086 0.69010 -0.85270 0.66062 -0.41720 -0.25476 -0.23427 0.21321 -0.06953 
-0.82742 -0.23351 -0.15420 -0.27695 -0.09226 -0.06638 -0.83600 -0.51125 0.30271 0.19194 -0.17069 -0.08350 
0.05756 0.06647 0.50308 0.32187 0.56045 0.02060 0.22145 -0.15223 -0.66410 -0.05370 0.06220 0.44576 
-0.10741 -0.24216 0.01882 0.16483 0.14992 -0.23266 -0.12474 0.27887 -0.27168 0.03666 -0.00596 0.21210 
-0.08640 -0.11448 -0.16124 -0.55804 0.12671 -0.19442 -0.02364 -0.12907 -0.20910 0.08185 -0.03347 0.17802 
-0.32234 0.18220 0.07490 -0.12816 0.09187 0.12344 -0.15783 0.16143 0.22004 0.07262 -0.05116 -0.13181 
-0.05570 -0.25408 0.00357 -0.20441 0.11858 -0.17060 -0.16074 -0.10790 0.49943 0.39723 -0.37436 -0.03570 
-0.02585 -0.04007 -0.24034 -0.46370 -0.10137 -0.09643 0.00588 -0.10258 -0.02474 -0.17682 0.14438 -0.09200 
0.41106 0.43924 0.34835 0.53838 -0.03850 0.41615 0.56955 -0.21830 -0.28671 -0.11472 0.08081 0.17301 
0.45926 -0.59109 0.25277 -0.26535 1.00000 -0.76061 0.55313 -0.40006 -0.85360 -0.23317 0.22709 0.46238 
0.11357 -0.05115 0.70610 0.74130 0.70137 0.03243 0.00431 0.05638 0.26248 0.49233 -0.40977 0.14655 
-0.39085 0.35579 -0.18178 -0.02786 -0.48236 0.38834 -0.35438 0.17493 0.66536 0.23541 -0.20351 -0.34618 
0.58217 -0.04501 -0.19187 -0.01280 -0.37745 0.04240 0.29406 0.01701 0.28906 0.49668 -0.43783 0.16517 
0.17593 0.01015 -0.13077 0.02662 -0.19456 -0.00508 0.12866 0.24519 0.05416 -0.01469 0.04694 -0.14263 
0.11357 -0.05115 0.70610 0.74130 0.70137 0.03243 0.00431 0.05638 0.26248 0.49233 -0.40977 0.14655 
-0.39085 0.35579 -0.18178 -0.02786 -0.48236 0.38834 -0.35438 0.17493 0.66536 0.23541 -0.20351 -0.34618 
0.58217 -0.04501 -0.19187 -0.01280 -0.37745 0.04240 0.29406 0.01701 0.28906 0.49668 -0.43783 0.16517 
0.17593 0.01015 -0.13077 0.02662 -0.19456 -0.00508 0.12866 0.24519 0.05416 -0.01469 0.04694 -0.14263 
0.39161 -0.12657 0.16642 0.28396 0.12976 -0.05880 0.08625 0.49740 -0.17728 -0.40972 0.33043 -0.07800 
0.72065 0.30374 -0.12744 0.07015 -0.38114 0.21582 0.78517 -0.12819 0.24596 0.26766 -0.26945 0.05947 
-0.46684 -0.06203 -0.36059 -0.26270 -0.40150 0.00360 -0.40920 -0.39695 -0.27627 0.07415 -0.04759 0.24501 
-0.11460 0.44046 -0.13706 0.17796 -0.62787 0.50379 -0.03787 -0.14075 0.22533 0.00170 -0.02251 -0.17527 
0.32976 -0.11225 0.07550 0.54228 0.02191 -0.08660 0.18127 0.28386 -0.36513 0.12564 -0.09006 0.42493 
0.00042 -0.35998 0.07015 0.37666 0.19483 -0.32573 -0.03490 0.16753 -0.01609 -0.02391 0.02383 -0.03042 
-0.45771 -0.24003 -0.33706 -0.31257 -0.32192 -0.10749 -0.61389 0.06746 -0.79716 -0.88370 0.74126 0.02124 
-0.20960 0.09796 -0.29864 -0.00131 -0.47853 0.10043 -0.11274 0.04792 -0.40933 -0.75552 0.61391 -0.19902 
0.73128 0.47436 0.16796 -0.00652 -0.03215 0.39054 0.66198 -0.09716 -0.03163 0.22667 -0.18468 0.19471 
-0.17167 0.35106 0.11158 0.36079 -0.20705 0.36392 -0.09892 0.35445 0.23747 0.08980 -0.06609 -0.15584 
0.28966 -0.01567 -0.74666 -0.23195 -0.99114 0.01986 0.23696 -0.46558 0.23058 0.39835 -0.35891 0.13632 
0.73630 -0.33960 -0.21098 0.04896 -0.05671 -0.38819 0.59417 -0.05875 -0.14397 -0.21605 0.18223 -0.08662 
-0.44460 -0.78779 0.00954 -0.52695 0.66358 -0.74537 -0.48479 -0.07523 -0.45825 -0.36456 0.28376 0.17250 
-0.30140 -0.13387 -0.29681 -0.52241 -0.05815 -0.26256 0.04118 -0.20758 0.20368 0.21374 -0.20313 -0.01876 
-0.02898 0.14378 0.50590 0.63189 0.42136 0.16252 -0.00334 -0.11127 0.21570 -0.38415 0.29728 -0.46885 
0.12536 -0.10587 0.29720 0.18969 0.38521 -0.07545 0.10535 -0.37423 -0.38113 -0.44376 0.37552 -0.06738 
0.11676 0.73167 0.36396 0.44228 -0.19801 0.75373 0.46036 -0.14066 0.82845 0.87067 -0.51934 0.03918 
0.00304 -0.10676 -0.32792 -0.31560 -0.16313 -0.18827 0.05692 0.12192 -0.88249 -0.10043 0.12099 0.64187 
-0.51391 0.00378 0.11661 0.03963 0.09645 0.07303 -0.60050 0.19541 1.00000 0.24870 -0.16746 -0.85327 
-0.06862 0.00320 0.34194 0.29640 0.37400 0.01836 -0.26298 0.46411 -0.96973 -1.60440 1.00000 -1.08700 
0.01231 -0.54566 -0.49867 0.15349 -0.34907 -0.44197 -0.46291 0.17335 -0.34252 -0.01814 0.01439 0.43111 
-0.65123 -0.23004 0.21374 1.00000 -0.04921 -0.00361 -0.81967 -0.11053 -0.73427 -0.05746 0.05164 0.84811 
-0.31338 -0.00366 0.08575 0.07174 0.04658 0.04056 -0.34241 0.17207 -0.11802 -0.39248 0.23859 -0.40819 
0.30402 -0.26957 -0.09842 -0.26427 0.46769 -0.61393 1.00000 -1.02360 0.04400 0.34630 -0.21413 0.19581 
0.26488 -0.23324 -0.21927 -0.44701 0.08007 -0.31416 0.12115 0.31902 0.34130 -0.02359 0.00878 -0.47206 
-0.19505 0.37878 -0.09464 0.12086 -0.44253 0.40391 0.11906 -0.24731 0.67528 1.00000 -0.61569 0.56112 
0.10995 0.04340 -0.40768 -0.47930 -0.30018 -0.05207 0.31102 -0.53557 -0.30260 -0.39181 0.25246 -0.36604 
-0.06862 0.00320 0.34194 0.29640 0.37400 0.01836 -0.26298 0.46411 -0.96973 -1.60440 1.00000 -1.08700 
0.10995 0.04340 -0.40768 -0.47930 -0.30018 -0.05207 0.31102 -0.53557 -0.30260 -0.39181 0.25246 -0.36604 
-0.63826 0.37730 -0.69633 -0.50711 -0.97455 0.36149 -0.24680 -0.14536 -0.31535 -0.14771 0.09948 0.02809 
0.54350 0.39541 0.04823 -0.16127 -0.28744 0.48850 0.18915 0.60290 0.49797 -0.19786 0.11255 -0.80969 
-0.14648 -0.10456 0.27055 0.42322 0.21375 -0.05318 -0.07858 -0.27821 0.24185 0.19105 -0.12715 -0.10189 
0.54404 0.20994 0.32438 -0.13544 0.37796 0.08031 0.77345 -0.22166 0.23410 0.37484 -0.22136 0.13107 
-0.49114 0.14523 -0.26203 0.15395 -0.58218 0.29170 -0.51303 -0.12608 0.09931 0.09003 -0.05394 -0.03150 
-0.29303 -0.24366 0.09581 -0.04525 0.33797 -0.25192 -0.31867 -0.17917 0.18252 0.11011 -0.08804 0.00317 
0.45717 -0.08491 0.26939 -0.23486 0.55998 -0.23241 0.60834 -0.21876 0.50563 0.28007 -0.18974 -0.19785 
0.22144 -0.89672 -0.03036 -0.74810 0.93100 -1.07290 0.10905 -0.33381 0.33864 0.99008 -0.60651 1.00000 
-0.55005 0.27629 -0.27324 0.11319 -0.77698 0.52266 -0.85062 0.44004 0.20391 -0.01446 0.00227 -0.10048 
-0.78399 0.25460 -0.70099 -0.29917 -0.85833 0.21050 -0.53005 0.51855 -0.30319 0.02002 -0.02091 0.66394 
0.29877 -0.17962 0.03286 -0.89901 0.54030 -0.36184 0.17790 0.71325 -0.09815 -0.41113 0.24683 -0.38916 
-0.37812 -0.52287 0.21541 -0.24359 0.63784 -0.49221 -0.50693 -0.25811 -0.32899 -0.03912 0.00759 0.47603 
0.37913 -0.04656 -0.12336 -0.06396 -0.10983 -0.04582 0.12380 0.49624 -0.64157 -0.24229 0.17369 0.49063 
