0 130
0 54
0 42
0 102
0 181
0 159
0 2
0 10
0 165
0 167
0 82
0 171
0 173
0 179
0 157
0 98
0 94
0 30
0 58
0 38
0 146
0 50
0 62
0 122
0 14
0 106
0 142
0 6
0 18
0 90
0 114
0 161
0 74
0 86
0 177
0 22
0 110
0 138
0 66
0 34
0 118
0 26
0 134
0 126
0 175
0 150
1 77
1 124
1 63
1 117
1 20
1 16
1 107
1 115
1 25
1 67
1 7
1 101
1 105
1 148
1 0
1 45
1 132
1 125
1 152
1 147
1 136
1 1
1 103
1 111
1 140
1 95
1 79
1 172
1 116
1 145
1 84
1 80
1 127
1 17
1 3
1 71
1 180
1 36
1 108
1 87
1 72
1 149
1 68
1 133
1 5
1 28
1 109
1 100
1 44
1 43
1 40
1 166
1 93
1 164
1 123
1 85
1 96
1 158
1 176
1 69
1 12
1 112
1 174
1 51
1 129
1 32
1 57
1 61
1 47
1 60
1 4
1 53
1 88
1 113
1 52
1 56
1 156
1 135
1 9
1 55
1 97
1 168
1 92
1 39
1 128
1 151
1 24
1 59
1 89
1 162
1 35
1 41
1 13
1 141
1 170
1 76
1 11
1 21
1 137
1 73
1 37
1 131
1 153
1 49
1 29
1 19
1 64
1 23
1 99
1 120
1 139
1 104
1 160
1 83
1 155
1 143
1 119
