1 0
1 1
0 2
1 3
1 4
1 5
0 6
1 7
1 8
1 9
0 10
1 11
1 12
1 13
0 14
1 15
1 16
1 17
0 18
1 19
1 20
1 21
0 22
1 23
1 24
1 25
0 26
1 27
1 28
1 29
0 30
1 31
1 32
1 33
0 34
1 35
1 36
1 37
0 38
1 39
1 40
1 41
0 42
1 43
1 44
1 45
0 46
1 47
1 48
1 49
0 50
1 51
1 52
1 53
0 54
1 55
1 56
1 57
0 58
1 59
1 60
1 61
0 62
1 63
1 64
1 65
0 66
1 67
1 68
1 69
0 70
1 71
1 72
1 73
0 74
1 75
1 76
1 77
0 78
1 79
1 80
1 81
0 82
1 83
1 84
1 85
0 86
1 87
1 88
1 89
0 90
1 91
1 92
1 93
0 94
1 95
1 96
1 97
0 98
1 99
1 100
1 101
0 102
1 103
1 104
1 105
0 106
1 107
1 108
1 109
0 110
1 111
1 112
1 113
0 114
1 115
1 116
1 117
0 118
1 119
1 120
1 121
0 122
1 123
1 124
1 125
0 126
1 127
1 128
1 129
0 130
1 131
1 132
1 133
0 134
1 135
1 136
1 137
0 138
1 139
1 140
1 141
0 142
1 143
1 144
1 145
0 146
1 147
1 148
1 149
0 150
1 151
1 152
1 153
0 154
1 155
1 156
0 157
1 158
0 159
1 160
0 161
1 162
0 163
1 164
0 165
1 166
0 167
1 168
0 169
1 170
0 171
1 172
0 173
1 174
0 175
1 176
0 177
1 178
0 179
1 180
0 181
