0 663
0 630
0 625
0 1257
0 1465
0 1271
0 411
0 1156
0 387
0 408
0 1261
0 670
0 1252
0 309
0 895
0 677
0 1254
0 636
0 680
0 1471
0 1472
0 653
0 648
0 395
0 397
0 629
0 1363
0 608
0 1468
0 389
0 1259
0 303
0 404
0 618
0 668
0 899
0 897
0 1160
0 642
0 1253
0 674
0 901
0 1270
0 1673
0 647
0 675
0 407
0 388
0 655
0 646
0 643
0 619
0 1153
0 1258
0 1475
0 621
0 1669
0 1358
0 1364
0 657
0 400
0 390
0 649
0 672
0 1262
0 645
0 634
0 1474
0 398
0 659
0 406
0 399
0 396
0 1476
0 1668
0 1359
0 671
0 305
0 637
0 614
0 624
0 386
0 622
0 628
0 410
0 1148
0 1159
0 644
0 610
0 392
0 1477
0 1146
0 1360
0 1361
0 902
0 1145
0 1470
0 612
0 403
0 667
0 393
0 1671
0 635
0 1157
0 1466
0 1464
0 1251
0 894
0 313
0 1147
0 402
0 1463
0 661
0 664
0 405
0 615
0 641
0 633
0 666
0 651
0 1462
0 308
0 1155
0 640
0 1357
0 616
0 626
0 1268
0 650
0 898
0 1667
0 306
0 311
0 662
0 1467
0 1158
0 1161
0 639
0 1670
0 638
0 676
0 656
0 679
0 1265
0 900
0 620
0 312
0 1269
0 1267
0 1256
0 613
0 304
0 1260
0 609
0 673
0 385
0 627
0 678
0 611
0 1151
0 401
0 631
0 1362
0 896
0 1149
0 1264
0 1473
0 409
0 1152
0 1154
0 669
1 757
1 1090
1 156
1 1273
1 358
1 383
1 1439
1 184
1 1107
1 155
1 1715
1 1015
1 536
1 926
1 329
1 1610
1 379
1 345
1 1189
1 167
1 993
1 1106
1 257
1 1548
1 1012
1 940
1 1206
1 227
1 694
1 267
1 1231
1 559
1 418
1 593
1 1085
1 1286
1 816
1 904
1 1045
1 1653
1 1250
1 157
1 835
1 1504
1 6
1 13
1 1205
1 1506
1 775
1 1721
1 1307
1 433
1 1331
1 1625
1 126
1 3
1 1628
1 732
1 1124
1 1567
1 1109
1 1368
1 850
1 205
1 31
1 1612
1 1011
1 145
1 41
1 1701
1 59
1 688
1 213
1 1561
1 1123
1 1681
1 1008
1 340
1 834
1 102
1 790
1 33
1 115
1 1664
1 342
1 812
1 1627
1 1380
1 86
1 1051
1 1702
1 1697
1 1580
1 1180
1 1193
1 947
1 1054
1 803
1 181
1 1182
1 996
1 449
1 877
1 731
1 1355
1 1487
1 495
1 605
1 962
1 373
1 1456
1 190
1 25
1 1594
1 1283
1 531
1 1537
1 246
1 1228
1 931
1 422
1 1518
1 1351
1 1683
1 858
1 568
1 1384
1 1069
1 362
1 966
1 360
1 1094
1 1437
1 945
1 1737
1 1079
1 893
1 1108
1 1430
1 262
1 48
1 811
1 66
1 1305
1 920
1 995
1 335
1 1276
1 874
1 423
1 785
1 1325
1 1136
1 825
1 1453
1 1399
1 338
1 976
1 1048
1 1138
1 836
1 965
1 19
1 1383
1 183
1 1624
1 1077
1 960
1 1559
1 861
1 1246
1 987
1 96
1 1234
1 1551
1 509
1 494
1 1275
1 815
1 334
1 461
1 1516
1 503
1 1684
1 140
1 1637
1 1009
1 781
1 871
1 1663
1 464
1 542
1 1344
1 1221
1 24
1 735
1 194
1 83
1 972
1 1735
1 600
1 1281
1 147
1 1352
1 328
1 1183
1 575
1 724
1 1590
1 961
1 1184
1 1441
1 684
1 258
1 146
1 135
1 330
1 1696
1 1328
1 769
1 944
1 1389
1 420
1 21
1 1734
1 1293
1 1110
1 195
1 1481
1 1343
1 1140
1 973
1 534
1 764
1 61
1 1616
1 1419
1 452
1 810
1 12
1 166
1 999
1 11
1 1540
1 206
1 498
1 1243
1 695
1 210
1 1390
1 685
1 721
1 1052
1 845
1 1350
1 159
1 526
1 1459
1 1164
1 549
1 248
1 1643
1 374
1 595
1 148
1 44
1 1014
1 82
1 1348
1 956
1 710
1 783
1 351
1 1614
1 1582
1 1408
1 249
1 1499
1 1519
1 1241
1 839
1 1188
1 71
1 97
1 1302
1 1102
1 1093
1 40
1 137
1 1285
1 1033
1 270
1 163
1 523
1 590
1 439
1 290
1 1010
1 256
1 1
1 1167
1 1031
1 1500
1 1636
1 1443
1 222
1 580
1 1001
1 1560
1 185
1 984
1 196
1 1053
1 777
1 1313
1 426
1 1451
1 490
1 720
1 727
1 750
1 512
1 1175
1 1013
1 317
1 477
1 501
1 941
1 1609
1 797
1 930
1 772
1 491
1 1461
1 441
1 1599
1 817
1 226
1 17
1 427
1 218
1 551
1 143
1 888
1 838
1 774
1 1385
1 1576
1 484
1 355
1 582
1 991
1 912
1 758
1 554
1 100
1 1509
1 324
1 530
1 1698
1 443
1 327
1 1278
1 1314
1 863
1 560
1 1482
1 1020
1 799
1 1323
1 1173
1 957
1 807
1 476
1 177
1 922
1 1220
1 992
1 856
1 1103
1 692
1 832
1 581
1 445
1 1633
1 10
1 787
1 589
1 81
1 430
1 714
1 543
1 814
1 1030
1 778
1 168
1 540
1 295
1 371
1 1378
1 296
1 132
1 363
1 1062
1 186
1 1337
1 873
1 1679
1 1133
1 1642
1 733
1 730
1 801
1 1623
1 189
1 1431
1 220
1 1586
1 1720
1 1126
1 1172
1 1674
1 909
1 1650
1 78
1 585
1 804
1 1101
1 1024
1 1404
1 1055
1 597
1 1495
1 428
1 1729
1 34
1 788
1 1491
1 1728
1 1403
1 1546
1 539
1 1722
1 239
1 574
1 158
1 1006
1 726
1 1176
1 315
1 1115
1 321
1 343
1 586
1 564
1 497
1 818
1 1038
1 693
1 1042
1 696
1 514
1 755
1 372
1 1046
1 75
1 682
1 1279
1 316
1 1655
1 794
1 1741
1 1436
1 867
1 916
1 174
1 91
1 711
1 421
1 64
1 808
1 852
1 1376
1 1317
1 46
1 499
1 1083
1 745
1 601
1 1377
1 556
1 301
1 113
1 1733
1 1034
1 1689
1 326
1 915
1 480
1 932
1 975
1 468
1 907
1 69
1 1304
1 1718
1 855
1 1417
1 104
1 500
1 293
1 738
1 224
1 740
1 378
1 35
1 1027
1 1342
1 880
1 736
1 489
1 250
1 1483
1 216
1 1037
1 138
1 925
1 1704
1 1072
1 1298
1 588
1 1656
1 868
1 153
1 368
1 457
1 471
1 1719
1 283
1 1611
1 274
1 1438
1 708
1 1723
1 269
1 142
1 860
1 728
1 968
1 299
1 1587
1 1555
1 1238
1 1041
1 697
1 435
1 331
1 204
1 510
1 990
1 37
1 384
1 1402
1 1703
1 948
1 1242
1 566
1 1407
1 876
1 1736
1 587
1 1503
1 1409
1 577
1 939
1 911
1 921
1 1520
1 1415
1 592
1 1119
1 238
1 908
1 1665
1 717
1 1369
1 129
1 242
1 284
1 120
1 936
1 1527
1 1204
1 986
1 1165
1 1237
1 792
1 598
1 453
1 1423
1 1386
1 1690
1 1457
1 247
1 1434
1 734
1 1740
1 1630
1 722
1 448
1 276
1 828
1 1579
1 1135
1 56
1 474
1 1677
1 229
1 1654
1 1341
1 558
1 1056
1 776
1 473
1 700
1 784
1 243
1 253
1 165
1 49
1 1066
1 281
1 822
1 1738
1 1143
1 881
1 749
1 203
1 375
1 844
1 1494
1 1074
1 265
1 1339
1 278
1 1311
1 1531
1 1660
1 1515
1 887
1 829
1 251
1 1245
1 689
1 1578
1 76
1 233
1 429
1 1040
1 53
1 1713
1 1374
1 493
1 502
1 1181
1 462
1 1191
1 289
1 782
1 136
1 121
1 1433
1 1099
1 524
1 27
1 43
1 485
1 1224
1 599
1 1247
1 1287
1 1501
1 878
1 478
1 350
1 1705
1 1526
1 1289
1 959
1 584
1 1410
1 813
1 160
1 459
1 1334
1 292
1 1450
1 1391
1 1513
1 1244
1 1714
1 713
1 202
1 32
1 1303
1 456
1 683
1 1190
1 1552
1 1022
1 771
1 1659
1 970
1 314
1 221
1 1731
1 913
1 287
1 704
1 447
1 106
1 488
1 547
1 565
1 1706
1 1532
1 114
1 356
1 969
1 252
1 1615
1 1502
1 486
1 1676
1 1710
1 1613
1 1554
1 1488
1 1626
1 1219
1 465
1 1528
1 1598
1 918
1 1016
1 1730
1 110
1 983
1 1063
1 977
1 699
1 68
1 95
1 1100
1 569
1 5
1 1563
1 701
1 1070
1 482
1 789
1 187
1 291
1 434
1 1201
1 967
1 537
1 151
1 1207
1 377
1 1035
1 467
1 742
1 244
1 288
1 1489
1 1691
1 1299
1 1047
1 1558
1 412
1 1116
1 891
1 1208
1 988
1 1073
1 294
1 300
1 346
1 1458
1 1595
1 712
1 9
1 1373
1 1353
1 23
1 211
1 425
1 1569
1 319
1 857
1 279
1 1178
1 1600
1 1272
1 929
1 998
1 492
1 853
1 511
1 415
1 1651
1 236
1 548
1 130
1 1644
1 1517
1 1726
1 759
1 1185
1 275
1 460
1 979
1 515
1 4
1 1605
1 180
1 232
1 349
1 1593
1 42
1 1426
1 793
1 1577
1 14
1 164
1 843
1 802
1 827
1 964
1 978
1 1171
1 791
1 172
1 1640
1 1194
1 800
1 1354
1 440
1 1211
1 1209
1 94
1 1452
1 1394
1 1240
1 1336
1 1197
1 286
1 1699
1 1401
1 576
1 1127
1 1097
1 882
1 529
1 773
1 1111
1 842
1 780
1 475
1 1666
1 352
1 1043
1 1021
1 1089
1 1064
1 1118
1 105
1 171
1 1347
1 840
1 1543
1 1525
1 1602
1 603
1 481
1 525
1 1316
1 1574
1 98
1 84
1 1382
1 1340
1 1080
1 240
1 1274
1 1497
1 1345
1 272
1 1596
1 942
1 1170
1 1523
1 198
1 266
1 1634
1 1568
1 1375
1 1538
1 1166
1 841
1 1004
1 1060
1 1117
1 1446
1 1686
1 1541
1 821
1 1282
1 765
1 552
1 353
1 1508
1 1082
1 795
1 1078
1 208
1 1288
1 214
1 1280
1 1536
1 1200
1 63
1 1084
1 1498
1 779
1 162
1 219
1 323
1 1142
1 535
1 1248
1 1533
1 823
1 192
1 1215
1 103
1 417
1 923
1 928
1 748
1 1370
1 1032
1 687
1 1105
1 1122
1 1346
1 1196
1 594
1 570
1 1584
1 1372
1 553
1 927
1 1649
1 572
1 1029
1 591
1 370
1 1098
1 191
1 1556
1 768
1 1592
1 1608
1 178
1 1621
1 865
1 437
1 1026
1 1132
1 57
1 1647
1 260
1 974
1 366
1 1057
1 318
1 1662
1 199
1 1416
1 747
1 859
1 1217
1 846
1 1213
1 55
1 1075
1 237
1 1638
1 364
1 1295
1 517
1 1232
1 188
1 1296
1 131
1 438
1 1490
1 1566
1 949
1 1174
1 254
1 1658
1 739
1 1003
1 1300
1 109
1 483
1 1478
1 8
1 1682
1 127
1 1000
1 1371
1 889
1 1648
1 555
1 1412
1 442
1 431
1 234
1 1239
1 866
1 1725
1 607
1 463
1 1406
1 347
1 1308
1 756
1 141
1 1581
1 264
1 1329
1 1680
1 107
1 193
1 521
1 1086
1 1524
1 1687
1 173
1 209
1 161
1 963
1 1396
1 1544
1 762
1 458
1 767
1 77
1 884
1 1202
1 1199
1 22
1 1479
1 1732
1 561
1 80
1 1235
1 90
1 952
1 1162
1 1113
1 382
1 596
1 1485
1 1652
1 602
1 1210
1 1550
1 88
1 1168
1 971
1 946
1 583
1 1496
1 528
1 1120
1 1521
1 1230
1 1711
1 870
1 72
1 1061
1 890
1 883
1 1629
1 133
1 1318
1 225
1 1065
1 1510
1 111
1 263
1 1096
1 751
1 70
1 228
1 451
1 954
1 1393
1 38
1 1163
1 527
1 1507
1 1356
1 122
1 1707
1 533
1 1435
1 1091
1 39
1 1028
1 1589
1 271
1 1309
1 550
1 1448
1 369
1 1225
1 1087
1 562
1 933
1 1454
1 1695
1 1233
1 1571
1 1442
1 1712
1 1535
1 255
1 1603
1 707
1 1685
1 753
1 469
1 571
1 1631
1 847
1 1693
1 1365
1 1227
1 1218
1 1639
1 154
1 1480
1 830
1 235
1 259
1 15
1 367
1 1025
1 365
1 1306
1 1553
1 93
1 875
1 54
1 1186
1 455
1 1646
1 176
1 1039
1 29
1 1570
1 1449
1 359
1 73
1 297
1 1573
1 1381
1 1095
1 1620
1 1297
1 215
1 698
1 150
1 36
1 1223
1 1486
1 85
1 737
1 702
1 30
1 506
1 809
1 518
1 1379
1 1128
1 1688
1 1229
1 578
1 1324
1 1049
1 322
1 994
1 1709
1 886
1 89
1 541
1 910
1 1591
1 1226
1 1330
1 532
1 175
1 705
1 504
1 837
1 60
1 1114
1 937
1 1002
1 341
1 507
1 746
1 604
1 1432
1 579
1 67
1 1420
1 725
1 546
1 1319
1 981
1 906
1 1203
1 1717
1 1622
1 1301
1 1539
1 47
1 752
1 1418
1 1588
1 1292
1 760
1 1320
1 729
1 1427
1 101
1 302
1 52
1 357
1 879
1 1565
1 1547
1 470
1 1411
1 723
1 681
1 432
1 741
1 207
1 606
1 149
1 690
1 1675
1 1583
1 1607
1 466
1 544
1 934
1 479
1 1104
1 1387
1 573
1 123
1 79
1 1678
1 1198
1 344
1 144
1 1493
1 231
1 230
1 1332
1 824
1 348
1 854
1 917
1 719
1 119
1 1321
1 380
1 1212
1 950
1 1505
1 770
1 1081
1 1177
1 958
1 1058
1 982
1 997
1 320
1 282
1 1179
1 332
1 538
1 444
1 1512
1 277
1 826
1 1422
1 985
1 1322
1 182
1 1400
1 200
1 798
1 414
1 1619
1 1125
1 1429
1 361
1 1641
1 1460
1 112
1 381
1 1327
1 869
1 1455
1 1742
1 754
1 50
1 1017
1 1236
1 715
1 761
1 1139
1 1601
1 519
1 1036
1 28
1 1129
1 522
1 179
1 1421
1 436
1 833
1 1557
1 1727
1 508
1 139
1 1214
1 1606
1 1694
1 118
1 201
1 686
1 217
1 1444
1 1632
1 1398
1 58
1 20
1 170
1 298
1 1059
1 703
1 1294
1 1388
1 820
1 0
1 864
1 1112
1 117
1 1326
1 1067
1 989
1 567
1 1445
1 268
1 849
1 905
1 1367
1 1661
1 1076
1 943
1 169
1 124
1 862
1 1511
