0 376
0 252
0 802
0 247
0 489
0 1090
0 664
0 1086
0 250
0 1013
0 830
0 405
0 615
0 75
0 104
0 1008
0 214
0 1102
0 248
0 1006
0 2
0 1021
0 1055
0 916
0 995
0 218
0 425
0 193
0 547
0 582
0 841
0 114
0 589
0 463
0 517
0 404
0 9
0 711
0 794
0 585
0 152
0 927
0 1001
0 487
0 1016
0 32
0 302
0 378
0 577
0 950
0 160
0 872
0 1053
0 409
0 738
0 820
0 964
0 265
0 899
0 971
0 1039
0 452
0 795
0 791
0 852
0 746
0 1098
0 224
0 1103
0 843
0 451
0 96
0 597
0 542
0 529
0 14
0 273
0 1145
0 1095
0 556
0 1084
0 238
0 1046
0 884
0 768
0 776
0 1093
0 842
0 267
0 1024
0 786
0 970
0 1051
0 334
0 292
0 499
0 545
0 600
0 200
0 19
0 68
0 604
0 1019
0 298
0 110
0 462
0 1146
0 922
0 580
0 1045
0 708
0 245
0 143
0 232
0 745
0 125
0 1121
0 633
0 690
0 847
0 934
0 280
0 836
0 284
0 570
0 503
0 1087
0 961
0 296
0 838
0 167
0 1027
0 467
0 800
0 304
0 421
0 948
0 621
0 1125
0 435
0 754
0 486
0 229
0 22
0 882
0 130
0 199
0 460
0 261
0 34
0 938
0 490
0 283
0 369
0 759
0 775
0 675
0 716
0 76
0 137
0 1048
0 472
0 980
0 370
0 77
0 1002
0 295
0 29
0 579
0 990
0 244
0 6
0 208
0 534
0 159
0 230
0 25
0 822
0 611
0 1080
0 355
0 1063
0 439
0 907
0 350
0 881
0 910
0 558
0 846
0 956
0 138
0 173
0 812
0 291
0 308
0 1117
0 221
0 736
0 748
0 454
0 1110
0 240
0 524
0 694
0 1044
0 94
0 325
0 97
0 444
0 381
0 602
0 1101
0 1049
0 330
0 923
0 51
0 1056
0 326
0 871
0 723
0 750
0 777
0 930
0 908
0 162
0 13
0 684
0 890
0 734
0 513
0 122
0 62
0 835
0 947
0 399
0 271
0 687
0 373
0 635
0 259
0 217
0 502
0 972
0 1122
0 456
0 52
0 713
0 555
0 424
0 568
0 731
0 715
0 150
0 115
0 124
0 601
0 446
0 697
0 305
0 1077
0 643
0 850
0 641
0 598
0 197
0 953
0 646
0 16
0 612
0 793
0 610
0 92
0 717
0 760
0 1094
0 770
0 656
0 617
0 324
0 591
0 182
0 1091
0 676
0 1069
0 382
0 616
0 347
0 1081
0 665
0 46
0 1088
0 1062
0 1064
0 191
0 959
0 157
0 704
0 1015
0 186
0 457
0 219
0 285
0 511
0 634
0 266
0 642
0 169
0 1030
0 256
0 1082
0 757
0 742
0 607
0 666
0 509
0 1089
0 72
0 438
0 672
0 1018
0 532
0 829
0 362
0 372
0 481
0 209
0 387
0 692
0 234
0 735
0 1072
0 1119
0 70
0 581
0 1028
0 343
0 213
0 866
0 623
0 1043
0 176
0 111
0 417
0 327
0 816
0 385
0 319
0 998
0 903
0 328
0 640
0 1134
0 151
0 967
0 613
0 400
0 1037
0 660
0 1067
0 710
0 56
0 48
0 118
0 329
0 411
0 1020
0 693
0 180
0 377
0 335
0 564
0 721
0 1041
0 65
0 993
0 0
0 464
0 145
0 135
0 914
0 1011
0 461
0 766
0 865
0 796
0 27
0 1035
0 458
0 965
0 468
0 919
0 89
0 671
0 60
0 576
0 873
0 828
0 1097
0 639
0 583
0 680
0 443
0 364
0 625
0 933
0 562
0 459
0 751
0 482
0 784
0 171
0 406
0 49
0 80
0 985
0 1017
0 272
0 102
0 1104
0 987
0 1141
0 206
0 264
0 549
0 1100
0 166
0 392
0 116
0 216
0 740
0 753
0 860
0 106
0 599
0 554
0 958
0 142
0 918
0 494
0 141
0 205
0 17
0 952
0 263
0 631
0 578
0 821
0 1147
0 514
0 851
0 227
0 337
0 1038
0 818
0 946
0 239
0 294
0 479
0 1149
0 658
0 943
0 875
0 1115
0 827
0 765
0 307
0 837
0 257
0 1143
0 42
0 357
0 530
0 557
0 889
0 346
0 924
0 700
0 426
0 10
0 764
0 743
0 637
0 358
0 622
0 861
1 442
1 969
1 940
1 913
1 1029
1 689
1 661
1 105
1 1058
1 1005
1 608
1 1140
1 281
1 299
1 433
1 507
1 1079
1 510
1 344
1 501
1 559
1 50
1 24
1 566
1 187
1 648
1 937
1 678
1 429
1 450
1 978
1 278
1 677
1 696
1 393
1 526
1 722
1 719
1 726
1 630
1 93
1 108
1 293
1 863
1 83
1 447
1 702
1 172
1 367
1 856
1 1061
1 430
1 531
1 644
1 506
1 845
1 761
1 332
1 854
1 1040
1 179
1 112
1 1096
1 231
1 81
1 419
1 44
1 127
1 1050
1 71
1 712
1 30
1 1057
1 586
1 806
1 1128
1 279
1 720
1 603
1 695
1 931
1 783
1 8
1 20
1 414
1 1070
1 55
1 1059
1 73
1 359
1 638
1 353
1 386
1 483
1 317
1 988
1 366
1 685
1 360
1 1000
1 413
1 449
1 207
1 701
1 1023
1 131
1 868
1 161
1 237
1 275
1 747
1 128
1 313
1 396
1 1009
1 992
1 87
1 893
1 1026
1 521
1 609
1 1111
1 857
1 427
1 955
1 1
1 647
1 823
1 236
1 82
1 706
1 1129
1 705
1 408
1 121
1 15
1 879
1 497
1 573
1 1136
1 365
1 241
1 749
1 7
1 593
1 133
1 929
1 898
1 397
1 61
1 844
1 403
1 3
1 1112
1 807
1 333
1 512
1 944
1 402
1 90
1 1126
1 996
1 154
1 103
1 1133
1 478
1 155
1 146
1 1130
1 1142
1 707
1 255
1 1047
1 31
1 88
1 198
1 891
1 896
1 57
1 289
1 331
1 686
1 85
1 226
1 11
1 153
1 474
1 453
1 99
1 973
1 778
1 714
1 243
1 1135
1 423
1 774
1 445
1 543
1 932
1 5
1 1034
1 1031
1 36
1 74
1 320
1 991
1 855
1 287
1 814
1 418
1 810
1 1052
1 148
1 473
1 989
1 322
1 86
1 485
1 496
1 388
1 571
1 681
1 342
1 398
1 809
1 730
1 951
1 300
1 35
1 805
1 724
1 349
1 833
1 434
1 587
1 858
1 574
1 311
1 147
1 12
1 550
1 876
1 862
1 596
1 1075
1 384
1 895
1 139
1 733
1 984
1 54
1 773
1 1118
1 215
1 183
1 977
1 269
1 804
1 1073
1 636
1 628
1 588
1 767
1 282
1 201
1 58
1 233
1 420
1 66
1 528
1 883
1 772
1 211
1 688
1 354
1 911
1 939
1 107
1 123
1 38
1 119
1 455
1 848
1 682
1 897
1 286
1 662
1 338
1 709
1 925
1 416
1 436
1 63
1 885
1 78
1 412
1 18
1 670
1 204
1 535
1 79
1 222
1 834
1 552
1 1066
1 371
1 1033
1 323
1 321
1 849
1 906
1 315
1 877
1 1032
1 983
1 974
1 1003
1 178
1 69
1 505
1 113
1 389
1 28
1 541
1 1076
1 994
1 815
1 1106
1 1114
1 728
1 1078
1 290
1 188
1 756
1 594
1 249
1 781
1 886
1 657
1 391
1 606
1 894
1 968
1 787
1 101
1 39
1 117
1 374
1 235
1 831
1 651
1 1139
1 659
1 584
1 691
1 546
1 368
1 253
1 177
1 100
1 1108
1 769
1 909
1 156
1 1113
1 1071
1 788
1 945
1 900
1 516
1 614
1 210
1 548
1 64
1 649
1 1010
1 59
1 801
1 650
1 441
1 520
1 1085
1 170
1 986
1 310
1 960
1 537
1 523
1 383
1 492
1 33
1 351
1 803
1 655
1 920
1 26
1 798
1 904
1 917
1 703
1 67
1 297
1 832
1 260
1 560
1 126
1 190
1 674
1 1054
1 175
1 251
1 698
1 887
1 839
1 268
1 525
1 1148
1 1127
1 645
1 336
1 422
1 595
1 168
1 277
1 394
1 184
1 538
1 1120
1 673
1 1138
1 962
1 254
1 314
1 270
1 149
1 132
1 475
1 540
1 888
1 867
1 941
1 771
1 508
1 379
1 318
1 976
1 515
1 136
1 428
1 1014
1 527
1 23
1 1007
1 4
1 928
1 129
1 144
1 699
1 1107
1 407
1 729
1 652
1 1036
1 762
1 683
1 195
1 752
1 669
1 901
1 91
1 276
1 202
1 936
1 316
1 203
1 744
1 228
1 469
1 926
1 158
1 21
1 1083
1 963
1 551
1 632
1 363
1 1123
1 1004
1 1105
1 620
1 41
1 808
1 1022
1 825
1 864
1 739
1 569
1 737
1 303
1 301
1 262
1 590
1 592
1 223
1 410
1 1137
1 288
1 345
1 533
1 792
1 477
1 339
1 780
1 246
1 1060
1 870
1 966
1 140
1 853
1 575
1 979
1 306
1 1012
1 1099
1 437
1 504
1 1131
1 471
1 878
1 880
1 1074
1 519
1 619
1 629
1 47
1 163
1 997
1 563
1 312
1 797
1 380
1 799
1 999
1 626
1 624
1 181
1 448
1 1109
1 544
