0 0
1 1
0 2
1 3
1 4
1 5
0 6
1 7
1 8
0 9
0 10
1 11
1 12
0 13
0 14
1 15
0 16
0 17
1 18
0 19
1 20
1 21
0 22
1 23
1 24
0 25
1 26
0 27
1 28
0 29
1 30
1 31
0 32
1 33
0 34
1 35
1 36
0 37
1 38
1 39
0 40
1 41
0 42
0 43
1 44
1 45
0 46
1 47
0 48
0 49
1 50
0 51
0 52
1 53
1 54
1 55
0 56
1 57
1 58
1 59
0 60
1 61
0 62
1 63
1 64
0 65
1 66
1 67
0 68
1 69
0 70
1 71
0 72
1 73
1 74
0 75
0 76
0 77
1 78
1 79
0 80
1 81
1 82
1 83
0 84
1 85
1 86
1 87
1 88
0 89
1 90
1 91
0 92
1 93
0 94
1 95
0 96
0 97
1 98
1 99
1 100
1 101
0 102
1 103
0 104
1 105
0 106
1 107
1 108
0 109
0 110
0 111
1 112
1 113
0 114
0 115
0 116
1 117
0 118
1 119
1 120
1 121
0 122
1 123
0 124
0 125
1 126
1 127
1 128
1 129
0 130
1 131
1 132
1 133
1 134
0 135
1 136
0 137
0 138
1 139
1 140
0 141
0 142
0 143
1 144
0 145
1 146
1 147
1 148
1 149
0 150
0 151
0 152
1 153
1 154
1 155
1 156
0 157
1 158
0 159
0 160
1 161
0 162
1 163
0 164
1 165
0 166
0 167
1 168
0 169
1 170
0 171
1 172
0 173
1 174
1 175
0 176
1 177
1 178
1 179
0 180
1 181
0 182
1 183
1 184
1 185
0 186
1 187
1 188
1 189
1 190
0 191
0 192
0 193
0 194
1 195
1 196
0 197
1 198
0 199
0 200
1 201
1 202
1 203
1 204
0 205
0 206
1 207
0 208
0 209
1 210
1 211
1 212
0 213
0 214
1 215
0 216
0 217
0 218
0 219
0 220
0 221
1 222
1 223
0 224
1 225
1 226
0 227
1 228
0 229
0 230
1 231
0 232
1 233
0 234
1 235
1 236
1 237
0 238
0 239
0 240
1 241
0 242
1 243
0 244
0 245
1 246
0 247
0 248
1 249
0 250
1 251
0 252
1 253
1 254
1 255
0 256
0 257
0 258
0 259
1 260
0 261
1 262
0 263
0 264
0 265
0 266
0 267
1 268
1 269
1 270
0 271
0 272
0 273
1 274
1 275
1 276
1 277
1 278
1 279
0 280
1 281
1 282
0 283
0 284
0 285
1 286
1 287
1 288
1 289
1 290
0 291
0 292
1 293
0 294
0 295
0 296
1 297
0 298
1 299
1 300
1 301
0 302
1 303
0 304
0 305
1 306
0 307
0 308
0 309
1 310
1 311
1 312
1 313
1 314
1 315
1 316
1 317
1 318
0 319
1 320
1 321
1 322
1 323
0 324
0 325
0 326
0 327
0 328
0 329
0 330
1 331
1 332
1 333
0 334
0 335
1 336
0 337
1 338
1 339
1 340
1 341
1 342
0 343
1 344
1 345
0 346
0 347
0 348
1 349
0 350
1 351
0 352
1 353
1 354
0 355
0 356
0 357
0 358
1 359
1 360
1 361
0 362
1 363
0 364
1 365
1 366
1 367
1 368
0 369
0 370
1 371
0 372
0 373
1 374
0 375
0 376
0 377
0 378
1 379
1 380
0 381
0 382
1 383
1 384
0 385
1 386
0 387
1 388
1 389
0 390
1 391
0 392
1 393
1 394
1 395
1 396
1 397
1 398
0 399
0 400
1 401
1 402
1 403
0 404
0 405
0 406
1 407
1 408
0 409
1 410
0 411
1 412
1 413
1 414
0 415
1 416
0 417
1 418
1 419
1 420
0 421
1 422
1 423
0 424
0 425
0 426
1 427
1 428
1 429
1 430
0 431
0 432
1 433
1 434
0 435
1 436
1 437
0 438
0 439
1 440
1 441
1 442
0 443
0 444
1 445
0 446
1 447
1 448
1 449
1 450
0 451
0 452
1 453
0 454
1 455
0 456
0 457
0 458
0 459
0 460
0 461
0 462
0 463
0 464
1 465
0 466
0 467
0 468
1 469
1 470
1 471
0 472
1 473
1 474
1 475
1 476
1 477
1 478
0 479
0 480
0 481
0 482
1 483
1 484
1 485
0 486
0 487
1 488
0 489
0 490
0 491
1 492
1 493
0 494
1 495
1 496
1 497
1 498
0 499
1 500
1 501
0 502
0 503
1 504
1 505
1 506
1 507
1 508
0 509
1 510
0 511
1 512
0 513
0 514
1 515
1 516
0 517
0 518
1 519
1 520
1 521
0 522
1 523
0 524
1 525
1 526
1 527
1 528
0 529
0 530
1 531
0 532
1 533
0 534
1 535
0 536
1 537
1 538
0 539
1 540
1 541
0 542
1 543
1 544
0 545
1 546
0 547
1 548
0 549
1 550
1 551
1 552
0 553
0 554
0 555
0 556
0 557
0 558
1 559
1 560
1 561
0 562
1 563
0 564
0 565
1 566
1 567
0 568
1 569
0 570
1 571
1 572
1 573
1 574
1 575
0 576
0 577
0 578
0 579
0 580
0 581
0 582
0 583
1 584
0 585
1 586
1 587
1 588
0 589
1 590
0 591
1 592
1 593
1 594
1 595
1 596
0 597
0 598
0 599
0 600
0 601
0 602
1 603
0 604
0 605
1 606
0 607
1 608
1 609
0 610
0 611
0 612
0 613
1 614
0 615
0 616
0 617
1 618
1 619
1 620
0 621
0 622
0 623
1 624
0 625
1 626
1 627
1 628
1 629
1 630
0 631
1 632
0 633
0 634
0 635
1 636
0 637
1 638
0 639
0 640
0 641
0 642
0 643
1 644
1 645
0 646
1 647
1 648
1 649
1 650
1 651
1 652
0 653
0 654
1 655
0 656
1 657
0 658
1 659
0 660
1 661
1 662
0 663
0 664
0 665
0 666
1 667
1 668
1 669
1 670
0 671
0 672
1 673
1 674
0 675
0 676
1 677
1 678
1 679
0 680
1 681
1 682
1 683
0 684
1 685
1 686
0 687
1 688
1 689
0 690
1 691
0 692
0 693
0 694
1 695
1 696
0 697
1 698
1 699
0 700
1 701
1 702
1 703
0 704
1 705
1 706
1 707
0 708
1 709
0 710
0 711
1 712
0 713
1 714
0 715
0 716
0 717
0 718
1 719
1 720
0 721
1 722
0 723
1 724
0 725
1 726
1 727
1 728
1 729
1 730
0 731
1 732
1 733
0 734
0 735
0 736
1 737
0 738
1 739
0 740
1 741
0 742
0 743
1 744
0 745
0 746
1 747
0 748
1 749
0 750
0 751
1 752
0 753
0 754
0 755
1 756
0 757
1 758
0 759
0 760
1 761
1 762
1 763
0 764
0 765
0 766
1 767
0 768
1 769
0 770
1 771
1 772
1 773
1 774
0 775
0 776
0 777
1 778
1 779
1 780
1 781
0 782
1 783
0 784
1 785
0 786
1 787
1 788
0 789
0 790
0 791
1 792
0 793
0 794
0 795
0 796
1 797
1 798
1 799
0 800
1 801
0 802
1 803
1 804
1 805
1 806
1 807
1 808
1 809
1 810
0 811
0 812
1 813
1 814
1 815
0 816
0 817
0 818
1 819
0 820
0 821
0 822
1 823
0 824
1 825
1 826
0 827
0 828
0 829
0 830
1 831
1 832
1 833
1 834
0 835
0 836
0 837
0 838
1 839
1 840
0 841
0 842
0 843
1 844
1 845
0 846
0 847
1 848
1 849
0 850
0 851
0 852
1 853
1 854
1 855
1 856
1 857
1 858
1 859
0 860
0 861
1 862
1 863
1 864
0 865
0 866
1 867
1 868
0 869
1 870
0 871
0 872
0 873
0 874
0 875
1 876
1 877
1 878
1 879
1 880
0 881
0 882
1 883
0 884
1 885
1 886
1 887
1 888
0 889
0 890
1 891
1 892
1 893
1 894
1 895
1 896
1 897
1 898
0 899
1 900
1 901
0 902
0 903
1 904
1 905
1 906
0 907
0 908
1 909
0 910
1 911
1 912
1 913
0 914
1 915
0 916
1 917
0 918
0 919
1 920
0 921
0 922
0 923
0 924
1 925
1 926
0 927
1 928
1 929
0 930
1 931
1 932
0 933
0 934
0 935
1 936
1 937
0 938
1 939
1 940
1 941
1 942
0 943
1 944
1 945
0 946
0 947
0 948
1 949
0 950
1 951
0 952
0 953
1 954
1 955
0 956
1 957
0 958
0 959
1 960
0 961
1 962
1 963
0 964
0 965
1 966
0 967
1 968
1 969
0 970
0 971
0 972
1 973
1 974
1 975
1 976
1 977
1 978
1 979
0 980
0 981
0 982
1 983
1 984
0 985
1 986
0 987
1 988
1 989
0 990
1 991
1 992
0 993
1 994
0 995
1 996
1 997
0 998
1 999
1 1000
0 1001
0 1002
1 1003
1 1004
1 1005
0 1006
1 1007
0 1008
1 1009
1 1010
0 1011
1 1012
0 1013
1 1014
0 1015
0 1016
0 1017
0 1018
0 1019
0 1020
0 1021
1 1022
1 1023
0 1024
0 1025
1 1026
0 1027
0 1028
1 1029
0 1030
1 1031
1 1032
1 1033
1 1034
0 1035
1 1036
0 1037
0 1038
0 1039
1 1040
0 1041
1 1042
0 1043
0 1044
0 1045
0 1046
1 1047
0 1048
0 1049
1 1050
0 1051
1 1052
0 1053
1 1054
0 1055
0 1056
1 1057
1 1058
1 1059
1 1060
1 1061
0 1062
0 1063
0 1064
1 1065
1 1066
0 1067
0 1068
0 1069
1 1070
1 1071
0 1072
1 1073
1 1074
1 1075
1 1076
0 1077
1 1078
1 1079
0 1080
0 1081
0 1082
1 1083
0 1084
1 1085
0 1086
0 1087
0 1088
0 1089
0 1090
0 1091
1 1092
0 1093
0 1094
0 1095
1 1096
0 1097
0 1098
1 1099
0 1100
0 1101
0 1102
0 1103
0 1104
1 1105
1 1106
1 1107
1 1108
1 1109
0 1110
1 1111
1 1112
1 1113
1 1114
0 1115
0 1116
0 1117
1 1118
0 1119
1 1120
0 1121
0 1122
1 1123
0 1124
0 1125
1 1126
1 1127
1 1128
1 1129
1 1130
1 1131
1 1132
1 1133
0 1134
1 1135
1 1136
1 1137
1 1138
1 1139
1 1140
0 1141
1 1142
0 1143
0 1144
0 1145
0 1146
0 1147
1 1148
0 1149
