0 164
0 92
0 514
0 478
0 1754
0 1333
0 569
0 1304
0 1124
0 998
0 1059
0 1281
0 1255
0 506
0 1567
0 299
0 433
0 1777
0 1346
0 952
0 1112
0 1383
0 788
0 1211
0 166
0 430
0 537
0 1631
0 878
0 1584
0 1482
0 1311
0 25
0 357
0 1697
0 127
0 1376
0 2388
0 2046
0 2368
0 1058
0 1130
0 1305
0 632
0 1726
0 1583
0 2358
0 236
0 2265
0 2333
0 1134
0 624
0 413
0 665
0 1045
0 693
0 552
0 1900
0 493
0 529
0 1844
0 2215
0 784
0 1243
0 332
0 2262
0 270
0 2061
0 135
0 76
0 282
0 686
0 2355
0 1605
0 1329
0 1326
0 244
0 1384
0 1261
0 441
0 1458
0 815
0 2022
0 1277
0 367
0 255
0 353
0 1388
0 1619
0 1227
0 661
0 2092
0 1765
0 1023
0 87
0 2084
0 141
0 1456
0 20
0 26
0 939
0 2242
0 258
0 757
0 1420
0 1269
0 956
0 869
0 2136
0 2191
0 111
0 872
0 801
0 156
0 1937
0 640
0 464
0 1654
0 2112
0 288
0 237
0 2126
0 1179
0 1166
0 1016
0 2257
0 934
0 1849
0 2211
0 2060
0 766
0 1916
0 333
0 933
0 1958
0 512
0 285
0 1667
0 2204
0 1110
0 1615
0 1136
0 364
0 606
0 2004
0 1442
0 1637
0 604
0 1132
0 1858
0 132
0 1422
0 2335
0 1001
0 1226
0 2250
0 2185
0 1385
0 2277
0 2318
0 457
0 1934
0 2244
0 51
0 469
0 1597
0 1536
0 323
0 1897
0 2395
0 468
0 291
0 895
0 420
0 603
0 1953
0 971
0 295
0 1334
0 1053
0 1486
0 535
0 1350
0 331
0 1220
0 2454
0 1367
0 2016
0 518
0 2202
0 2290
0 1404
0 1444
0 1041
0 445
0 278
0 2010
0 814
0 39
0 1103
0 1368
0 1649
0 1159
0 1678
0 1162
0 204
0 202
0 1173
0 1867
0 1071
0 2344
0 1721
0 1301
0 170
0 2382
0 297
0 1850
0 662
0 599
0 1652
0 184
0 1465
0 102
0 841
0 666
0 1414
0 1490
0 963
0 1694
0 379
0 2175
0 1260
0 1102
0 1835
0 1253
0 1647
0 1437
0 818
0 857
0 1923
0 1590
0 1655
0 2283
0 1282
0 1429
0 1290
0 1015
0 2316
0 2029
0 359
0 435
0 1357
0 1848
0 2121
0 1204
0 2176
0 1713
0 1029
0 1000
0 496
0 1873
0 1942
0 1259
0 1010
0 1335
0 2163
0 1158
0 1810
0 1577
0 437
0 2182
0 389
0 2024
0 1047
0 1118
0 459
0 460
0 492
0 7
0 1668
0 2201
0 2288
0 1988
0 505
0 1308
0 2218
0 960
0 2068
0 1298
0 981
0 1699
0 2213
0 938
0 1761
0 1378
0 1215
0 6
0 2293
0 1138
0 109
0 2420
0 181
0 1692
0 1586
0 2107
0 2224
0 1249
0 14
0 1517
0 316
0 726
0 586
0 2131
0 1294
0 484
0 1245
0 1235
0 1496
0 1339
0 1817
0 36
0 2416
0 2310
0 1076
0 1676
0 727
0 579
0 1891
0 1267
0 485
0 1685
0 533
0 302
0 93
0 1588
0 1786
0 355
0 1843
0 1980
0 224
0 954
0 1634
0 568
0 479
0 644
0 1772
0 556
0 1662
0 1419
0 267
0 530
0 790
0 870
0 827
0 805
0 1090
0 374
0 1438
0 2386
0 2309
0 1098
0 1184
0 1882
0 950
0 813
0 1466
0 1459
0 169
0 2444
0 1406
0 99
0 55
0 467
0 838
0 2237
0 1771
0 2300
0 2351
0 1306
0 2266
0 965
0 863
0 274
0 12
0 1460
0 182
0 945
0 2011
0 2091
0 1750
0 2411
0 1795
0 1163
0 803
0 2251
0 1188
0 1688
0 637
0 45
0 453
0 210
0 2435
0 1507
0 1056
0 1341
0 2113
0 1959
0 691
0 991
0 425
0 1964
0 1034
0 1967
0 700
0 1878
0 785
0 393
0 1377
0 1223
0 1618
0 1929
0 225
0 949
0 2263
0 2303
0 1651
0 571
0 1256
0 2101
0 1085
0 1479
0 2194
0 1171
0 1533
0 2384
0 1469
0 1297
0 1519
0 1421
0 137
0 1994
0 846
0 1207
0 852
0 452
0 2021
0 423
0 834
0 1361
0 145
0 718
0 1427
0 387
0 1866
0 500
0 1095
0 2030
0 1585
0 1526
0 1822
0 1313
0 466
0 2346
0 1801
0 1709
0 698
0 633
0 689
0 1238
0 1768
0 2256
0 2106
0 508
0 2340
0 1687
0 1087
0 134
0 1345
0 311
0 650
0 1081
0 1017
0 259
0 271
0 1993
0 386
0 2122
0 125
0 898
0 1060
0 742
0 1280
0 424
0 1741
0 867
0 1758
0 1234
0 1278
0 610
0 303
0 1415
0 371
0 987
0 1593
0 50
0 904
0 428
0 1054
0 2317
0 1955
0 1471
0 1883
0 1531
0 2193
0 1886
0 723
0 1153
0 580
0 2246
0 1579
0 889
0 218
0 154
0 2097
0 2085
0 1233
0 1439
0 415
0 352
0 2239
0 1751
0 2252
0 589
0 320
0 1946
0 1451
0 913
0 1674
0 1400
0 1905
0 2373
0 2254
0 2445
0 497
0 243
0 1805
0 381
0 1989
0 1165
0 2103
0 2419
0 1100
0 1896
0 1524
0 429
0 2378
0 1626
0 2405
0 1293
0 19
0 143
0 1105
0 1006
0 30
0 158
0 1824
0 1956
0 177
0 1342
0 1315
0 619
0 491
0 1639
0 176
0 670
0 2235
0 321
0 1852
0 1540
0 1107
0 631
0 305
0 315
0 2426
0 121
0 473
0 2013
0 44
0 1857
0 1195
0 328
0 1244
0 2424
0 955
0 226
0 2190
0 1242
0 84
0 1413
0 536
0 2443
0 1941
0 1527
0 1841
0 2147
0 369
0 519
0 346
0 1691
0 1890
0 2179
0 2361
0 1604
0 354
0 684
0 2367
0 1983
0 1847
0 2032
0 2055
0 694
0 1756
0 2151
0 562
0 648
0 763
0 335
0 1169
0 1739
0 1782
0 741
0 1978
0 1757
0 850
0 808
0 918
0 2008
0 149
0 1386
0 153
0 1349
0 1973
0 2365
0 105
0 1927
0 997
0 1746
0 1480
0 1977
0 1836
0 1266
0 1008
0 1121
0 1250
0 1830
0 1538
0 1834
0 1612
0 495
0 1961
0 1111
0 1515
0 1828
0 735
0 1210
0 62
0 871
0 152
0 1581
0 721
0 1050
0 1225
0 837
0 1625
0 319
0 1127
0 201
0 617
0 526
0 1481
0 1632
0 1241
0 773
0 1797
0 318
0 2243
0 2327
0 280
0 192
0 1804
0 160
0 1247
0 2089
0 2289
0 1123
0 1614
0 186
0 2009
0 96
0 2324
0 546
0 1002
0 1954
0 786
0 1518
0 985
0 241
0 1910
0 1792
0 214
0 2065
0 185
0 208
0 1819
0 2234
0 672
0 482
0 38
0 587
0 503
0 68
0 930
0 1337
0 1092
0 1876
0 951
0 1005
0 309
0 1148
0 133
0 1738
0 1845
0 421
0 351
0 1258
0 2275
0 825
0 1911
0 2073
0 304
0 1806
0 2054
0 1425
0 163
0 95
0 2059
0 2066
0 2062
0 976
0 2281
0 692
0 1917
0 147
0 1803
0 1192
0 187
0 1561
0 327
0 636
0 932
0 4
0 1788
0 1382
0 2431
0 2236
0 774
0 1701
0 1026
0 61
0 1462
0 2437
0 2037
0 449
0 746
0 922
0 470
0 1371
0 82
0 520
0 1299
0 611
0 123
0 2174
0 1724
0 1484
0 397
0 300
0 2020
0 1212
0 1452
0 2035
0 681
0 94
0 2210
0 1931
0 1904
0 875
0 2248
0 911
0 1115
0 927
0 1743
0 565
0 2349
0 1950
0 2410
0 543
0 1947
0 2452
0 1398
0 2270
0 583
0 1673
0 1447
0 1096
0 2018
0 630
0 2045
0 865
0 2287
0 804
0 1672
0 2128
0 2188
0 1446
0 240
0 1659
0 1969
0 2040
0 1488
0 245
0 47
0 1521
0 504
0 2241
0 1309
0 2406
0 793
0 254
0 1933
0 1061
0 501
0 336
0 2162
0 58
0 706
0 1939
0 447
0 1405
0 462
0 2140
0 2153
0 2427
0 2014
0 739
0 595
0 1205
0 2398
0 2291
0 908
0 1268
0 223
0 1885
0 266
0 701
0 1907
0 1302
0 982
0 1554
0 189
0 1807
0 97
0 1474
0 2385
0 2199
0 1401
0 1068
0 874
0 1224
0 2079
0 1448
0 221
0 1576
0 2044
0 1550
0 729
0 1113
0 1895
0 330
0 1373
0 1018
0 1190
0 564
0 1099
0 1117
0 2260
0 392
0 2165
0 1332
0 1940
0 1428
0 1789
0 1042
0 678
0 1125
0 2403
0 2274
0 2341
0 480
0 2116
0 56
0 463
0 1473
0 1209
0 239
0 256
0 396
0 490
0 554
0 794
0 2348
0 1363
0 488
0 329
0 502
0 1603
0 2402
0 1366
0 2160
0 1160
0 919
0 1028
0 1716
0 1664
0 262
0 211
0 1325
0 388
0 404
0 2412
0 1144
0 1033
0 139
0 905
0 679
0 1097
0 1509
0 1505
0 1537
0 953
0 434
0 2005
0 2170
0 2329
0 929
0 2208
0 2026
0 247
0 326
0 1443
0 414
0 1147
0 2376
0 2245
0 5
0 1216
0 2222
0 2308
0 2298
0 1523
0 13
0 1821
0 2111
0 2072
0 1608
0 928
0 451
0 1296
0 1682
0 23
0 744
0 677
0 2027
0 1009
0 129
0 1393
0 1710
0 347
0 1180
0 1273
0 2071
0 2134
0 717
0 1155
0 1231
0 2164
0 487
0 1987
0 1445
0 229
0 1340
0 509
0 1532
0 2421
0 2447
0 474
0 1683
0 1981
0 673
0 1982
0 1463
0 531
0 362
0 709
0 15
0 140
0 510
0 1748
0 312
0 2118
0 253
0 962
0 715
0 972
0 2181
0 2328
0 2238
0 1675
0 146
0 622
0 1695
0 1079
0 2292
0 2093
0 2271
0 2063
0 1314
0 999
0 2370
0 78
0 418
0 334
0 1986
0 175
0 907
0 1943
0 1457
0 1657
0 2434
0 2259
0 1069
0 566
0 1185
0 635
0 2105
0 548
0 1312
0 1684
0 811
0 489
0 1435
0 1534
0 866
0 2183
0 107
0 122
0 2143
0 155
0 65
0 2331
0 2012
0 380
0 1553
0 541
0 322
0 917
0 725
0 912
0 2041
0 1783
0 731
0 756
0 2428
0 856
0 1007
0 1856
0 626
0 2339
0 695
0 1412
0 57
0 1752
0 1773
0 1569
0 1998
0 1131
0 1990
0 361
0 659
0 89
0 1483
0 2166
0 2220
0 1300
0 1048
0 2052
0 1530
0 1390
0 2296
0 1979
0 591
0 888
0 1646
0 1906
0 101
0 1289
0 1275
0 1812
0 3
0 1984
0 1760
0 2334
0 461
0 1853
0 843
0 613
0 651
0 1039
0 1151
0 450
0 1189
0 2017
0 207
0 272
0 66
0 823
0 481
0 1838
0 1565
0 1991
0 180
0 1104
0 996
0 1707
0 249
0 356
0 1246
0 1287
0 2104
0 2273
0 1467
0 1767
0 1999
0 1402
0 2418
0 655
0 1470
0 1889
0 1557
0 289
0 1475
0 209
0 1781
0 1719
0 426
0 217
0 2203
0 1379
0 1154
0 2067
0 2255
0 363
0 279
0 1630
0 1663
0 1174
0 703
0 778
0 828
0 704
0 760
0 2039
0 2432
0 711
0 2285
0 1222
0 616
0 607
0 1219
0 995
0 1430
0 573
0 1232
0 1395
0 337
0 771
0 574
0 1623
0 2069
0 465
0 100
0 1549
0 1187
0 498
0 1644
0 1307
0 1727
0 1440
0 1022
0 126
0 2366
0 31
0 1601
0 880
0 1251
0 2119
0 826
0 1119
0 797
0 1790
0 1908
0 1141
0 1731
0 1423
0 281
1 1616
1 1358
1 511
1 2407
1 925
1 829
1 1976
1 120
1 1661
1 1356
1 1551
1 915
1 1704
1 1364
1 427
1 128
1 48
1 2225
1 458
1 1248
1 1842
1 602
1 168
1 1620
1 1038
1 862
1 1948
1 1410
1 2212
1 234
1 11
1 1279
1 32
1 2132
1 205
1 893
1 2321
1 992
1 550
1 2216
1 664
1 588
1 1972
1 1827
1 2320
1 1926
1 1665
1 753
1 1696
1 931
1 824
1 106
1 40
1 2240
1 712
1 1689
1 1542
1 1893
1 1859
1 1214
1 1461
1 2363
1 2197
1 1286
1 1802
1 2422
1 314
1 148
1 2332
1 1347
1 1778
1 136
1 1960
1 830
1 2306
1 1511
1 859
1 902
1 235
1 242
1 1240
1 2380
1 1808
1 1698
1 792
1 555
1 390
1 983
1 1825
1 1787
1 1660
1 800
1 647
1 1613
1 411
1 1316
1 438
1 1864
1 1924
1 1715
1 203
1 2294
1 2167
1 2374
1 1191
1 1572
1 2098
1 2019
1 1032
1 2301
1 2375
1 1638
1 252
1 1375
1 1573
1 1094
1 1920
1 1137
1 2415
1 567
1 1730
1 1070
1 620
1 1407
1 958
1 1126
1 891
1 206
1 1416
1 1203
1 1409
1 1370
1 1617
1 542
1 90
1 17
1 2322
1 551
1 809
1 1520
1 1178
1 1182
1 2336
1 1555
1 935
1 980
1 21
1 2161
1 2360
1 560
1 2359
1 1753
1 923
1 1200
1 1919
1 2253
1 2326
1 276
1 2076
1 887
1 2247
1 884
1 63
1 1175
1 293
1 2135
1 817
1 1043
1 890
1 2408
1 1641
1 1199
1 1019
1 41
1 1944
1 1690
1 1338
1 671
1 1547
1 1073
1 966
1 215
1 791
1 1075
1 2438
1 656
1 810
1 1077
1 767
1 1670
1 1759
1 941
1 75
1 2357
1 621
1 528
1 1594
1 1736
1 1582
1 200
1 683
1 1922
1 578
1 516
1 72
1 1656
1 401
1 264
1 1775
1 1146
1 2267
1 1975
1 979
1 584
1 196
1 422
1 2214
1 1671
1 663
1 199
1 752
1 2000
1 296
1 1918
1 674
1 1396
1 2404
1 2343
1 920
1 2109
1 1513
1 2448
1 1861
1 159
1 1322
1 2138
1 1622
1 475
1 1700
1 776
1 54
1 10
1 261
1 1851
1 1831
1 268
1 1633
1 1879
1 1915
1 1354
1 2169
1 2439
1 405
1 2399
1 1051
1 1292
1 1725
1 1055
1 1433
1 702
1 581
1 605
1 1732
1 544
1 1161
1 372
1 986
1 103
1 1516
1 151
1 260
1 1957
1 707
1 861
1 758
1 521
1 1257
1 1498
1 1600
1 2401
1 2323
1 1506
1 1510
1 439
1 618
1 990
1 1031
1 1044
1 1813
1 213
1 115
1 1424
1 2137
1 1145
1 2049
1 246
1 943
1 2387
1 643
1 1541
1 70
1 740
1 2286
1 575
1 1218
1 517
1 1392
1 1587
1 165
1 91
1 2171
1 559
1 2033
1 117
1 2168
1 1027
1 383
1 172
1 1877
1 532
1 1556
1 2295
1 1135
1 2315
1 1263
1 277
1 494
1 1295
1 1014
1 2354
1 2423
1 547
1 1628
1 43
1 370
1 178
1 2425
1 2440
1 1084
1 1872
1 343
1 1389
1 2115
1 287
1 1317
1 98
1 1574
1 1336
1 1489
1 903
1 1284
1 88
1 1609
1 2028
1 1493
1 592
1 476
1 67
1 1703
1 806
1 946
1 2159
1 977
1 2078
1 1898
1 298
1 1143
1 407
1 687
1 1020
1 52
1 1791
1 921
1 1734
1 848
1 2172
1 2189
1 455
1 2149
1 2051
1 1869
1 713
1 722
1 1265
1 417
1 2377
1 1202
1 897
1 1477
1 1722
1 1621
1 1114
1 732
1 899
1 657
1 368
1 1901
1 557
1 2120
1 2056
1 1798
1 549
1 1712
1 1749
1 989
1 49
1 747
1 2219
1 1101
1 1093
1 1464
1 959
1 553
1 2158
1 710
1 1602
1 787
1 1089
1 1083
1 1455
1 988
1 714
1 409
1 1150
1 2379
1 307
1 2186
1 642
1 2198
1 46
1 654
1 840
1 2180
1 197
1 1693
1 676
1 2
1 1109
1 770
1 1735
1 545
1 2338
1 1040
1 1714
1 310
1 612
1 507
1 755
1 1318
1 1176
1 1035
1 1254
1 940
1 1949
1 230
1 1945
1 1454
1 1745
1 802
1 2006
1 1860
1 2307
1 1122
1 892
1 1003
1 769
1 1794
1 540
1 248
1 2221
1 2117
1 2297
1 653
1 2036
1 365
1 1720
1 37
1 854
1 2154
1 194
1 1925
1 419
1 1658
1 868
1 1320
1 2233
1 2261
1 1323
1 477
1 1344
1 16
1 2081
1 1624
1 1319
1 1914
1 2409
1 1418
1 1120
1 2397
1 558
1 1680
1 924
1 340
1 341
1 1276
1 1874
1 308
1 1472
1 1936
1 83
1 60
1 444
1 1408
1 446
1 110
1 142
1 227
1 1903
1 2446
1 577
1 614
1 2284
1 2302
1 1327
1 2209
1 1562
1 395
1 2094
1 1140
1 1196
1 1740
1 191
1 167
1 764
1 974
1 265
1 936
1 881
1 973
1 906
1 682
1 1762
1 2047
1 1436
1 1635
1 842
1 688
1 108
1 1650
1 1237
1 193
1 377
1 2157
1 1951
1 882
1 2417
1 344
1 969
1 1434
1 2280
1 1669
1 1839
1 1868
1 728
1 1086
1 944
1 1252
1 2305
1 779
1 836
1 2100
1 572
1 2450
1 1733
1 598
1 1321
1 2449
1 1785
1 820
1 138
1 198
1 1497
1 1595
1 705
1 2228
1 783
1 1012
1 638
1 789
1 1049
1 2177
1 2173
1 1723
1 2392
1 1580
1 749
1 284
1 1666
1 384
1 1208
1 1643
1 1177
1 443
1 1036
1 499
1 1351
1 984
1 2453
1 524
1 690
1 634
1 2058
1 275
1 0
1 399
1 527
1 1106
1 1543
1 675
1 947
1 1170
1 1236
1 1963
1 1074
1 2231
1 649
1 85
1 1559
1 301
1 1855
1 1971
1 2372
1 1403
1 821
1 1025
1 831
1 1239
1 1
1 896
1 2268
1 2249
1 157
1 1539
1 1962
1 1108
1 2342
1 1528
1 2178
1 2264
1 403
1 360
1 1992
1 1206
1 1965
1 1854
1 2150
1 775
1 667
1 1491
1 2124
1 483
1 629
1 1348
1 1024
1 1194
1 2034
1 1796
1 1596
1 385
1 1913
1 1881
1 77
1 1811
1 394
1 2125
1 1391
1 2391
1 1525
1 2429
1 1360
1 660
1 183
1 1285
1 2074
1 1884
1 1607
1 471
1 349
1 1599
1 486
1 733
1 2070
1 539
1 1966
1 1718
1 1591
1 2023
1 2003
1 743
1 188
1 1780
1 641
1 1343
1 2442
1 886
1 113
1 1823
1 64
1 1082
1 1503
1 522
1 525
1 961
1 162
1 402
1 1529
1 594
1 1021
1 2269
1 2099
1 1702
1 975
1 2083
1 894
1 2043
1 174
1 118
1 1800
1 2148
1 1706
1 835
1 114
1 680
1 2381
1 1213
1 816
1 59
1 1837
1 376
1 22
1 608
1 585
1 179
1 1426
1 2139
1 832
1 538
1 2144
1 697
1 2232
1 2187
1 2145
1 358
1 130
1 737
1 2108
1 28
1 1156
1 2129
1 2350
1 2207
1 845
1 1818
1 2090
1 29
1 885
1 1568
1 219
1 9
1 2272
1 2314
1 916
1 1062
1 2184
1 576
1 2087
1 1566
1 901
1 1546
1 1129
1 2002
1 195
1 1157
1 286
1 2451
1 345
1 2282
1 1832
1 2130
1 1888
1 1066
1 780
1 762
1 1453
1 1610
1 2311
1 398
1 2430
1 1995
1 1535
1 1274
1 448
1 942
1 144
1 1570
1 1149
1 104
1 1228
1 1686
1 116
1 1598
1 761
1 1271
1 378
1 1328
1 1067
1 2223
1 2227
1 1814
1 1770
1 1627
1 2433
1 1078
1 765
1 338
1 2095
1 2414
1 1779
1 2001
1 74
1 2276
1 2025
1 1508
1 1397
1 2142
1 454
1 1846
1 1997
1 1840
1 1167
1 1744
1 1902
1 1399
1 1776
1 876
1 1494
1 1952
1 1262
1 86
1 233
1 534
1 1046
1 1552
1 250
1 27
1 1380
1 150
1 35
1 2200
1 34
1 1116
1 994
1 627
1 957
1 1217
1 1417
1 2086
1 2390
1 2007
1 1128
1 1892
1 1870
1 937
1 1880
1 1571
1 1563
1 855
1 1450
1 1197
1 350
1 864
1 750
1 782
1 1303
1 69
1 1512
1 1545
1 2299
1 1229
1 1504
1 751
1 1815
1 436
1 1369
1 513
1 2347
1 8
1 2413
1 2325
1 1935
1 1560
1 590
1 2206
1 1894
1 1921
1 373
1 1970
1 238
1 993
1 2337
1 1809
1 1611
1 1875
1 2226
1 1449
1 2393
1 615
1 909
1 646
1 2192
1 1705
1 515
1 910
1 2312
1 853
1 1968
1 1495
1 877
1 561
1 1820
1 1717
1 736
1 1784
1 1899
1 720
1 190
1 1862
1 1011
1 1181
1 1909
1 1679
1 1432
1 306
1 313
1 1985
1 80
1 2330
1 2123
1 745
1 2304
1 292
1 759
1 2436
1 472
1 119
1 645
1 1728
1 33
1 849
1 366
1 1829
1 1052
1 2345
1 1871
1 2353
1 1708
1 2082
1 658
1 1411
1 600
1 625
1 1030
1 1769
1 883
1 1201
1 1578
1 400
1 1152
1 1887
1 1592
1 71
1 406
1 1865
