48.000 80.000 1.020 1.000 0.000 121.000 36.000 1.200 135.000 3.500 15.400 44.000 7800.000 5.200 0.000 1.000 0.000 1.000 1.000 0.000 1.000 0.000 0.000 1.000 0.000 1.000 0.000 1.000 0.000 1.000
7.000 50.000 1.020 4.000 0.000 99.000 18.000 0.800 135.000 3.500 11.300 38.000 6000.000 5.200 0.000 1.000 0.000 1.000 0.000 1.000 0.000 1.000 0.000 1.000 0.000 1.000 0.000 1.000 0.000 1.000
62.000 80.000 1.010 2.000 3.000 423.000 53.000 1.800 135.000 3.500 9.600 31.000 7500.000 5.200 0.000 1.000 0.000 1.000 0.000 1.000 1.000 0.000 0.000 1.000 1.000 0.000 0.000 1.000 1.000 0.000
48.000 70.000 1.005 4.000 0.000 117.000 56.000 3.800 111.000 2.500 11.200 32.000 6700.000 3.900 1.000 0.000 0.000 1.000 1.000 0.000 0.000 1.000 0.000 1.000 1.000 0.000 1.000 0.000 1.000 0.000
51.000 80.000 1.010 2.000 0.000 106.000 26.000 1.400 135.000 3.500 11.600 35.000 7300.000 4.600 0.000 1.000 0.000 1.000 0.000 1.000 0.000 1.000 0.000 1.000 0.000 1.000 0.000 1.000 0.000 1.000
60.000 90.000 1.015 3.000 0.000 74.000 25.000 1.100 142.000 3.200 12.200 39.000 7800.000 4.400 0.000 1.000 0.000 1.000 1.000 0.000 1.000 0.000 0.000 1.000 0.000 1.000 1.000 0.000 0.000 1.000
68.000 70.000 1.010 0.000 0.000 100.000 54.000 24.000 104.000 4.000 12.400 36.000 9800.000 5.200 0.000 1.000 0.000 1.000 0.000 1.000 0.000 1.000 0.000 1.000 0.000 1.000 0.000 1.000 0.000 1.000
24.000 80.000 1.015 2.000 4.000 410.000 31.000 1.100 135.000 3.500 12.400 44.000 6900.000 5.000 0.000 1.000 0.000 1.000 0.000 1.000 1.000 0.000 0.000 1.000 0.000 1.000 1.000 0.000 0.000 1.000
52.000 100.000 1.015 3.000 0.000 138.000 60.000 1.900 135.000 3.500 10.800 33.000 9600.000 4.000 1.000 0.000 0.000 1.000 1.000 0.000 1.000 0.000 0.000 1.000 0.000 1.000 0.000 1.000 1.000 0.000
53.000 90.000 1.020 2.000 0.000 70.000 107.000 7.200 114.000 3.700 9.500 29.000 12100.000 3.700 1.000 0.000 0.000 1.000 1.000 0.000 1.000 0.000 0.000 1.000 1.000 0.000 0.000 1.000 1.000 0.000
50.000 60.000 1.010 2.000 4.000 490.000 55.000 4.000 135.000 3.500 9.400 28.000 9800.000 5.200 1.000 0.000 0.000 1.000 1.000 0.000 1.000 0.000 0.000 1.000 0.000 1.000 0.000 1.000 1.000 0.000
63.000 70.000 1.010 3.000 0.000 380.000 60.000 2.700 131.000 4.200 10.800 32.000 4500.000 3.800 1.000 0.000 0.000 1.000 1.000 0.000 1.000 0.000 0.000 1.000 1.000 0.000 1.000 0.000 0.000 1.000
68.000 70.000 1.015 3.000 1.000 208.000 72.000 2.100 138.000 5.800 9.700 28.000 12200.000 3.400 1.000 0.000 0.000 1.000 1.000 0.000 1.000 0.000 1.000 0.000 1.000 0.000 1.000 0.000 0.000 1.000
68.000 70.000 1.020 0.000 0.000 98.000 86.000 4.600 135.000 3.400 9.800 41.000 9800.000 5.200 0.000 1.000 0.000 1.000 1.000 0.000 1.000 0.000 1.000 0.000 1.000 0.000 1.000 0.000 0.000 1.000
68.000 80.000 1.010 3.000 2.000 157.000 90.000 4.100 130.000 6.400 5.600 16.000 11000.000 2.600 1.000 0.000 1.000 0.000 1.000 0.000 1.000 0.000 1.000 0.000 1.000 0.000 1.000 0.000 0.000 1.000
40.000 80.000 1.015 3.000 0.000 76.000 162.000 9.600 141.000 4.900 7.600 24.000 3800.000 2.800 0.000 1.000 0.000 1.000 1.000 0.000 0.000 1.000 0.000 1.000 0.000 1.000 0.000 1.000 1.000 0.000
47.000 70.000 1.015 2.000 0.000 99.000 46.000 2.200 138.000 4.100 12.600 41.000 9800.000 5.200 0.000 1.000 0.000 1.000 0.000 1.000 0.000 1.000 0.000 1.000 0.000 1.000 0.000 1.000 0.000 1.000
47.000 80.000 1.020 0.000 0.000 114.000 87.000 5.200 139.000 3.700 12.100 41.000 9800.000 5.200 0.000 1.000 0.000 1.000 1.000 0.000 0.000 1.000 0.000 1.000 1.000 0.000 0.000 1.000 0.000 1.000
60.000 100.000 1.025 0.000 3.000 263.000 27.000 1.300 135.000 4.300 12.700 37.000 11400.000 4.300 0.000 1.000 0.000 1.000 1.000 0.000 1.000 0.000 1.000 0.000 0.000 1.000 0.000 1.000 0.000 1.000
62.000 60.000 1.015 1.000 0.000 100.000 31.000 1.600 135.000 3.500 10.300 30.000 5300.000 3.700 1.000 0.000 0.000 1.000 1.000 0.000 0.000 1.000 1.000 0.000 0.000 1.000 0.000 1.000 0.000 1.000
61.000 80.000 1.015 2.000 0.000 173.000 148.000 3.900 135.000 5.200 7.700 24.000 9200.000 3.200 0.000 1.000 0.000 1.000 1.000 0.000 1.000 0.000 1.000 0.000 1.000 0.000 1.000 0.000 1.000 0.000
60.000 90.000 1.020 0.000 0.000 99.000 180.000 76.000 4.500 3.500 10.900 32.000 6200.000 3.600 0.000 1.000 0.000 1.000 1.000 0.000 1.000 0.000 1.000 0.000 0.000 1.000 0.000 1.000 0.000 1.000
48.000 80.000 1.025 4.000 0.000 95.000 163.000 7.700 136.000 3.800 9.800 32.000 6900.000 3.400 0.000 1.000 0.000 1.000 1.000 0.000 0.000 1.000 0.000 1.000 0.000 1.000 0.000 1.000 1.000 0.000
21.000 70.000 1.010 0.000 0.000 99.000 46.000 1.200 135.000 3.500 15.000 41.000 9800.000 5.200 0.000 1.000 0.000 1.000 0.000 1.000 0.000 1.000 0.000 1.000 1.000 0.000 0.000 1.000 1.000 0.000
42.000 100.000 1.015 4.000 0.000 99.000 50.000 1.400 129.000 4.000 11.100 39.000 8300.000 4.600 0.000 1.000 1.000 0.000 1.000 0.000 0.000 1.000 0.000 1.000 1.000 0.000 0.000 1.000 0.000 1.000
61.000 60.000 1.025 0.000 0.000 108.000 75.000 1.900 141.000 5.200 9.900 29.000 8400.000 3.700 0.000 1.000 0.000 1.000 1.000 0.000 1.000 0.000 0.000 1.000 0.000 1.000 0.000 1.000 1.000 0.000
75.000 80.000 1.015 0.000 0.000 156.000 45.000 2.400 140.000 3.400 11.600 35.000 10300.000 4.000 0.000 1.000 0.000 1.000 1.000 0.000 1.000 0.000 0.000 1.000 1.000 0.000 0.000 1.000 0.000 1.000
69.000 70.000 1.010 3.000 4.000 264.000 87.000 2.700 130.000 4.000 12.500 37.000 9600.000 4.100 0.000 1.000 0.000 1.000 1.000 0.000 1.000 0.000 1.000 0.000 0.000 1.000 1.000 0.000 0.000 1.000
75.000 70.000 1.020 1.000 3.000 123.000 31.000 1.400 135.000 3.500 15.000 41.000 9800.000 5.200 0.000 1.000 0.000 1.000 0.000 1.000 1.000 0.000 0.000 1.000 0.000 1.000 0.000 1.000 0.000 1.000
68.000 70.000 1.005 1.000 0.000 99.000 28.000 1.400 135.000 3.500 12.900 38.000 9800.000 5.200 1.000 0.000 0.000 1.000 0.000 1.000 0.000 1.000 1.000 0.000 0.000 1.000 0.000 1.000 0.000 1.000
60.000 70.000 1.020 0.000 0.000 93.000 155.000 7.300 132.000 4.900 15.000 41.000 9800.000 5.200 0.000 1.000 0.000 1.000 1.000 0.000 1.000 0.000 0.000 1.000 0.000 1.000 0.000 1.000 0.000 1.000
73.000 90.000 1.015 3.000 0.000 107.000 33.000 1.500 141.000 4.600 10.100 30.000 7800.000 4.000 1.000 0.000 0.000 1.000 0.000 1.000 0.000 1.000 0.000 1.000 1.000 0.000 0.000 1.000 0.000 1.000
61.000 90.000 1.010 1.000 1.000 159.000 39.000 1.500 133.000 4.900 11.300 34.000 9600.000 4.000 0.000 1.000 0.000 1.000 1.000 0.000 1.000 0.000 0.000 1.000 1.000 0.000 0.000 1.000 0.000 1.000
60.000 100.000 1.020 2.000 0.000 140.000 55.000 2.500 135.000 3.500 10.100 29.000 9800.000 5.200 0.000 1.000 0.000 1.000 1.000 0.000 0.000 1.000 0.000 1.000 1.000 0.000 0.000 1.000 0.000 1.000
70.000 70.000 1.010 1.000 0.000 171.000 153.000 5.200 135.000 3.500 15.000 41.000 9800.000 5.200 1.000 0.000 1.000 0.000 0.000 1.000 1.000 0.000 0.000 1.000 1.000 0.000 0.000 1.000 0.000 1.000
65.000 90.000 1.020 2.000 1.000 270.000 39.000 2.000 135.000 3.500 12.000 36.000 9800.000 4.900 0.000 1.000 0.000 1.000 1.000 0.000 1.000 0.000 0.000 1.000 1.000 0.000 0.000 1.000 1.000 0.000
76.000 70.000 1.015 1.000 0.000 92.000 29.000 1.800 133.000 3.900 10.300 32.000 9800.000 5.200 0.000 1.000 0.000 1.000 1.000 0.000 0.000 1.000 0.000 1.000 0.000 1.000 0.000 1.000 0.000 1.000
72.000 80.000 1.020 0.000 0.000 137.000 65.000 3.400 141.000 4.700 9.700 28.000 6900.000 2.500 0.000 1.000 0.000 1.000 1.000 0.000 1.000 0.000 0.000 1.000 1.000 0.000 0.000 1.000 1.000 0.000
69.000 80.000 1.020 3.000 0.000 99.000 103.000 4.100 132.000 5.900 12.500 41.000 9800.000 5.200 0.000 1.000 0.000 1.000 1.000 0.000 0.000 1.000 0.000 1.000 0.000 1.000 0.000 1.000 0.000 1.000
82.000 80.000 1.010 2.000 2.000 140.000 70.000 3.400 136.000 4.200 13.000 40.000 9800.000 4.200 0.000 1.000 0.000 1.000 1.000 0.000 1.000 0.000 0.000 1.000 0.000 1.000 0.000 1.000 0.000 1.000
46.000 90.000 1.010 2.000 0.000 99.000 80.000 2.100 135.000 3.500 11.100 32.000 9100.000 4.100 0.000 1.000 0.000 1.000 1.000 0.000 0.000 1.000 0.000 1.000 0.000 1.000 0.000 1.000 0.000 1.000
45.000 70.000 1.010 0.000 0.000 99.000 20.000 0.700 135.000 3.500 15.000 41.000 9800.000 5.200 0.000 1.000 0.000 1.000 0.000 1.000 0.000 1.000 0.000 1.000 0.000 1.000 1.000 0.000 0.000 1.000
47.000 100.000 1.010 0.000 0.000 204.000 29.000 1.000 139.000 4.200 9.700 33.000 9200.000 4.500 0.000 1.000 0.000 1.000 1.000 0.000 0.000 1.000 0.000 1.000 0.000 1.000 0.000 1.000 1.000 0.000
35.000 80.000 1.010 1.000 0.000 79.000 202.000 10.800 134.000 3.400 7.900 24.000 7900.000 3.100 0.000 1.000 0.000 1.000 0.000 1.000 1.000 0.000 0.000 1.000 0.000 1.000 0.000 1.000 0.000 1.000
54.000 80.000 1.010 3.000 0.000 207.000 77.000 6.300 134.000 4.800 9.700 28.000 9800.000 5.200 0.000 1.000 0.000 1.000 1.000 0.000 1.000 0.000 0.000 1.000 1.000 0.000 1.000 0.000 0.000 1.000
54.000 80.000 1.020 3.000 0.000 208.000 89.000 5.900 130.000 4.900 9.300 41.000 9800.000 5.200 0.000 1.000 0.000 1.000 1.000 0.000 1.000 0.000 0.000 1.000 1.000 0.000 1.000 0.000 0.000 1.000
48.000 70.000 1.015 0.000 0.000 124.000 24.000 1.200 142.000 4.200 12.400 37.000 6400.000 4.700 0.000 1.000 0.000 1.000 0.000 1.000 1.000 0.000 0.000 1.000 0.000 1.000 0.000 1.000 0.000 1.000
11.000 80.000 1.010 3.000 0.000 99.000 17.000 0.800 135.000 3.500 15.000 45.000 8600.000 5.200 0.000 1.000 0.000 1.000 0.000 1.000 0.000 1.000 0.000 1.000 0.000 1.000 0.000 1.000 0.000 1.000
73.000 70.000 1.005 0.000 0.000 70.000 32.000 0.900 125.000 4.000 10.000 29.000 18900.000 3.500 0.000 1.000 0.000 1.000 1.000 0.000 1.000 0.000 0.000 1.000 0.000 1.000 1.000 0.000 0.000 1.000
60.000 70.000 1.010 2.000 0.000 144.000 72.000 3.000 135.000 3.500 9.700 29.000 21600.000 3.500 1.000 0.000 0.000 1.000 1.000 0.000 1.000 0.000 0.000 1.000 1.000 0.000 0.000 1.000 1.000 0.000
53.000 60.000 1.020 0.000 0.000 91.000 114.000 3.250 142.000 4.300 8.600 28.000 11000.000 3.800 0.000 1.000 0.000 1.000 1.000 0.000 1.000 0.000 0.000 1.000 1.000 0.000 1.000 0.000 1.000 0.000
54.000 100.000 1.015 3.000 0.000 162.000 66.000 1.600 136.000 4.400 10.300 33.000 9800.000 5.200 1.000 0.000 0.000 1.000 1.000 0.000 1.000 0.000 0.000 1.000 1.000 0.000 1.000 0.000 0.000 1.000
53.000 90.000 1.015 0.000 0.000 99.000 38.000 2.200 135.000 3.500 10.900 34.000 4300.000 3.700 0.000 1.000 0.000 1.000 0.000 1.000 0.000 1.000 0.000 1.000 1.000 0.000 0.000 1.000 1.000 0.000
62.000 80.000 1.015 0.000 5.000 246.000 24.000 1.000 135.000 3.500 13.600 40.000 8500.000 4.700 0.000 1.000 0.000 1.000 1.000 0.000 1.000 0.000 0.000 1.000 0.000 1.000 0.000 1.000 0.000 1.000
63.000 80.000 1.010 2.000 2.000 99.000 46.000 3.400 136.000 4.200 13.000 40.000 9800.000 4.200 0.000 1.000 0.000 1.000 1.000 0.000 0.000 1.000 1.000 0.000 0.000 1.000 0.000 1.000 0.000 1.000
35.000 80.000 1.005 3.000 0.000 99.000 46.000 1.200 135.000 3.500 9.500 28.000 9800.000 5.200 0.000 1.000 0.000 1.000 0.000 1.000 0.000 1.000 0.000 1.000 0.000 1.000 1.000 0.000 0.000 1.000
76.000 70.000 1.015 3.000 4.000 99.000 164.000 9.700 131.000 4.400 10.200 30.000 11300.000 3.400 1.000 0.000 0.000 1.000 1.000 0.000 1.000 0.000 1.000 0.000 1.000 0.000 1.000 0.000 0.000 1.000
76.000 90.000 1.020 0.000 0.000 93.000 155.000 7.300 132.000 4.900 15.000 41.000 9800.000 5.200 0.000 1.000 0.000 1.000 1.000 0.000 1.000 0.000 1.000 0.000 1.000 0.000 0.000 1.000 0.000 1.000
73.000 80.000 1.020 2.000 0.000 253.000 142.000 4.600 138.000 5.800 10.500 33.000 7200.000 4.300 0.000 1.000 0.000 1.000 1.000 0.000 1.000 0.000 1.000 0.000 0.000 1.000 0.000 1.000 0.000 1.000
59.000 100.000 1.020 0.000 0.000 99.000 96.000 6.400 135.000 3.500 6.600 41.000 9800.000 5.200 0.000 1.000 0.000 1.000 1.000 0.000 1.000 0.000 0.000 1.000 0.000 1.000 0.000 1.000 1.000 0.000
67.000 90.000 1.020 1.000 0.000 141.000 66.000 3.200 138.000 6.600 15.000 41.000 9800.000 5.200 1.000 0.000 0.000 1.000 1.000 0.000 0.000 1.000 0.000 1.000 0.000 1.000 0.000 1.000 0.000 1.000
67.000 80.000 1.010 1.000 3.000 182.000 391.000 32.000 163.000 39.000 15.000 41.000 9800.000 5.200 0.000 1.000 0.000 1.000 0.000 1.000 0.000 1.000 0.000 1.000 0.000 1.000 1.000 0.000 0.000 1.000
15.000 60.000 1.020 3.000 0.000 86.000 15.000 0.600 138.000 4.000 11.000 33.000 7700.000 3.800 0.000 1.000 0.000 1.000 1.000 0.000 1.000 0.000 0.000 1.000 0.000 1.000 0.000 1.000 0.000 1.000
46.000 70.000 1.015 1.000 0.000 150.000 111.000 6.100 131.000 3.700 7.500 27.000 9800.000 5.200 0.000 1.000 0.000 1.000 0.000 1.000 0.000 1.000 0.000 1.000 0.000 1.000 0.000 1.000 1.000 0.000
55.000 80.000 1.010 0.000 0.000 146.000 46.000 1.200 135.000 3.500 9.800 41.000 9800.000 5.200 0.000 1.000 0.000 1.000 0.000 1.000 0.000 1.000 0.000 1.000 0.000 1.000 0.000 1.000 0.000 1.000
44.000 90.000 1.010 1.000 0.000 99.000 20.000 1.100 135.000 3.500 15.000 48.000 9800.000 5.200 0.000 1.000 0.000 1.000 0.000 1.000 0.000 1.000 0.000 1.000 0.000 1.000 0.000 1.000 0.000 1.000
67.000 70.000 1.020 2.000 0.000 150.000 55.000 1.600 131.000 4.800 15.000 41.000 9800.000 5.200 0.000 1.000 0.000 1.000 1.000 0.000 1.000 0.000 0.000 1.000 0.000 1.000 1.000 0.000 0.000 1.000
45.000 80.000 1.020 3.000 0.000 425.000 46.000 1.200 135.000 3.500 15.000 41.000 9800.000 5.200 0.000 1.000 0.000 1.000 0.000 1.000 0.000 1.000 0.000 1.000 1.000 0.000 0.000 1.000 0.000 1.000
65.000 70.000 1.010 2.000 0.000 112.000 73.000 3.300 135.000 3.500 10.900 37.000 9800.000 5.200 1.000 0.000 0.000 1.000 0.000 1.000 0.000 1.000 0.000 1.000 0.000 1.000 0.000 1.000 0.000 1.000
26.000 70.000 1.015 0.000 4.000 250.000 20.000 1.100 135.000 3.500 15.600 52.000 6900.000 6.000 0.000 1.000 0.000 1.000 0.000 1.000 1.000 0.000 0.000 1.000 0.000 1.000 0.000 1.000 0.000 1.000
61.000 80.000 1.015 0.000 4.000 360.000 19.000 0.700 137.000 4.400 15.200 44.000 8300.000 5.200 0.000 1.000 0.000 1.000 1.000 0.000 1.000 0.000 0.000 1.000 0.000 1.000 0.000 1.000 0.000 1.000
46.000 60.000 1.010 1.000 0.000 163.000 92.000 3.300 141.000 4.000 9.800 28.000 14600.000 3.200 0.000 1.000 0.000 1.000 1.000 0.000 1.000 0.000 0.000 1.000 0.000 1.000 0.000 1.000 0.000 1.000
64.000 90.000 1.010 3.000 3.000 99.000 35.000 1.300 135.000 3.500 10.300 41.000 9800.000 5.200 1.000 0.000 0.000 1.000 1.000 0.000 1.000 0.000 0.000 1.000 0.000 1.000 1.000 0.000 0.000 1.000
60.000 100.000 1.015 2.000 0.000 129.000 107.000 6.700 132.000 4.400 4.800 14.000 6300.000 5.200 0.000 1.000 0.000 1.000 1.000 0.000 0.000 1.000 0.000 1.000 0.000 1.000 1.000 0.000 1.000 0.000
56.000 90.000 1.015 2.000 0.000 129.000 107.000 6.700 131.000 4.800 9.100 29.000 6400.000 3.400 0.000 1.000 0.000 1.000 1.000 0.000 0.000 1.000 0.000 1.000 0.000 1.000 0.000 1.000 0.000 1.000
5.000 80.000 1.015 1.000 0.000 99.000 16.000 0.700 138.000 3.200 8.100 41.000 9800.000 5.200 0.000 1.000 0.000 1.000 0.000 1.000 0.000 1.000 0.000 1.000 0.000 1.000 0.000 1.000 1.000 0.000
48.000 80.000 1.005 4.000 0.000 133.000 139.000 8.500 132.000 5.500 10.300 36.000 6200.000 4.000 0.000 1.000 1.000 0.000 0.000 1.000 1.000 0.000 0.000 1.000 0.000 1.000 1.000 0.000 0.000 1.000
67.000 70.000 1.010 1.000 0.000 102.000 48.000 3.200 137.000 5.000 11.900 34.000 7100.000 3.700 0.000 1.000 0.000 1.000 1.000 0.000 1.000 0.000 0.000 1.000 0.000 1.000 1.000 0.000 0.000 1.000
70.000 80.000 1.020 0.000 0.000 158.000 85.000 3.200 141.000 3.500 10.100 30.000 9800.000 5.200 0.000 1.000 0.000 1.000 1.000 0.000 0.000 1.000 0.000 1.000 0.000 1.000 1.000 0.000 0.000 1.000
56.000 80.000 1.010 1.000 0.000 165.000 55.000 1.800 135.000 3.500 13.500 40.000 11800.000 5.000 0.000 1.000 0.000 1.000 1.000 0.000 1.000 0.000 0.000 1.000 1.000 0.000 1.000 0.000 0.000 1.000
74.000 80.000 1.010 0.000 0.000 132.000 98.000 2.800 133.000 5.000 10.800 31.000 9400.000 3.800 0.000 1.000 0.000 1.000 1.000 0.000 1.000 0.000 0.000 1.000 0.000 1.000 0.000 1.000 0.000 1.000
45.000 90.000 1.020 0.000 0.000 360.000 45.000 2.400 128.000 4.400 8.300 29.000 5500.000 3.700 0.000 1.000 0.000 1.000 1.000 0.000 1.000 0.000 0.000 1.000 0.000 1.000 0.000 1.000 0.000 1.000
38.000 70.000 1.020 0.000 0.000 104.000 77.000 1.900 140.000 3.900 15.000 41.000 9800.000 5.200 0.000 1.000 0.000 1.000 1.000 0.000 0.000 1.000 0.000 1.000 1.000 0.000 1.000 0.000 0.000 1.000
48.000 70.000 1.015 1.000 0.000 127.000 19.000 1.000 134.000 3.600 15.000 41.000 9800.000 5.200 0.000 1.000 0.000 1.000 1.000 0.000 1.000 0.000 0.000 1.000 0.000 1.000 0.000 1.000 0.000 1.000
59.000 70.000 1.010 3.000 0.000 76.000 186.000 15.000 135.000 7.600 7.100 22.000 3800.000 2.100 0.000 1.000 0.000 1.000 1.000 0.000 0.000 1.000 0.000 1.000 1.000 0.000 1.000 0.000 1.000 0.000
70.000 70.000 1.015 2.000 0.000 99.000 46.000 1.500 135.000 3.500 9.900 41.000 9800.000 5.200 0.000 1.000 0.000 1.000 0.000 1.000 1.000 0.000 0.000 1.000 1.000 0.000 1.000 0.000 0.000 1.000
56.000 80.000 1.020 0.000 0.000 415.000 37.000 1.900 135.000 3.500 15.000 41.000 9800.000 5.200 0.000 1.000 0.000 1.000 0.000 1.000 1.000 0.000 0.000 1.000 0.000 1.000 0.000 1.000 0.000 1.000
70.000 100.000 1.005 1.000 0.000 169.000 47.000 2.900 135.000 3.500 11.100 32.000 5800.000 5.000 1.000 0.000 0.000 1.000 1.000 0.000 1.000 0.000 0.000 1.000 1.000 0.000 0.000 1.000 0.000 1.000
58.000 110.000 1.010 4.000 0.000 251.000 52.000 2.200 135.000 3.500 15.000 41.000 13200.000 4.700 0.000 1.000 0.000 1.000 1.000 0.000 1.000 0.000 0.000 1.000 0.000 1.000 0.000 1.000 0.000 1.000
50.000 70.000 1.020 0.000 0.000 109.000 32.000 1.400 139.000 4.700 15.000 41.000 9800.000 5.200 0.000 1.000 0.000 1.000 0.000 1.000 0.000 1.000 0.000 1.000 1.000 0.000 0.000 1.000 0.000 1.000
63.000 100.000 1.010 2.000 2.000 280.000 35.000 3.200 143.000 3.500 13.000 40.000 9800.000 4.200 0.000 1.000 1.000 0.000 1.000 0.000 0.000 1.000 1.000 0.000 0.000 1.000 0.000 1.000 0.000 1.000
56.000 70.000 1.015 4.000 1.000 210.000 26.000 1.700 136.000 3.800 16.100 52.000 12500.000 5.600 0.000 1.000 0.000 1.000 0.000 1.000 0.000 1.000 0.000 1.000 0.000 1.000 0.000 1.000 0.000 1.000
71.000 70.000 1.010 3.000 0.000 219.000 82.000 3.600 133.000 4.400 10.400 33.000 5600.000 3.600 1.000 0.000 1.000 0.000 1.000 0.000 1.000 0.000 1.000 0.000 0.000 1.000 0.000 1.000 0.000 1.000
73.000 100.000 1.010 3.000 2.000 295.000 90.000 5.600 140.000 2.900 9.200 30.000 7000.000 3.200 1.000 0.000 0.000 1.000 1.000 0.000 1.000 0.000 1.000 0.000 1.000 0.000 0.000 1.000 0.000 1.000
65.000 70.000 1.010 0.000 0.000 93.000 66.000 1.600 137.000 4.500 11.600 36.000 11900.000 3.900 0.000 1.000 0.000 1.000 0.000 1.000 1.000 0.000 0.000 1.000 0.000 1.000 0.000 1.000 0.000 1.000
62.000 90.000 1.015 1.000 0.000 94.000 25.000 1.100 131.000 3.700 15.000 41.000 9800.000 5.200 0.000 1.000 0.000 1.000 1.000 0.000 0.000 1.000 0.000 1.000 0.000 1.000 1.000 0.000 1.000 0.000
60.000 80.000 1.010 1.000 1.000 172.000 32.000 2.700 135.000 3.500 11.200 36.000 9800.000 5.200 0.000 1.000 0.000 1.000 0.000 1.000 1.000 0.000 1.000 0.000 1.000 0.000 0.000 1.000 0.000 1.000
65.000 60.000 1.015 1.000 0.000 91.000 51.000 2.200 132.000 3.800 10.000 32.000 9100.000 4.000 0.000 1.000 0.000 1.000 1.000 0.000 1.000 0.000 0.000 1.000 1.000 0.000 1.000 0.000 0.000 1.000
50.000 140.000 1.020 0.000 0.000 101.000 106.000 6.500 135.000 4.300 6.200 18.000 5800.000 2.300 0.000 1.000 0.000 1.000 1.000 0.000 1.000 0.000 0.000 1.000 1.000 0.000 0.000 1.000 1.000 0.000
56.000 180.000 1.020 0.000 4.000 298.000 24.000 1.200 139.000 3.900 11.200 32.000 10400.000 4.200 0.000 1.000 0.000 1.000 1.000 0.000 1.000 0.000 0.000 1.000 1.000 0.000 1.000 0.000 0.000 1.000
34.000 70.000 1.015 4.000 0.000 153.000 22.000 0.900 133.000 3.800 15.000 41.000 9800.000 5.200 0.000 1.000 0.000 1.000 0.000 1.000 0.000 1.000 0.000 1.000 0.000 1.000 1.000 0.000 0.000 1.000
71.000 90.000 1.015 2.000 0.000 88.000 80.000 4.400 139.000 5.700 11.300 33.000 10700.000 3.900 1.000 0.000 1.000 0.000 0.000 1.000 0.000 1.000 0.000 1.000 0.000 1.000 0.000 1.000 0.000 1.000
17.000 60.000 1.010 0.000 0.000 92.000 32.000 2.100 141.000 4.200 13.900 52.000 7000.000 5.200 0.000 1.000 0.000 1.000 0.000 1.000 0.000 1.000 0.000 1.000 0.000 1.000 0.000 1.000 0.000 1.000
76.000 70.000 1.015 2.000 0.000 226.000 217.000 10.200 135.000 3.500 10.200 36.000 12700.000 4.200 1.000 0.000 0.000 1.000 1.000 0.000 0.000 1.000 0.000 1.000 1.000 0.000 1.000 0.000 1.000 0.000
55.000 90.000 1.020 0.000 0.000 143.000 88.000 2.000 135.000 3.500 15.000 41.000 9800.000 5.200 0.000 1.000 0.000 1.000 1.000 0.000 1.000 0.000 0.000 1.000 1.000 0.000 1.000 0.000 0.000 1.000
65.000 80.000 1.015 0.000 0.000 115.000 32.000 11.500 139.000 4.000 14.100 42.000 6800.000 5.200 0.000 1.000 0.000 1.000 0.000 1.000 0.000 1.000 0.000 1.000 0.000 1.000 0.000 1.000 0.000 1.000
50.000 90.000 1.020 0.000 0.000 89.000 118.000 6.100 127.000 4.400 6.000 17.000 6500.000 5.200 0.000 1.000 0.000 1.000 1.000 0.000 1.000 0.000 0.000 1.000 0.000 1.000 1.000 0.000 1.000 0.000
55.000 100.000 1.015 1.000 4.000 297.000 53.000 2.800 139.000 4.500 11.200 34.000 13600.000 4.400 0.000 1.000 0.000 1.000 1.000 0.000 1.000 0.000 0.000 1.000 0.000 1.000 0.000 1.000 0.000 1.000
45.000 80.000 1.015 0.000 0.000 107.000 15.000 1.000 141.000 4.200 11.800 37.000 10200.000 4.200 0.000 1.000 0.000 1.000 0.000 1.000 0.000 1.000 0.000 1.000 0.000 1.000 0.000 1.000 0.000 1.000
54.000 70.000 1.020 0.000 0.000 233.000 50.100 1.900 135.000 3.500 11.700 41.000 9800.000 5.200 0.000 1.000 0.000 1.000 0.000 1.000 1.000 0.000 0.000 1.000 0.000 1.000 0.000 1.000 0.000 1.000
63.000 90.000 1.015 0.000 0.000 123.000 19.000 2.000 142.000 3.800 11.700 34.000 11400.000 4.700 0.000 1.000 0.000 1.000 0.000 1.000 0.000 1.000 0.000 1.000 0.000 1.000 0.000 1.000 0.000 1.000
65.000 80.000 1.010 3.000 3.000 294.000 71.000 4.400 128.000 5.400 10.000 32.000 9000.000 3.900 0.000 1.000 0.000 1.000 1.000 0.000 1.000 0.000 1.000 0.000 0.000 1.000 0.000 1.000 0.000 1.000
60.000 60.000 1.015 3.000 0.000 99.000 34.000 1.200 135.000 3.500 10.800 33.000 9800.000 5.200 0.000 1.000 0.000 1.000 0.000 1.000 0.000 1.000 0.000 1.000 0.000 1.000 0.000 1.000 0.000 1.000
61.000 90.000 1.015 0.000 2.000 99.000 46.000 1.200 135.000 3.500 15.000 41.000 9800.000 5.200 0.000 1.000 0.000 1.000 0.000 1.000 1.000 0.000 0.000 1.000 1.000 0.000 0.000 1.000 1.000 0.000
12.000 60.000 1.015 3.000 0.000 99.000 51.000 1.800 135.000 3.500 12.100 41.000 10300.000 5.200 1.000 0.000 0.000 1.000 0.000 1.000 0.000 1.000 0.000 1.000 0.000 1.000 0.000 1.000 0.000 1.000
47.000 80.000 1.010 0.000 0.000 99.000 28.000 0.900 135.000 3.500 12.400 44.000 5600.000 4.300 0.000 1.000 0.000 1.000 0.000 1.000 0.000 1.000 0.000 1.000 0.000 1.000 0.000 1.000 1.000 0.000
60.000 70.000 1.015 4.000 0.000 104.000 16.000 0.500 135.000 3.500 15.000 41.000 9800.000 5.200 0.000 1.000 0.000 1.000 0.000 1.000 0.000 1.000 0.000 1.000 0.000 1.000 1.000 0.000 0.000 1.000
60.000 70.000 1.020 0.000 0.000 219.000 36.000 1.300 139.000 3.700 12.500 37.000 9800.000 4.400 0.000 1.000 0.000 1.000 0.000 1.000 0.000 1.000 0.000 1.000 0.000 1.000 0.000 1.000 0.000 1.000
55.000 70.000 1.010 3.000 0.000 99.000 25.000 1.200 135.000 3.500 11.400 41.000 9800.000 5.200 0.000 1.000 0.000 1.000 0.000 1.000 0.000 1.000 0.000 1.000 1.000 0.000 1.000 0.000 0.000 1.000
60.000 70.000 1.010 0.000 0.000 140.000 27.000 1.200 135.000 3.500 15.000 41.000 9800.000 5.200 0.000 1.000 0.000 1.000 0.000 1.000 0.000 1.000 0.000 1.000 0.000 1.000 0.000 1.000 0.000 1.000
72.000 90.000 1.025 1.000 3.000 323.000 40.000 2.200 137.000 5.300 12.600 41.000 9800.000 5.200 0.000 1.000 0.000 1.000 0.000 1.000 1.000 0.000 1.000 0.000 1.000 0.000 0.000 1.000 0.000 1.000
54.000 60.000 1.020 3.000 0.000 125.000 21.000 1.300 137.000 3.400 15.000 46.000 9800.000 5.200 0.000 1.000 0.000 1.000 1.000 0.000 1.000 0.000 0.000 1.000 0.000 1.000 1.000 0.000 0.000 1.000
34.000 70.000 1.020 0.000 0.000 99.000 219.000 12.200 130.000 3.800 6.000 41.000 9800.000 5.200 0.000 1.000 0.000 1.000 1.000 0.000 0.000 1.000 0.000 1.000 0.000 1.000 0.000 1.000 1.000 0.000
43.000 80.000 1.015 2.000 3.000 99.000 30.000 1.100 135.000 3.500 14.000 42.000 14900.000 5.200 1.000 0.000 1.000 0.000 0.000 1.000 0.000 1.000 0.000 1.000 0.000 1.000 0.000 1.000 0.000 1.000
65.000 100.000 1.015 0.000 0.000 90.000 98.000 2.500 135.000 3.500 9.100 28.000 5500.000 3.600 0.000 1.000 0.000 1.000 1.000 0.000 0.000 1.000 0.000 1.000 0.000 1.000 0.000 1.000 0.000 1.000
72.000 90.000 1.020 0.000 0.000 308.000 36.000 2.500 131.000 4.300 15.000 41.000 9800.000 5.200 0.000 1.000 0.000 1.000 1.000 0.000 1.000 0.000 0.000 1.000 1.000 0.000 0.000 1.000 0.000 1.000
70.000 90.000 1.015 0.000 0.000 144.000 125.000 4.000 136.000 4.600 12.000 37.000 8200.000 4.500 0.000 1.000 0.000 1.000 1.000 0.000 1.000 0.000 0.000 1.000 1.000 0.000 1.000 0.000 0.000 1.000
71.000 60.000 1.015 4.000 0.000 118.000 125.000 5.300 136.000 4.900 11.400 35.000 15200.000 4.300 0.000 1.000 0.000 1.000 1.000 0.000 1.000 0.000 0.000 1.000 1.000 0.000 1.000 0.000 0.000 1.000
52.000 90.000 1.015 4.000 3.000 224.000 166.000 5.600 133.000 47.000 8.100 23.000 5000.000 2.900 0.000 1.000 0.000 1.000 1.000 0.000 1.000 0.000 0.000 1.000 0.000 1.000 0.000 1.000 1.000 0.000
75.000 70.000 1.025 1.000 0.000 158.000 49.000 1.400 135.000 4.700 11.100 41.000 9800.000 5.200 0.000 1.000 0.000 1.000 1.000 0.000 0.000 1.000 0.000 1.000 1.000 0.000 1.000 0.000 0.000 1.000
50.000 90.000 1.010 2.000 0.000 128.000 208.000 9.200 134.000 4.800 8.200 22.000 16300.000 2.700 1.000 0.000 1.000 0.000 0.000 1.000 0.000 1.000 0.000 1.000 1.000 0.000 1.000 0.000 1.000 0.000
5.000 50.000 1.010 0.000 0.000 99.000 25.000 0.600 135.000 3.500 11.800 36.000 12400.000 5.200 0.000 1.000 0.000 1.000 0.000 1.000 0.000 1.000 0.000 1.000 0.000 1.000 0.000 1.000 0.000 1.000
50.000 80.000 1.020 0.000 0.000 219.000 176.000 13.800 136.000 4.500 8.600 24.000 13200.000 2.700 0.000 1.000 0.000 1.000 1.000 0.000 0.000 1.000 0.000 1.000 0.000 1.000 1.000 0.000 1.000 0.000
70.000 100.000 1.015 4.000 0.000 118.000 125.000 5.300 136.000 4.900 12.000 37.000 8400.000 8.000 0.000 1.000 0.000 1.000 1.000 0.000 0.000 1.000 0.000 1.000 0.000 1.000 0.000 1.000 0.000 1.000
47.000 100.000 1.010 0.000 0.000 122.000 46.000 16.900 138.000 5.200 10.800 33.000 10200.000 3.800 0.000 1.000 0.000 1.000 0.000 1.000 1.000 0.000 0.000 1.000 0.000 1.000 0.000 1.000 0.000 1.000
48.000 80.000 1.015 0.000 2.000 214.000 24.000 1.300 140.000 4.000 13.200 39.000 9800.000 5.200 0.000 1.000 0.000 1.000 0.000 1.000 1.000 0.000 0.000 1.000 1.000 0.000 0.000 1.000 0.000 1.000
46.000 90.000 1.020 0.000 0.000 213.000 68.000 2.800 146.000 6.300 9.300 41.000 9800.000 5.200 0.000 1.000 0.000 1.000 1.000 0.000 1.000 0.000 0.000 1.000 0.000 1.000 0.000 1.000 0.000 1.000
45.000 60.000 1.010 2.000 0.000 268.000 86.000 4.000 134.000 5.100 10.000 29.000 9200.000 5.200 1.000 0.000 0.000 1.000 1.000 0.000 1.000 0.000 0.000 1.000 0.000 1.000 0.000 1.000 0.000 1.000
73.000 80.000 1.010 1.000 0.000 95.000 51.000 1.600 142.000 3.500 15.000 41.000 9800.000 5.200 0.000 1.000 0.000 1.000 0.000 1.000 0.000 1.000 0.000 1.000 0.000 1.000 0.000 1.000 0.000 1.000
41.000 70.000 1.015 2.000 0.000 99.000 68.000 2.800 132.000 4.100 11.100 33.000 9800.000 5.200 0.000 1.000 1.000 0.000 1.000 0.000 0.000 1.000 0.000 1.000 0.000 1.000 1.000 0.000 1.000 0.000
69.000 70.000 1.010 0.000 4.000 256.000 40.000 1.200 142.000 5.600 15.000 41.000 9800.000 5.200 0.000 1.000 0.000 1.000 0.000 1.000 0.000 1.000 0.000 1.000 0.000 1.000 0.000 1.000 0.000 1.000
67.000 70.000 1.010 1.000 0.000 99.000 106.000 6.000 137.000 4.900 6.100 19.000 6500.000 5.200 0.000 1.000 0.000 1.000 1.000 0.000 0.000 1.000 0.000 1.000 0.000 1.000 0.000 1.000 1.000 0.000
72.000 90.000 1.020 0.000 0.000 84.000 145.000 7.100 135.000 5.300 15.000 41.000 9800.000 5.200 0.000 1.000 0.000 1.000 0.000 1.000 1.000 0.000 0.000 1.000 0.000 1.000 0.000 1.000 0.000 1.000
41.000 80.000 1.015 1.000 4.000 210.000 165.000 18.000 135.000 4.700 15.000 41.000 9800.000 5.200 0.000 1.000 0.000 1.000 0.000 1.000 1.000 0.000 0.000 1.000 0.000 1.000 0.000 1.000 0.000 1.000
60.000 90.000 1.010 2.000 0.000 105.000 53.000 2.300 136.000 5.200 11.100 33.000 10500.000 4.100 0.000 1.000 0.000 1.000 0.000 1.000 0.000 1.000 0.000 1.000 0.000 1.000 0.000 1.000 0.000 1.000
57.000 90.000 1.015 5.000 0.000 99.000 322.000 13.000 126.000 4.800 8.000 24.000 4200.000 3.300 0.000 1.000 1.000 0.000 1.000 0.000 1.000 0.000 1.000 0.000 1.000 0.000 1.000 0.000 1.000 0.000
53.000 100.000 1.010 1.000 3.000 213.000 23.000 1.000 139.000 4.000 15.000 41.000 9800.000 5.200 0.000 1.000 0.000 1.000 0.000 1.000 1.000 0.000 0.000 1.000 0.000 1.000 0.000 1.000 0.000 1.000
60.000 60.000 1.010 3.000 1.000 288.000 36.000 1.700 130.000 3.000 7.900 25.000 15200.000 3.000 1.000 0.000 0.000 1.000 1.000 0.000 0.000 1.000 0.000 1.000 1.000 0.000 0.000 1.000 1.000 0.000
69.000 60.000 1.020 0.000 0.000 171.000 26.000 48.100 135.000 3.500 15.000 41.000 9800.000 5.200 0.000 1.000 0.000 1.000 1.000 0.000 0.000 1.000 0.000 1.000 1.000 0.000 0.000 1.000 0.000 1.000
65.000 70.000 1.020 1.000 0.000 139.000 29.000 1.000 135.000 3.500 10.500 32.000 9800.000 5.200 0.000 1.000 0.000 1.000 1.000 0.000 0.000 1.000 0.000 1.000 0.000 1.000 1.000 0.000 0.000 1.000
8.000 60.000 1.025 3.000 0.000 78.000 27.000 0.900 135.000 3.500 12.300 41.000 6700.000 5.200 0.000 1.000 0.000 1.000 0.000 1.000 0.000 1.000 0.000 1.000 1.000 0.000 1.000 0.000 0.000 1.000
76.000 90.000 1.020 0.000 0.000 172.000 46.000 1.700 141.000 5.500 9.600 30.000 9800.000 5.200 0.000 1.000 0.000 1.000 1.000 0.000 1.000 0.000 0.000 1.000 0.000 1.000 0.000 1.000 1.000 0.000
39.000 70.000 1.010 0.000 0.000 121.000 20.000 0.800 133.000 3.500 10.900 32.000 9800.000 5.200 0.000 1.000 0.000 1.000 0.000 1.000 1.000 0.000 0.000 1.000 0.000 1.000 0.000 1.000 0.000 1.000
55.000 90.000 1.010 2.000 1.000 273.000 235.000 14.200 132.000 3.400 8.300 22.000 14600.000 2.900 0.000 1.000 0.000 1.000 1.000 0.000 1.000 0.000 0.000 1.000 1.000 0.000 1.000 0.000 1.000 0.000
56.000 90.000 1.005 4.000 3.000 242.000 132.000 16.400 140.000 4.200 8.400 26.000 9800.000 3.000 0.000 1.000 0.000 1.000 1.000 0.000 1.000 0.000 0.000 1.000 1.000 0.000 1.000 0.000 1.000 0.000
50.000 70.000 1.020 3.000 0.000 123.000 40.000 1.800 135.000 3.500 11.100 36.000 4700.000 5.200 1.000 0.000 1.000 0.000 0.000 1.000 0.000 1.000 0.000 1.000 0.000 1.000 0.000 1.000 0.000 1.000
66.000 90.000 1.015 2.000 0.000 153.000 76.000 3.300 135.000 3.500 15.000 41.000 9800.000 5.200 0.000 1.000 1.000 0.000 0.000 1.000 0.000 1.000 0.000 1.000 1.000 0.000 0.000 1.000 0.000 1.000
62.000 70.000 1.025 3.000 0.000 122.000 42.000 1.700 136.000 4.700 12.600 39.000 7900.000 3.900 0.000 1.000 0.000 1.000 1.000 0.000 1.000 0.000 0.000 1.000 0.000 1.000 0.000 1.000 0.000 1.000
71.000 60.000 1.020 3.000 2.000 424.000 48.000 1.500 132.000 4.000 10.900 31.000 9800.000 5.200 1.000 0.000 0.000 1.000 1.000 0.000 1.000 0.000 1.000 0.000 0.000 1.000 0.000 1.000 0.000 1.000
59.000 80.000 1.010 1.000 0.000 303.000 35.000 1.300 122.000 3.500 10.400 35.000 10900.000 4.300 0.000 1.000 0.000 1.000 0.000 1.000 1.000 0.000 0.000 1.000 1.000 0.000 0.000 1.000 0.000 1.000
81.000 60.000 1.020 0.000 0.000 148.000 39.000 2.100 147.000 4.200 10.900 35.000 9400.000 2.400 0.000 1.000 0.000 1.000 1.000 0.000 1.000 0.000 1.000 0.000 1.000 0.000 1.000 0.000 0.000 1.000
62.000 80.000 1.015 3.000 0.000 99.000 46.000 1.200 135.000 3.500 14.300 42.000 10200.000 4.800 0.000 1.000 0.000 1.000 1.000 0.000 1.000 0.000 0.000 1.000 0.000 1.000 0.000 1.000 0.000 1.000
59.000 70.000 1.020 0.000 0.000 204.000 34.000 1.500 124.000 4.100 9.800 37.000 6000.000 5.200 0.000 1.000 0.000 1.000 0.000 1.000 1.000 0.000 0.000 1.000 0.000 1.000 0.000 1.000 0.000 1.000
46.000 80.000 1.010 0.000 0.000 160.000 40.000 2.000 140.000 4.100 9.000 27.000 8100.000 3.200 0.000 1.000 0.000 1.000 1.000 0.000 0.000 1.000 0.000 1.000 1.000 0.000 0.000 1.000 1.000 0.000
14.000 80.000 1.015 0.000 0.000 192.000 15.000 0.800 137.000 4.200 14.300 40.000 9500.000 5.400 0.000 1.000 0.000 1.000 0.000 1.000 1.000 0.000 0.000 1.000 1.000 0.000 1.000 0.000 0.000 1.000
60.000 80.000 1.020 0.000 2.000 99.000 46.000 1.200 135.000 3.500 15.000 41.000 9800.000 5.200 0.000 1.000 0.000 1.000 0.000 1.000 1.000 0.000 0.000 1.000 0.000 1.000 0.000 1.000 0.000 1.000
27.000 60.000 1.020 0.000 0.000 76.000 44.000 3.900 127.000 4.300 15.000 41.000 9800.000 5.200 0.000 1.000 0.000 1.000 0.000 1.000 0.000 1.000 0.000 1.000 1.000 0.000 1.000 0.000 1.000 0.000
34.000 70.000 1.020 0.000 0.000 139.000 19.000 0.900 135.000 3.500 12.700 42.000 2200.000 5.200 0.000 1.000 0.000 1.000 0.000 1.000 0.000 1.000 0.000 1.000 1.000 0.000 0.000 1.000 0.000 1.000
65.000 70.000 1.015 4.000 4.000 307.000 28.000 1.500 135.000 3.500 11.000 39.000 6700.000 5.200 1.000 0.000 0.000 1.000 1.000 0.000 1.000 0.000 0.000 1.000 0.000 1.000 0.000 1.000 0.000 1.000
60.000 70.000 1.010 0.000 2.000 220.000 68.000 2.800 135.000 3.500 8.700 27.000 9800.000 5.200 0.000 1.000 0.000 1.000 1.000 0.000 1.000 0.000 0.000 1.000 0.000 1.000 0.000 1.000 1.000 0.000
66.000 70.000 1.015 2.000 5.000 447.000 41.000 1.700 131.000 3.900 12.500 33.000 9600.000 4.400 0.000 1.000 0.000 1.000 1.000 0.000 1.000 0.000 0.000 1.000 0.000 1.000 0.000 1.000 0.000 1.000
83.000 70.000 1.020 3.000 0.000 102.000 60.000 2.600 115.000 5.700 8.700 26.000 12800.000 3.100 0.000 1.000 0.000 1.000 1.000 0.000 0.000 1.000 0.000 1.000 1.000 0.000 0.000 1.000 1.000 0.000
62.000 80.000 1.010 1.000 2.000 309.000 113.000 2.900 130.000 2.500 10.600 34.000 12800.000 4.900 0.000 1.000 0.000 1.000 0.000 1.000 0.000 1.000 0.000 1.000 0.000 1.000 0.000 1.000 0.000 1.000
17.000 70.000 1.015 1.000 0.000 22.000 1.500 7.300 145.000 2.800 13.100 41.000 11200.000 5.200 0.000 1.000 0.000 1.000 0.000 1.000 0.000 1.000 0.000 1.000 0.000 1.000 0.000 1.000 0.000 1.000
54.000 70.000 1.020 0.000 0.000 111.000 146.000 7.500 141.000 4.700 11.000 35.000 8600.000 4.600 0.000 1.000 0.000 1.000 0.000 1.000 0.000 1.000 0.000 1.000 0.000 1.000 0.000 1.000 0.000 1.000
60.000 50.000 1.010 0.000 0.000 261.000 58.000 2.200 113.000 3.000 15.000 41.000 4200.000 3.400 0.000 1.000 0.000 1.000 1.000 0.000 0.000 1.000 0.000 1.000 0.000 1.000 0.000 1.000 0.000 1.000
21.000 90.000 1.010 4.000 0.000 107.000 40.000 1.700 125.000 3.500 8.300 23.000 12400.000 3.900 1.000 0.000 1.000 0.000 0.000 1.000 0.000 1.000 0.000 1.000 0.000 1.000 0.000 1.000 1.000 0.000
65.000 80.000 1.015 2.000 1.000 215.000 133.000 2.500 135.000 3.500 13.200 41.000 9800.000 5.200 1.000 0.000 0.000 1.000 0.000 1.000 1.000 0.000 0.000 1.000 0.000 1.000 0.000 1.000 0.000 1.000
42.000 90.000 1.020 2.000 0.000 93.000 153.000 2.700 139.000 4.300 9.800 34.000 9800.000 5.200 1.000 0.000 0.000 1.000 0.000 1.000 0.000 1.000 0.000 1.000 1.000 0.000 1.000 0.000 1.000 0.000
72.000 90.000 1.010 2.000 0.000 124.000 53.000 2.300 135.000 3.500 11.900 39.000 9800.000 5.200 1.000 0.000 0.000 1.000 0.000 1.000 0.000 1.000 0.000 1.000 0.000 1.000 0.000 1.000 0.000 1.000
73.000 90.000 1.010 1.000 4.000 234.000 56.000 1.900 135.000 3.500 10.300 28.000 9800.000 5.200 1.000 0.000 0.000 1.000 0.000 1.000 1.000 0.000 0.000 1.000 0.000 1.000 0.000 1.000 0.000 1.000
45.000 70.000 1.025 2.000 0.000 117.000 52.000 2.200 136.000 3.800 10.000 30.000 19100.000 3.700 1.000 0.000 0.000 1.000 0.000 1.000 0.000 1.000 0.000 1.000 0.000 1.000 0.000 1.000 0.000 1.000
61.000 80.000 1.020 0.000 0.000 131.000 23.000 0.800 140.000 4.100 11.300 35.000 9800.000 5.200 0.000 1.000 0.000 1.000 0.000 1.000 0.000 1.000 0.000 1.000 0.000 1.000 0.000 1.000 0.000 1.000
30.000 70.000 1.015 0.000 0.000 101.000 106.000 6.500 135.000 4.300 15.000 41.000 9800.000 5.200 0.000 1.000 0.000 1.000 0.000 1.000 0.000 1.000 0.000 1.000 1.000 0.000 0.000 1.000 0.000 1.000
54.000 60.000 1.015 3.000 2.000 352.000 137.000 3.300 133.000 4.500 11.300 31.000 5800.000 3.600 0.000 1.000 0.000 1.000 1.000 0.000 1.000 0.000 1.000 0.000 1.000 0.000 1.000 0.000 0.000 1.000
4.000 80.000 1.020 1.000 0.000 99.000 23.000 0.600 138.000 4.400 12.000 34.000 9800.000 5.200 0.000 1.000 0.000 1.000 0.000 1.000 0.000 1.000 0.000 1.000 0.000 1.000 0.000 1.000 0.000 1.000
8.000 50.000 1.020 4.000 0.000 99.000 46.000 1.000 135.000 3.800 15.000 41.000 9800.000 5.200 0.000 1.000 0.000 1.000 0.000 1.000 0.000 1.000 0.000 1.000 0.000 1.000 1.000 0.000 0.000 1.000
3.000 80.000 1.010 2.000 0.000 99.000 22.000 0.700 135.000 3.500 10.700 34.000 12300.000 5.200 0.000 1.000 0.000 1.000 0.000 1.000 0.000 1.000 0.000 1.000 0.000 1.000 0.000 1.000 0.000 1.000
8.000 80.000 1.020 0.000 0.000 80.000 66.000 2.500 142.000 3.600 12.200 38.000 9800.000 5.200 0.000 1.000 0.000 1.000 0.000 1.000 0.000 1.000 0.000 1.000 0.000 1.000 0.000 1.000 0.000 1.000
64.000 60.000 1.010 4.000 1.000 239.000 58.000 4.300 137.000 5.400 9.500 29.000 7500.000 3.400 0.000 1.000 1.000 0.000 1.000 0.000 1.000 0.000 0.000 1.000 1.000 0.000 1.000 0.000 0.000 1.000
6.000 60.000 1.010 4.000 0.000 94.000 67.000 1.000 135.000 4.900 9.900 30.000 16700.000 4.800 0.000 1.000 1.000 0.000 0.000 1.000 0.000 1.000 0.000 1.000 1.000 0.000 0.000 1.000 0.000 1.000
60.000 70.000 1.010 3.000 0.000 110.000 115.000 6.000 134.000 2.700 9.100 26.000 9200.000 3.400 0.000 1.000 0.000 1.000 1.000 0.000 1.000 0.000 0.000 1.000 1.000 0.000 0.000 1.000 0.000 1.000
46.000 110.000 1.015 0.000 0.000 130.000 16.000 0.900 135.000 3.500 15.000 41.000 9800.000 5.200 0.000 1.000 0.000 1.000 0.000 1.000 0.000 1.000 0.000 1.000 0.000 1.000 0.000 1.000 0.000 1.000
32.000 90.000 1.025 1.000 0.000 99.000 223.000 18.100 113.000 6.500 5.500 15.000 2600.000 2.800 0.000 1.000 0.000 1.000 1.000 0.000 1.000 0.000 0.000 1.000 1.000 0.000 1.000 0.000 1.000 0.000
80.000 70.000 1.010 2.000 0.000 99.000 49.000 1.200 135.000 3.500 15.000 41.000 9800.000 5.200 0.000 1.000 0.000 1.000 1.000 0.000 1.000 0.000 0.000 1.000 0.000 1.000 0.000 1.000 0.000 1.000
70.000 90.000 1.020 2.000 1.000 184.000 98.600 3.300 138.000 3.900 5.800 41.000 9800.000 5.200 0.000 1.000 1.000 0.000 1.000 0.000 1.000 0.000 1.000 0.000 1.000 0.000 0.000 1.000 0.000 1.000
49.000 100.000 1.010 3.000 0.000 129.000 158.000 11.800 122.000 3.200 8.100 24.000 9600.000 3.500 0.000 1.000 0.000 1.000 1.000 0.000 1.000 0.000 0.000 1.000 1.000 0.000 1.000 0.000 1.000 0.000
57.000 80.000 1.020 0.000 0.000 99.000 111.000 9.300 124.000 5.300 6.800 41.000 4300.000 3.000 0.000 1.000 0.000 1.000 1.000 0.000 1.000 0.000 0.000 1.000 0.000 1.000 0.000 1.000 1.000 0.000
59.000 100.000 1.020 4.000 2.000 252.000 40.000 3.200 137.000 4.700 11.200 30.000 26400.000 3.900 0.000 1.000 0.000 1.000 1.000 0.000 1.000 0.000 0.000 1.000 1.000 0.000 1.000 0.000 0.000 1.000
65.000 80.000 1.015 0.000 0.000 92.000 37.000 1.500 140.000 5.200 8.800 25.000 10700.000 3.200 0.000 1.000 0.000 1.000 1.000 0.000 0.000 1.000 1.000 0.000 0.000 1.000 1.000 0.000 0.000 1.000
90.000 90.000 1.025 1.000 0.000 139.000 89.000 3.000 140.000 4.100 12.000 37.000 7900.000 3.900 0.000 1.000 0.000 1.000 1.000 0.000 1.000 0.000 0.000 1.000 0.000 1.000 0.000 1.000 0.000 1.000
64.000 70.000 1.020 0.000 0.000 113.000 94.000 7.300 137.000 4.300 7.900 21.000 9800.000 5.200 0.000 1.000 0.000 1.000 1.000 0.000 1.000 0.000 1.000 0.000 0.000 1.000 1.000 0.000 1.000 0.000
78.000 60.000 1.020 0.000 0.000 114.000 74.000 2.900 135.000 5.900 8.000 24.000 9800.000 5.200 0.000 1.000 0.000 1.000 0.000 1.000 1.000 0.000 0.000 1.000 0.000 1.000 0.000 1.000 1.000 0.000
60.000 90.000 1.020 0.000 0.000 207.000 80.000 6.800 142.000 5.500 8.500 41.000 9800.000 5.200 0.000 1.000 0.000 1.000 1.000 0.000 1.000 0.000 0.000 1.000 0.000 1.000 0.000 1.000 1.000 0.000
65.000 90.000 1.010 4.000 2.000 172.000 82.000 13.500 145.000 6.300 8.800 31.000 9800.000 5.200 0.000 1.000 0.000 1.000 1.000 0.000 1.000 0.000 0.000 1.000 0.000 1.000 1.000 0.000 1.000 0.000
61.000 70.000 1.020 0.000 0.000 100.000 28.000 2.100 135.000 3.500 12.600 43.000 9800.000 5.200 0.000 1.000 0.000 1.000 1.000 0.000 1.000 0.000 0.000 1.000 0.000 1.000 0.000 1.000 0.000 1.000
60.000 70.000 1.010 1.000 0.000 109.000 96.000 3.900 135.000 4.000 13.800 41.000 9800.000 5.200 0.000 1.000 0.000 1.000 1.000 0.000 0.000 1.000 0.000 1.000 0.000 1.000 0.000 1.000 0.000 1.000
50.000 70.000 1.010 0.000 0.000 230.000 50.000 2.200 135.000 3.500 12.000 41.000 10400.000 4.600 0.000 1.000 0.000 1.000 1.000 0.000 1.000 0.000 0.000 1.000 0.000 1.000 0.000 1.000 0.000 1.000
67.000 80.000 1.020 0.000 0.000 341.000 37.000 1.500 135.000 3.500 12.300 41.000 6900.000 4.900 0.000 1.000 0.000 1.000 1.000 0.000 1.000 0.000 0.000 1.000 0.000 1.000 0.000 1.000 1.000 0.000
19.000 70.000 1.020 0.000 0.000 99.000 46.000 1.200 135.000 3.500 11.500 41.000 6900.000 5.200 0.000 1.000 0.000 1.000 0.000 1.000 0.000 1.000 0.000 1.000 0.000 1.000 0.000 1.000 0.000 1.000
59.000 100.000 1.015 4.000 2.000 255.000 132.000 12.800 135.000 5.700 7.300 20.000 9800.000 3.900 0.000 1.000 0.000 1.000 1.000 0.000 1.000 0.000 1.000 0.000 0.000 1.000 0.000 1.000 1.000 0.000
54.000 120.000 1.015 0.000 0.000 103.000 18.000 1.200 135.000 3.500 15.000 41.000 9800.000 5.200 0.000 1.000 0.000 1.000 0.000 1.000 0.000 1.000 0.000 1.000 0.000 1.000 0.000 1.000 0.000 1.000
40.000 70.000 1.015 3.000 4.000 253.000 150.000 11.900 132.000 5.600 10.900 31.000 8800.000 3.400 0.000 1.000 0.000 1.000 1.000 0.000 1.000 0.000 0.000 1.000 1.000 0.000 1.000 0.000 0.000 1.000
55.000 80.000 1.010 3.000 1.000 214.000 73.000 3.900 137.000 4.900 10.900 34.000 7400.000 3.700 1.000 0.000 1.000 0.000 1.000 0.000 1.000 0.000 0.000 1.000 0.000 1.000 1.000 0.000 0.000 1.000
68.000 80.000 1.015 0.000 0.000 171.000 30.000 1.000 135.000 3.500 13.700 43.000 4900.000 5.200 0.000 1.000 0.000 1.000 0.000 1.000 1.000 0.000 0.000 1.000 0.000 1.000 0.000 1.000 0.000 1.000
2.000 80.000 1.010 3.000 0.000 99.000 46.000 1.200 135.000 3.500 15.000 41.000 9800.000 5.200 0.000 1.000 0.000 1.000 0.000 1.000 0.000 1.000 0.000 1.000 0.000 1.000 1.000 0.000 0.000 1.000
64.000 70.000 1.010 0.000 0.000 107.000 15.000 1.200 135.000 3.500 12.800 38.000 9800.000 5.200 0.000 1.000 0.000 1.000 0.000 1.000 0.000 1.000 0.000 1.000 0.000 1.000 0.000 1.000 0.000 1.000
63.000 100.000 1.010 1.000 0.000 78.000 61.000 1.800 141.000 4.400 12.200 36.000 10500.000 4.300 0.000 1.000 0.000 1.000 0.000 1.000 1.000 0.000 0.000 1.000 0.000 1.000 0.000 1.000 0.000 1.000
33.000 90.000 1.015 0.000 0.000 92.000 19.000 0.800 135.000 3.500 11.800 34.000 7000.000 5.200 0.000 1.000 0.000 1.000 0.000 1.000 0.000 1.000 0.000 1.000 0.000 1.000 0.000 1.000 0.000 1.000
68.000 90.000 1.010 0.000 0.000 238.000 57.000 2.500 135.000 3.500 9.800 28.000 8000.000 3.300 0.000 1.000 0.000 1.000 1.000 0.000 1.000 0.000 0.000 1.000 1.000 0.000 0.000 1.000 0.000 1.000
36.000 80.000 1.010 0.000 0.000 103.000 46.000 1.200 135.000 3.500 11.900 36.000 8800.000 5.200 0.000 1.000 0.000 1.000 0.000 1.000 0.000 1.000 0.000 1.000 0.000 1.000 0.000 1.000 0.000 1.000
66.000 70.000 1.020 1.000 0.000 248.000 30.000 1.700 138.000 5.300 15.000 41.000 9800.000 5.200 0.000 1.000 0.000 1.000 1.000 0.000 1.000 0.000 0.000 1.000 0.000 1.000 0.000 1.000 0.000 1.000
74.000 60.000 1.020 0.000 0.000 108.000 68.000 1.800 135.000 3.500 15.000 41.000 9800.000 5.200 0.000 1.000 0.000 1.000 1.000 0.000 1.000 0.000 0.000 1.000 0.000 1.000 0.000 1.000 0.000 1.000
71.000 90.000 1.010 0.000 3.000 303.000 30.000 1.300 136.000 4.100 13.000 38.000 9200.000 4.600 0.000 1.000 0.000 1.000 1.000 0.000 1.000 0.000 0.000 1.000 0.000 1.000 0.000 1.000 0.000 1.000
34.000 60.000 1.020 0.000 0.000 117.000 28.000 2.200 138.000 3.800 15.000 41.000 9800.000 5.200 0.000 1.000 0.000 1.000 0.000 1.000 0.000 1.000 0.000 1.000 0.000 1.000 1.000 0.000 0.000 1.000
60.000 90.000 1.010 3.000 5.000 490.000 95.000 2.700 131.000 3.800 11.500 35.000 12000.000 4.500 0.000 1.000 1.000 0.000 1.000 0.000 1.000 0.000 0.000 1.000 0.000 1.000 0.000 1.000 0.000 1.000
64.000 100.000 1.015 4.000 2.000 163.000 54.000 7.200 140.000 4.600 7.900 26.000 7500.000 3.400 0.000 1.000 1.000 0.000 1.000 0.000 1.000 0.000 0.000 1.000 0.000 1.000 1.000 0.000 0.000 1.000
57.000 80.000 1.015 0.000 0.000 120.000 48.000 1.600 135.000 3.500 11.300 36.000 7200.000 3.800 0.000 1.000 0.000 1.000 1.000 0.000 1.000 0.000 0.000 1.000 0.000 1.000 0.000 1.000 0.000 1.000
60.000 70.000 1.020 0.000 0.000 124.000 52.000 2.500 135.000 3.500 15.000 41.000 9800.000 5.200 0.000 1.000 0.000 1.000 1.000 0.000 0.000 1.000 0.000 1.000 0.000 1.000 0.000 1.000 0.000 1.000
59.000 50.000 1.010 3.000 0.000 241.000 191.000 12.000 114.000 2.900 9.600 31.000 15700.000 3.800 0.000 1.000 0.000 1.000 0.000 1.000 1.000 0.000 0.000 1.000 0.000 1.000 1.000 0.000 0.000 1.000
65.000 60.000 1.010 2.000 0.000 192.000 17.000 1.700 130.000 4.300 15.000 41.000 9500.000 5.200 1.000 0.000 0.000 1.000 1.000 0.000 1.000 0.000 0.000 1.000 1.000 0.000 0.000 1.000 0.000 1.000
60.000 90.000 1.020 0.000 0.000 269.000 51.000 2.800 138.000 3.700 11.500 35.000 9800.000 5.200 0.000 1.000 0.000 1.000 1.000 0.000 1.000 0.000 1.000 0.000 0.000 1.000 1.000 0.000 0.000 1.000
50.000 90.000 1.015 1.000 0.000 99.000 46.000 1.200 135.000 3.500 15.000 41.000 9800.000 5.200 0.000 1.000 0.000 1.000 0.000 1.000 0.000 1.000 0.000 1.000 0.000 1.000 1.000 0.000 0.000 1.000
51.000 100.000 1.015 2.000 0.000 93.000 20.000 1.600 146.000 4.500 15.000 41.000 9800.000 5.200 0.000 1.000 1.000 0.000 0.000 1.000 0.000 1.000 0.000 1.000 1.000 0.000 0.000 1.000 0.000 1.000
37.000 100.000 1.010 0.000 0.000 99.000 19.000 1.300 135.000 3.500 15.000 44.000 4100.000 5.200 0.000 1.000 0.000 1.000 1.000 0.000 0.000 1.000 0.000 1.000 0.000 1.000 0.000 1.000 0.000 1.000
45.000 70.000 1.010 2.000 0.000 113.000 93.000 2.300 135.000 3.500 7.900 26.000 5700.000 5.200 0.000 1.000 0.000 1.000 0.000 1.000 0.000 1.000 1.000 0.000 0.000 1.000 0.000 1.000 1.000 0.000
65.000 80.000 1.020 0.000 0.000 74.000 66.000 2.000 136.000 5.400 9.100 25.000 9800.000 5.200 0.000 1.000 0.000 1.000 1.000 0.000 1.000 0.000 1.000 0.000 0.000 1.000 1.000 0.000 0.000 1.000
80.000 70.000 1.015 2.000 2.000 141.000 53.000 2.200 135.000 3.500 12.700 40.000 9600.000 5.200 0.000 1.000 0.000 1.000 1.000 0.000 1.000 0.000 0.000 1.000 1.000 0.000 1.000 0.000 0.000 1.000
72.000 100.000 1.020 0.000 0.000 201.000 241.000 13.400 127.000 4.800 9.400 28.000 9800.000 5.200 0.000 1.000 0.000 1.000 1.000 0.000 1.000 0.000 0.000 1.000 0.000 1.000 0.000 1.000 1.000 0.000
34.000 90.000 1.015 2.000 0.000 104.000 50.000 1.600 137.000 4.100 11.900 39.000 9800.000 5.200 0.000 1.000 0.000 1.000 0.000 1.000 0.000 1.000 0.000 1.000 0.000 1.000 0.000 1.000 0.000 1.000
65.000 70.000 1.015 1.000 0.000 203.000 46.000 1.400 135.000 3.500 11.400 36.000 5000.000 4.100 0.000 1.000 0.000 1.000 1.000 0.000 1.000 0.000 0.000 1.000 1.000 0.000 1.000 0.000 0.000 1.000
57.000 70.000 1.015 1.000 0.000 165.000 45.000 1.500 140.000 3.300 10.400 31.000 4200.000 3.900 0.000 1.000 0.000 1.000 0.000 1.000 0.000 1.000 0.000 1.000 0.000 1.000 0.000 1.000 0.000 1.000
69.000 70.000 1.010 4.000 3.000 214.000 96.000 6.300 120.000 3.900 9.400 28.000 11500.000 3.300 1.000 0.000 1.000 0.000 1.000 0.000 1.000 0.000 1.000 0.000 0.000 1.000 1.000 0.000 1.000 0.000
62.000 90.000 1.020 2.000 1.000 169.000 48.000 2.400 138.000 2.900 13.400 47.000 11000.000 6.100 0.000 1.000 0.000 1.000 1.000 0.000 0.000 1.000 0.000 1.000 0.000 1.000 0.000 1.000 0.000 1.000
64.000 90.000 1.015 3.000 2.000 463.000 64.000 2.800 135.000 4.100 12.200 40.000 9800.000 4.600 1.000 0.000 0.000 1.000 1.000 0.000 1.000 0.000 0.000 1.000 0.000 1.000 0.000 1.000 1.000 0.000
48.000 100.000 1.020 0.000 0.000 103.000 79.000 5.300 135.000 6.300 6.300 19.000 7200.000 2.600 0.000 1.000 0.000 1.000 1.000 0.000 0.000 1.000 1.000 0.000 1.000 0.000 0.000 1.000 0.000 1.000
48.000 110.000 1.015 3.000 0.000 106.000 215.000 15.200 120.000 5.700 8.600 26.000 5000.000 2.500 1.000 0.000 0.000 1.000 1.000 0.000 0.000 1.000 1.000 0.000 0.000 1.000 0.000 1.000 1.000 0.000
54.000 90.000 1.025 1.000 0.000 150.000 18.000 1.200 140.000 4.200 15.000 41.000 9800.000 5.200 0.000 1.000 0.000 1.000 0.000 1.000 0.000 1.000 0.000 1.000 1.000 0.000 1.000 0.000 1.000 0.000
59.000 70.000 1.010 1.000 3.000 424.000 55.000 1.700 138.000 4.500 12.600 37.000 10200.000 4.100 0.000 1.000 0.000 1.000 1.000 0.000 1.000 0.000 1.000 0.000 0.000 1.000 0.000 1.000 0.000 1.000
56.000 90.000 1.010 4.000 1.000 176.000 309.000 13.300 124.000 6.500 3.100 9.000 5400.000 2.100 1.000 0.000 0.000 1.000 1.000 0.000 1.000 0.000 0.000 1.000 1.000 0.000 1.000 0.000 1.000 0.000
40.000 80.000 1.025 0.000 0.000 140.000 10.000 1.200 135.000 5.000 15.000 48.000 10400.000 4.500 0.000 1.000 0.000 1.000 0.000 1.000 0.000 1.000 0.000 1.000 0.000 1.000 0.000 1.000 0.000 1.000
23.000 80.000 1.025 0.000 0.000 70.000 36.000 1.000 150.000 4.600 17.000 52.000 9800.000 5.000 0.000 1.000 0.000 1.000 0.000 1.000 0.000 1.000 0.000 1.000 0.000 1.000 0.000 1.000 0.000 1.000
45.000 80.000 1.025 0.000 0.000 82.000 49.000 0.600 147.000 4.400 15.900 46.000 9100.000 4.700 0.000 1.000 0.000 1.000 0.000 1.000 0.000 1.000 0.000 1.000 0.000 1.000 0.000 1.000 0.000 1.000
57.000 80.000 1.025 0.000 0.000 119.000 17.000 1.200 135.000 4.700 15.400 42.000 6200.000 6.200 0.000 1.000 0.000 1.000 0.000 1.000 0.000 1.000 0.000 1.000 0.000 1.000 0.000 1.000 0.000 1.000
51.000 60.000 1.025 0.000 0.000 99.000 38.000 0.800 135.000 3.700 13.000 49.000 8300.000 5.200 0.000 1.000 0.000 1.000 0.000 1.000 0.000 1.000 0.000 1.000 0.000 1.000 0.000 1.000 0.000 1.000
34.000 80.000 1.025 0.000 0.000 121.000 27.000 1.200 144.000 3.900 13.600 52.000 9200.000 6.300 0.000 1.000 0.000 1.000 0.000 1.000 0.000 1.000 0.000 1.000 0.000 1.000 0.000 1.000 0.000 1.000
60.000 80.000 1.025 0.000 0.000 131.000 10.000 0.500 146.000 5.000 14.500 41.000 10700.000 5.100 0.000 1.000 0.000 1.000 0.000 1.000 0.000 1.000 0.000 1.000 0.000 1.000 0.000 1.000 0.000 1.000
38.000 60.000 1.020 0.000 0.000 91.000 36.000 0.700 135.000 3.700 14.000 46.000 9100.000 5.800 0.000 1.000 0.000 1.000 0.000 1.000 0.000 1.000 0.000 1.000 0.000 1.000 0.000 1.000 0.000 1.000
42.000 80.000 1.020 0.000 0.000 98.000 20.000 0.500 140.000 3.500 13.900 44.000 8400.000 5.500 0.000 1.000 0.000 1.000 0.000 1.000 0.000 1.000 0.000 1.000 0.000 1.000 0.000 1.000 0.000 1.000
35.000 80.000 1.020 0.000 0.000 104.000 31.000 1.200 135.000 5.000 16.100 45.000 4300.000 5.200 0.000 1.000 0.000 1.000 0.000 1.000 0.000 1.000 0.000 1.000 0.000 1.000 0.000 1.000 0.000 1.000
30.000 80.000 1.020 0.000 0.000 131.000 38.000 1.000 147.000 3.800 14.100 45.000 9400.000 5.300 0.000 1.000 0.000 1.000 0.000 1.000 0.000 1.000 0.000 1.000 0.000 1.000 0.000 1.000 0.000 1.000
49.000 80.000 1.020 0.000 0.000 122.000 32.000 1.200 139.000 3.900 17.000 41.000 5600.000 4.900 0.000 1.000 0.000 1.000 0.000 1.000 0.000 1.000 0.000 1.000 0.000 1.000 0.000 1.000 0.000 1.000
55.000 80.000 1.020 0.000 0.000 118.000 18.000 0.900 135.000 3.600 15.500 43.000 7200.000 5.400 0.000 1.000 0.000 1.000 0.000 1.000 0.000 1.000 0.000 1.000 0.000 1.000 0.000 1.000 0.000 1.000
45.000 80.000 1.020 0.000 0.000 117.000 46.000 1.200 137.000 5.000 16.200 45.000 8600.000 5.200 0.000 1.000 0.000 1.000 0.000 1.000 0.000 1.000 0.000 1.000 0.000 1.000 0.000 1.000 0.000 1.000
42.000 80.000 1.020 0.000 0.000 132.000 24.000 0.700 140.000 4.100 14.400 50.000 5000.000 4.500 0.000 1.000 0.000 1.000 0.000 1.000 0.000 1.000 0.000 1.000 0.000 1.000 0.000 1.000 0.000 1.000
50.000 80.000 1.020 0.000 0.000 97.000 40.000 0.600 150.000 4.500 14.200 48.000 10500.000 5.000 0.000 1.000 0.000 1.000 0.000 1.000 0.000 1.000 0.000 1.000 0.000 1.000 0.000 1.000 0.000 1.000
55.000 80.000 1.020 0.000 0.000 133.000 17.000 1.200 135.000 4.800 13.200 41.000 6800.000 5.300 0.000 1.000 0.000 1.000 0.000 1.000 0.000 1.000 0.000 1.000 0.000 1.000 0.000 1.000 0.000 1.000
48.000 80.000 1.025 0.000 0.000 122.000 33.000 0.900 146.000 3.900 13.900 48.000 9500.000 4.800 0.000 1.000 0.000 1.000 0.000 1.000 0.000 1.000 0.000 1.000 0.000 1.000 0.000 1.000 0.000 1.000
60.000 80.000 1.020 0.000 0.000 100.000 49.000 1.000 140.000 5.000 16.300 53.000 8500.000 4.900 0.000 1.000 0.000 1.000 0.000 1.000 0.000 1.000 0.000 1.000 0.000 1.000 0.000 1.000 0.000 1.000
25.000 80.000 1.025 0.000 0.000 121.000 19.000 1.200 142.000 4.900 15.000 48.000 6900.000 5.300 0.000 1.000 0.000 1.000 0.000 1.000 0.000 1.000 0.000 1.000 0.000 1.000 0.000 1.000 0.000 1.000
23.000 80.000 1.025 0.000 0.000 111.000 34.000 1.100 145.000 4.000 14.300 41.000 7200.000 5.000 0.000 1.000 0.000 1.000 0.000 1.000 0.000 1.000 0.000 1.000 0.000 1.000 0.000 1.000 0.000 1.000
30.000 80.000 1.025 0.000 0.000 96.000 25.000 0.500 144.000 4.800 13.800 42.000 9000.000 4.500 0.000 1.000 0.000 1.000 0.000 1.000 0.000 1.000 0.000 1.000 0.000 1.000 0.000 1.000 0.000 1.000
56.000 80.000 1.025 0.000 0.000 139.000 15.000 1.200 135.000 5.000 14.800 42.000 5600.000 5.500 0.000 1.000 0.000 1.000 0.000 1.000 0.000 1.000 0.000 1.000 0.000 1.000 0.000 1.000 0.000 1.000
47.000 80.000 1.020 0.000 0.000 95.000 35.000 0.900 140.000 4.100 15.000 41.000 9800.000 5.200 0.000 1.000 0.000 1.000 0.000 1.000 0.000 1.000 0.000 1.000 0.000 1.000 0.000 1.000 0.000 1.000
19.000 80.000 1.020 0.000 0.000 107.000 23.000 0.700 141.000 4.200 14.400 44.000 9800.000 5.200 0.000 1.000 0.000 1.000 0.000 1.000 0.000 1.000 0.000 1.000 0.000 1.000 0.000 1.000 0.000 1.000
52.000 80.000 1.020 0.000 0.000 125.000 22.000 1.200 139.000 4.600 16.500 43.000 4700.000 4.600 0.000 1.000 0.000 1.000 0.000 1.000 0.000 1.000 0.000 1.000 0.000 1.000 0.000 1.000 0.000 1.000
20.000 60.000 1.025 0.000 0.000 99.000 46.000 1.200 137.000 4.700 14.000 41.000 4500.000 5.500 0.000 1.000 0.000 1.000 0.000 1.000 0.000 1.000 0.000 1.000 0.000 1.000 0.000 1.000 0.000 1.000
46.000 60.000 1.025 0.000 0.000 123.000 46.000 1.000 135.000 5.000 15.700 50.000 6300.000 4.800 0.000 1.000 0.000 1.000 0.000 1.000 0.000 1.000 0.000 1.000 0.000 1.000 0.000 1.000 0.000 1.000
48.000 60.000 1.020 0.000 0.000 112.000 44.000 1.200 142.000 4.900 14.500 44.000 9400.000 6.400 0.000 1.000 0.000 1.000 0.000 1.000 0.000 1.000 0.000 1.000 0.000 1.000 0.000 1.000 0.000 1.000
24.000 70.000 1.025 0.000 0.000 140.000 23.000 0.600 140.000 4.700 16.300 48.000 5800.000 5.600 0.000 1.000 0.000 1.000 0.000 1.000 0.000 1.000 0.000 1.000 0.000 1.000 0.000 1.000 0.000 1.000
47.000 80.000 1.020 0.000 0.000 93.000 33.000 0.900 144.000 4.500 13.300 52.000 8100.000 5.200 0.000 1.000 0.000 1.000 0.000 1.000 0.000 1.000 0.000 1.000 0.000 1.000 0.000 1.000 0.000 1.000
55.000 80.000 1.025 0.000 0.000 130.000 50.000 1.200 147.000 5.000 15.500 41.000 9100.000 6.000 0.000 1.000 0.000 1.000 0.000 1.000 0.000 1.000 0.000 1.000 0.000 1.000 0.000 1.000 0.000 1.000
20.000 70.000 1.020 0.000 0.000 123.000 44.000 1.000 135.000 3.800 14.600 44.000 5500.000 4.800 0.000 1.000 0.000 1.000 0.000 1.000 0.000 1.000 0.000 1.000 0.000 1.000 0.000 1.000 0.000 1.000
60.000 70.000 1.020 0.000 0.000 99.000 46.000 1.200 135.000 3.500 16.400 43.000 10800.000 5.700 0.000 1.000 0.000 1.000 0.000 1.000 0.000 1.000 0.000 1.000 0.000 1.000 0.000 1.000 0.000 1.000
33.000 80.000 1.025 0.000 0.000 100.000 37.000 1.200 142.000 4.000 16.900 52.000 6700.000 6.000 0.000 1.000 0.000 1.000 0.000 1.000 0.000 1.000 0.000 1.000 0.000 1.000 0.000 1.000 0.000 1.000
66.000 70.000 1.020 0.000 0.000 94.000 19.000 0.700 135.000 3.900 16.000 41.000 5300.000 5.900 0.000 1.000 0.000 1.000 0.000 1.000 0.000 1.000 0.000 1.000 0.000 1.000 0.000 1.000 0.000 1.000
71.000 70.000 1.020 0.000 0.000 81.000 18.000 0.800 145.000 5.000 14.700 44.000 9800.000 6.000 0.000 1.000 0.000 1.000 0.000 1.000 0.000 1.000 0.000 1.000 0.000 1.000 0.000 1.000 0.000 1.000
39.000 70.000 1.025 0.000 0.000 124.000 22.000 0.600 137.000 3.800 13.400 43.000 9800.000 5.200 0.000 1.000 0.000 1.000 0.000 1.000 0.000 1.000 0.000 1.000 0.000 1.000 0.000 1.000 0.000 1.000
56.000 70.000 1.025 0.000 0.000 70.000 46.000 1.200 135.000 4.900 15.900 50.000 11000.000 5.100 0.000 1.000 0.000 1.000 0.000 1.000 0.000 1.000 0.000 1.000 0.000 1.000 0.000 1.000 0.000 1.000
42.000 70.000 1.020 0.000 0.000 93.000 32.000 0.900 143.000 4.700 16.600 43.000 7100.000 5.300 0.000 1.000 0.000 1.000 0.000 1.000 0.000 1.000 0.000 1.000 0.000 1.000 0.000 1.000 0.000 1.000
54.000 70.000 1.020 0.000 0.000 76.000 28.000 0.600 146.000 3.500 14.800 52.000 8400.000 5.900 0.000 1.000 0.000 1.000 0.000 1.000 0.000 1.000 0.000 1.000 0.000 1.000 0.000 1.000 0.000 1.000
47.000 80.000 1.025 0.000 0.000 124.000 44.000 1.000 140.000 4.900 14.900 41.000 7000.000 5.700 0.000 1.000 0.000 1.000 0.000 1.000 0.000 1.000 0.000 1.000 0.000 1.000 0.000 1.000 0.000 1.000
30.000 80.000 1.020 0.000 0.000 89.000 42.000 0.500 139.000 5.000 16.700 52.000 10200.000 5.000 0.000 1.000 0.000 1.000 0.000 1.000 0.000 1.000 0.000 1.000 0.000 1.000 0.000 1.000 0.000 1.000
50.000 80.000 1.020 0.000 0.000 92.000 19.000 1.200 150.000 4.800 14.900 48.000 4700.000 5.400 0.000 1.000 0.000 1.000 0.000 1.000 0.000 1.000 0.000 1.000 0.000 1.000 0.000 1.000 0.000 1.000
75.000 60.000 1.020 0.000 0.000 110.000 50.000 0.700 135.000 5.000 14.300 40.000 8300.000 5.800 0.000 1.000 0.000 1.000 0.000 1.000 0.000 1.000 0.000 1.000 0.000 1.000 0.000 1.000 0.000 1.000
44.000 70.000 1.020 0.000 0.000 106.000 25.000 0.900 150.000 3.600 15.000 50.000 9600.000 6.500 0.000 1.000 0.000 1.000 0.000 1.000 0.000 1.000 0.000 1.000 0.000 1.000 0.000 1.000 0.000 1.000
41.000 70.000 1.020 0.000 0.000 125.000 38.000 0.600 140.000 5.000 16.800 41.000 6300.000 5.900 0.000 1.000 0.000 1.000 0.000 1.000 0.000 1.000 0.000 1.000 0.000 1.000 0.000 1.000 0.000 1.000
53.000 60.000 1.025 0.000 0.000 116.000 26.000 1.000 146.000 4.900 15.800 45.000 7700.000 5.200 0.000 1.000 0.000 1.000 0.000 1.000 0.000 1.000 0.000 1.000 0.000 1.000 0.000 1.000 0.000 1.000
34.000 60.000 1.020 0.000 0.000 91.000 49.000 1.200 135.000 4.500 13.500 48.000 8600.000 4.900 0.000 1.000 0.000 1.000 0.000 1.000 0.000 1.000 0.000 1.000 0.000 1.000 0.000 1.000 0.000 1.000
73.000 60.000 1.020 0.000 0.000 127.000 48.000 0.500 150.000 3.500 15.100 52.000 11000.000 4.700 0.000 1.000 0.000 1.000 0.000 1.000 0.000 1.000 0.000 1.000 0.000 1.000 0.000 1.000 0.000 1.000
45.000 60.000 1.020 0.000 0.000 114.000 26.000 0.700 141.000 4.200 15.000 43.000 9200.000 5.800 0.000 1.000 0.000 1.000 0.000 1.000 0.000 1.000 0.000 1.000 0.000 1.000 0.000 1.000 0.000 1.000
44.000 60.000 1.025 0.000 0.000 96.000 33.000 0.900 147.000 4.500 16.900 41.000 7200.000 5.000 0.000 1.000 0.000 1.000 0.000 1.000 0.000 1.000 0.000 1.000 0.000 1.000 0.000 1.000 0.000 1.000
29.000 70.000 1.020 0.000 0.000 127.000 44.000 1.200 145.000 5.000 14.800 48.000 9800.000 5.200 0.000 1.000 0.000 1.000 0.000 1.000 0.000 1.000 0.000 1.000 0.000 1.000 0.000 1.000 0.000 1.000
55.000 70.000 1.020 0.000 0.000 107.000 26.000 1.100 135.000 3.500 17.000 50.000 6700.000 6.100 0.000 1.000 0.000 1.000 0.000 1.000 0.000 1.000 0.000 1.000 0.000 1.000 0.000 1.000 0.000 1.000
33.000 80.000 1.025 0.000 0.000 128.000 38.000 0.600 135.000 3.900 13.100 45.000 6200.000 4.500 0.000 1.000 0.000 1.000 0.000 1.000 0.000 1.000 0.000 1.000 0.000 1.000 0.000 1.000 0.000 1.000
41.000 80.000 1.020 0.000 0.000 122.000 25.000 0.800 138.000 5.000 17.100 41.000 9100.000 5.200 0.000 1.000 0.000 1.000 0.000 1.000 0.000 1.000 0.000 1.000 0.000 1.000 0.000 1.000 0.000 1.000
52.000 80.000 1.020 0.000 0.000 128.000 30.000 1.200 140.000 4.500 15.200 52.000 4300.000 5.700 0.000 1.000 0.000 1.000 0.000 1.000 0.000 1.000 0.000 1.000 0.000 1.000 0.000 1.000 0.000 1.000
47.000 60.000 1.020 0.000 0.000 137.000 17.000 0.500 150.000 3.500 13.600 44.000 7900.000 4.500 0.000 1.000 0.000 1.000 0.000 1.000 0.000 1.000 0.000 1.000 0.000 1.000 0.000 1.000 0.000 1.000
43.000 80.000 1.025 0.000 0.000 81.000 46.000 0.600 135.000 4.900 13.900 48.000 6900.000 4.900 0.000 1.000 0.000 1.000 0.000 1.000 0.000 1.000 0.000 1.000 0.000 1.000 0.000 1.000 0.000 1.000
51.000 60.000 1.020 0.000 0.000 129.000 25.000 1.200 139.000 5.000 17.200 40.000 8100.000 5.900 0.000 1.000 0.000 1.000 0.000 1.000 0.000 1.000 0.000 1.000 0.000 1.000 0.000 1.000 0.000 1.000
46.000 60.000 1.020 0.000 0.000 102.000 27.000 0.700 142.000 4.900 13.200 44.000 11000.000 5.400 0.000 1.000 0.000 1.000 0.000 1.000 0.000 1.000 0.000 1.000 0.000 1.000 0.000 1.000 0.000 1.000
56.000 60.000 1.025 0.000 0.000 132.000 18.000 1.100 147.000 4.700 13.700 45.000 7500.000 5.600 0.000 1.000 0.000 1.000 0.000 1.000 0.000 1.000 0.000 1.000 0.000 1.000 0.000 1.000 0.000 1.000
80.000 70.000 1.020 0.000 0.000 99.000 46.000 1.200 135.000 4.100 15.300 48.000 6300.000 6.100 0.000 1.000 0.000 1.000 0.000 1.000 0.000 1.000 0.000 1.000 0.000 1.000 0.000 1.000 0.000 1.000
55.000 80.000 1.020 0.000 0.000 104.000 28.000 0.900 142.000 4.800 17.300 52.000 8200.000 4.800 0.000 1.000 0.000 1.000 0.000 1.000 0.000 1.000 0.000 1.000 0.000 1.000 0.000 1.000 0.000 1.000
39.000 70.000 1.025 0.000 0.000 131.000 46.000 0.600 145.000 5.000 15.600 41.000 9400.000 4.700 0.000 1.000 0.000 1.000 0.000 1.000 0.000 1.000 0.000 1.000 0.000 1.000 0.000 1.000 0.000 1.000
44.000 70.000 1.025 0.000 0.000 99.000 46.000 1.200 135.000 3.500 13.800 48.000 7800.000 4.400 0.000 1.000 0.000 1.000 0.000 1.000 0.000 1.000 0.000 1.000 0.000 1.000 0.000 1.000 0.000 1.000
35.000 80.000 1.020 0.000 0.000 99.000 30.000 0.500 135.000 4.900 15.400 48.000 5000.000 5.200 0.000 1.000 0.000 1.000 0.000 1.000 0.000 1.000 0.000 1.000 0.000 1.000 0.000 1.000 0.000 1.000
58.000 70.000 1.020 0.000 0.000 102.000 48.000 1.200 139.000 4.300 15.000 40.000 8100.000 4.900 0.000 1.000 0.000 1.000 0.000 1.000 0.000 1.000 0.000 1.000 0.000 1.000 0.000 1.000 0.000 1.000
61.000 70.000 1.025 0.000 0.000 120.000 29.000 0.700 137.000 3.500 17.400 52.000 7000.000 5.300 0.000 1.000 0.000 1.000 0.000 1.000 0.000 1.000 0.000 1.000 0.000 1.000 0.000 1.000 0.000 1.000
30.000 60.000 1.020 0.000 0.000 138.000 15.000 1.100 135.000 4.400 15.000 41.000 9800.000 5.200 0.000 1.000 0.000 1.000 0.000 1.000 0.000 1.000 0.000 1.000 0.000 1.000 0.000 1.000 0.000 1.000
57.000 60.000 1.020 0.000 0.000 105.000 49.000 1.200 150.000 4.700 15.700 44.000 10400.000 6.200 0.000 1.000 0.000 1.000 0.000 1.000 0.000 1.000 0.000 1.000 0.000 1.000 0.000 1.000 0.000 1.000
65.000 60.000 1.020 0.000 0.000 109.000 39.000 1.000 144.000 3.500 13.900 48.000 9600.000 4.800 0.000 1.000 0.000 1.000 0.000 1.000 0.000 1.000 0.000 1.000 0.000 1.000 0.000 1.000 0.000 1.000
70.000 60.000 1.020 0.000 0.000 120.000 40.000 0.500 140.000 4.600 16.000 43.000 4500.000 4.900 0.000 1.000 0.000 1.000 0.000 1.000 0.000 1.000 0.000 1.000 0.000 1.000 0.000 1.000 0.000 1.000
43.000 80.000 1.025 0.000 0.000 130.000 30.000 1.100 143.000 5.000 15.900 45.000 7800.000 4.500 0.000 1.000 0.000 1.000 0.000 1.000 0.000 1.000 0.000 1.000 0.000 1.000 0.000 1.000 0.000 1.000
40.000 80.000 1.020 0.000 0.000 119.000 15.000 0.700 150.000 4.900 15.000 41.000 9800.000 5.200 0.000 1.000 0.000 1.000 0.000 1.000 0.000 1.000 0.000 1.000 0.000 1.000 0.000 1.000 0.000 1.000
58.000 80.000 1.020 0.000 0.000 100.000 50.000 1.200 140.000 3.500 14.000 50.000 6700.000 6.500 0.000 1.000 0.000 1.000 0.000 1.000 0.000 1.000 0.000 1.000 0.000 1.000 0.000 1.000 0.000 1.000
47.000 60.000 1.020 0.000 0.000 109.000 25.000 1.100 141.000 4.700 15.800 41.000 8300.000 5.200 0.000 1.000 0.000 1.000 0.000 1.000 0.000 1.000 0.000 1.000 0.000 1.000 0.000 1.000 0.000 1.000
30.000 60.000 1.025 0.000 0.000 120.000 31.000 0.800 150.000 4.600 13.400 44.000 10700.000 5.800 0.000 1.000 0.000 1.000 0.000 1.000 0.000 1.000 0.000 1.000 0.000 1.000 0.000 1.000 0.000 1.000
28.000 70.000 1.020 0.000 0.000 131.000 29.000 0.600 145.000 4.900 15.000 45.000 8600.000 6.500 0.000 1.000 0.000 1.000 0.000 1.000 0.000 1.000 0.000 1.000 0.000 1.000 0.000 1.000 0.000 1.000
33.000 60.000 1.025 0.000 0.000 80.000 25.000 0.900 146.000 3.500 14.100 48.000 7800.000 5.100 0.000 1.000 0.000 1.000 0.000 1.000 0.000 1.000 0.000 1.000 0.000 1.000 0.000 1.000 0.000 1.000
43.000 80.000 1.020 0.000 0.000 114.000 32.000 1.100 135.000 3.900 15.000 42.000 9800.000 5.200 0.000 1.000 0.000 1.000 0.000 1.000 0.000 1.000 0.000 1.000 0.000 1.000 0.000 1.000 0.000 1.000
59.000 70.000 1.025 0.000 0.000 130.000 39.000 0.700 147.000 4.700 13.500 46.000 6700.000 4.500 0.000 1.000 0.000 1.000 0.000 1.000 0.000 1.000 0.000 1.000 0.000 1.000 0.000 1.000 0.000 1.000
34.000 70.000 1.025 0.000 0.000 99.000 33.000 1.000 150.000 5.000 15.300 44.000 10500.000 6.100 0.000 1.000 0.000 1.000 0.000 1.000 0.000 1.000 0.000 1.000 0.000 1.000 0.000 1.000 0.000 1.000
23.000 80.000 1.020 0.000 0.000 99.000 46.000 1.200 142.000 4.000 17.700 46.000 4300.000 5.500 0.000 1.000 0.000 1.000 0.000 1.000 0.000 1.000 0.000 1.000 0.000 1.000 0.000 1.000 0.000 1.000
24.000 80.000 1.025 0.000 0.000 125.000 46.000 1.200 136.000 3.500 15.400 43.000 5600.000 4.500 0.000 1.000 0.000 1.000 0.000 1.000 0.000 1.000 0.000 1.000 0.000 1.000 0.000 1.000 0.000 1.000
60.000 60.000 1.020 0.000 0.000 134.000 45.000 0.500 139.000 4.800 14.200 48.000 10700.000 5.600 0.000 1.000 0.000 1.000 0.000 1.000 0.000 1.000 0.000 1.000 0.000 1.000 0.000 1.000 0.000 1.000
25.000 60.000 1.020 0.000 0.000 119.000 27.000 0.500 135.000 3.500 15.200 40.000 9200.000 5.200 0.000 1.000 0.000 1.000 0.000 1.000 0.000 1.000 0.000 1.000 0.000 1.000 0.000 1.000 0.000 1.000
44.000 70.000 1.025 0.000 0.000 92.000 40.000 0.900 141.000 4.900 14.000 52.000 7500.000 6.200 0.000 1.000 0.000 1.000 0.000 1.000 0.000 1.000 0.000 1.000 0.000 1.000 0.000 1.000 0.000 1.000
62.000 80.000 1.020 0.000 0.000 132.000 34.000 0.800 147.000 3.500 17.800 44.000 4700.000 4.500 0.000 1.000 0.000 1.000 0.000 1.000 0.000 1.000 0.000 1.000 0.000 1.000 0.000 1.000 0.000 1.000
25.000 70.000 1.020 0.000 0.000 88.000 42.000 0.500 136.000 3.500 13.300 48.000 7000.000 4.900 0.000 1.000 0.000 1.000 0.000 1.000 0.000 1.000 0.000 1.000 0.000 1.000 0.000 1.000 0.000 1.000
32.000 70.000 1.025 0.000 0.000 100.000 29.000 1.100 142.000 4.500 14.300 43.000 6700.000 5.900 0.000 1.000 0.000 1.000 0.000 1.000 0.000 1.000 0.000 1.000 0.000 1.000 0.000 1.000 0.000 1.000
63.000 70.000 1.025 0.000 0.000 130.000 37.000 0.900 150.000 5.000 13.400 41.000 7300.000 4.700 0.000 1.000 0.000 1.000 0.000 1.000 0.000 1.000 0.000 1.000 0.000 1.000 0.000 1.000 0.000 1.000
44.000 60.000 1.020 0.000 0.000 95.000 46.000 0.500 138.000 4.200 15.000 50.000 7700.000 6.300 0.000 1.000 0.000 1.000 0.000 1.000 0.000 1.000 0.000 1.000 0.000 1.000 0.000 1.000 0.000 1.000
37.000 60.000 1.025 0.000 0.000 111.000 35.000 0.800 135.000 4.100 16.200 50.000 5500.000 5.700 0.000 1.000 0.000 1.000 0.000 1.000 0.000 1.000 0.000 1.000 0.000 1.000 0.000 1.000 0.000 1.000
64.000 60.000 1.020 0.000 0.000 106.000 27.000 0.700 150.000 3.300 14.400 42.000 8100.000 4.700 0.000 1.000 0.000 1.000 0.000 1.000 0.000 1.000 0.000 1.000 0.000 1.000 0.000 1.000 0.000 1.000
22.000 60.000 1.025 0.000 0.000 97.000 18.000 1.200 138.000 4.300 13.500 42.000 7900.000 6.400 0.000 1.000 0.000 1.000 0.000 1.000 0.000 1.000 0.000 1.000 0.000 1.000 0.000 1.000 0.000 1.000
33.000 60.000 1.020 0.000 0.000 130.000 41.000 0.900 141.000 4.400 15.500 52.000 4300.000 5.800 0.000 1.000 0.000 1.000 0.000 1.000 0.000 1.000 0.000 1.000 0.000 1.000 0.000 1.000 0.000 1.000
43.000 60.000 1.025 0.000 0.000 108.000 25.000 1.000 144.000 5.000 17.800 43.000 7200.000 5.500 0.000 1.000 0.000 1.000 0.000 1.000 0.000 1.000 0.000 1.000 0.000 1.000 0.000 1.000 0.000 1.000
38.000 80.000 1.020 0.000 0.000 99.000 19.000 0.500 147.000 3.500 13.600 44.000 7300.000 6.400 0.000 1.000 0.000 1.000 0.000 1.000 0.000 1.000 0.000 1.000 0.000 1.000 0.000 1.000 0.000 1.000
35.000 70.000 1.025 0.000 0.000 82.000 36.000 1.100 150.000 3.500 14.500 52.000 9400.000 6.100 0.000 1.000 0.000 1.000 0.000 1.000 0.000 1.000 0.000 1.000 0.000 1.000 0.000 1.000 0.000 1.000
65.000 70.000 1.025 0.000 0.000 85.000 20.000 1.000 142.000 4.800 16.100 43.000 9600.000 4.500 0.000 1.000 0.000 1.000 0.000 1.000 0.000 1.000 0.000 1.000 0.000 1.000 0.000 1.000 0.000 1.000
29.000 80.000 1.020 0.000 0.000 83.000 49.000 0.900 139.000 3.300 17.500 40.000 9900.000 4.700 0.000 1.000 0.000 1.000 0.000 1.000 0.000 1.000 0.000 1.000 0.000 1.000 0.000 1.000 0.000 1.000
37.000 60.000 1.020 0.000 0.000 109.000 47.000 1.100 141.000 4.900 15.000 48.000 7000.000 5.200 0.000 1.000 0.000 1.000 0.000 1.000 0.000 1.000 0.000 1.000 0.000 1.000 0.000 1.000 0.000 1.000
39.000 60.000 1.020 0.000 0.000 86.000 37.000 0.600 150.000 5.000 13.600 51.000 5800.000 4.500 0.000 1.000 0.000 1.000 0.000 1.000 0.000 1.000 0.000 1.000 0.000 1.000 0.000 1.000 0.000 1.000
32.000 60.000 1.025 0.000 0.000 102.000 17.000 0.400 147.000 4.700 14.600 41.000 6800.000 5.100 0.000 1.000 0.000 1.000 0.000 1.000 0.000 1.000 0.000 1.000 0.000 1.000 0.000 1.000 0.000 1.000
23.000 60.000 1.020 0.000 0.000 95.000 24.000 0.800 145.000 5.000 15.000 52.000 6300.000 4.600 0.000 1.000 0.000 1.000 0.000 1.000 0.000 1.000 0.000 1.000 0.000 1.000 0.000 1.000 0.000 1.000
34.000 70.000 1.025 0.000 0.000 87.000 38.000 0.500 144.000 4.800 17.100 47.000 7400.000 6.100 0.000 1.000 0.000 1.000 0.000 1.000 0.000 1.000 0.000 1.000 0.000 1.000 0.000 1.000 0.000 1.000
66.000 70.000 1.025 0.000 0.000 107.000 16.000 1.100 140.000 3.600 13.600 42.000 11000.000 4.900 0.000 1.000 0.000 1.000 0.000 1.000 0.000 1.000 0.000 1.000 0.000 1.000 0.000 1.000 0.000 1.000
47.000 60.000 1.020 0.000 0.000 117.000 22.000 1.200 138.000 3.500 13.000 45.000 5200.000 5.600 0.000 1.000 0.000 1.000 0.000 1.000 0.000 1.000 0.000 1.000 0.000 1.000 0.000 1.000 0.000 1.000
74.000 60.000 1.020 0.000 0.000 88.000 50.000 0.600 147.000 3.700 17.200 53.000 6000.000 4.500 0.000 1.000 0.000 1.000 0.000 1.000 0.000 1.000 0.000 1.000 0.000 1.000 0.000 1.000 0.000 1.000
35.000 60.000 1.025 0.000 0.000 105.000 39.000 0.500 135.000 3.900 14.700 43.000 5800.000 6.200 0.000 1.000 0.000 1.000 0.000 1.000 0.000 1.000 0.000 1.000 0.000 1.000 0.000 1.000 0.000 1.000
29.000 80.000 1.020 0.000 0.000 70.000 16.000 0.700 138.000 3.500 13.700 54.000 5400.000 5.800 0.000 1.000 0.000 1.000 0.000 1.000 0.000 1.000 0.000 1.000 0.000 1.000 0.000 1.000 0.000 1.000
33.000 80.000 1.025 0.000 0.000 89.000 19.000 1.100 144.000 5.000 15.000 40.000 10300.000 4.800 0.000 1.000 0.000 1.000 0.000 1.000 0.000 1.000 0.000 1.000 0.000 1.000 0.000 1.000 0.000 1.000
67.000 80.000 1.025 0.000 0.000 99.000 40.000 0.500 135.000 3.500 17.800 44.000 5900.000 5.200 0.000 1.000 0.000 1.000 0.000 1.000 0.000 1.000 0.000 1.000 0.000 1.000 0.000 1.000 0.000 1.000
73.000 80.000 1.025 0.000 0.000 118.000 44.000 0.700 137.000 3.500 14.800 45.000 9300.000 4.700 0.000 1.000 0.000 1.000 0.000 1.000 0.000 1.000 0.000 1.000 0.000 1.000 0.000 1.000 0.000 1.000
24.000 80.000 1.020 0.000 0.000 93.000 46.000 1.000 145.000 3.500 15.000 41.000 10700.000 6.300 0.000 1.000 0.000 1.000 0.000 1.000 0.000 1.000 0.000 1.000 0.000 1.000 0.000 1.000 0.000 1.000
60.000 80.000 1.025 0.000 0.000 81.000 15.000 0.500 141.000 3.600 15.000 46.000 10500.000 5.300 0.000 1.000 0.000 1.000 0.000 1.000 0.000 1.000 0.000 1.000 0.000 1.000 0.000 1.000 0.000 1.000
68.000 60.000 1.025 0.000 0.000 125.000 41.000 1.100 139.000 3.800 17.400 50.000 6700.000 6.100 0.000 1.000 0.000 1.000 0.000 1.000 0.000 1.000 0.000 1.000 0.000 1.000 0.000 1.000 0.000 1.000
30.000 80.000 1.025 0.000 0.000 82.000 42.000 0.700 146.000 5.000 14.900 45.000 9400.000 5.900 0.000 1.000 0.000 1.000 0.000 1.000 0.000 1.000 0.000 1.000 0.000 1.000 0.000 1.000 0.000 1.000
75.000 70.000 1.020 0.000 0.000 107.000 48.000 0.800 144.000 3.500 13.600 46.000 10300.000 4.800 0.000 1.000 0.000 1.000 0.000 1.000 0.000 1.000 0.000 1.000 0.000 1.000 0.000 1.000 0.000 1.000
69.000 70.000 1.020 0.000 0.000 83.000 42.000 1.200 139.000 3.700 16.200 50.000 9300.000 5.400 0.000 1.000 0.000 1.000 0.000 1.000 0.000 1.000 0.000 1.000 0.000 1.000 0.000 1.000 0.000 1.000
28.000 60.000 1.025 0.000 0.000 79.000 50.000 0.500 145.000 5.000 17.600 51.000 6500.000 5.000 0.000 1.000 0.000 1.000 0.000 1.000 0.000 1.000 0.000 1.000 0.000 1.000 0.000 1.000 0.000 1.000
72.000 60.000 1.020 0.000 0.000 109.000 26.000 0.900 150.000 4.900 15.000 52.000 10500.000 5.500 0.000 1.000 0.000 1.000 0.000 1.000 0.000 1.000 0.000 1.000 0.000 1.000 0.000 1.000 0.000 1.000
61.000 70.000 1.025 0.000 0.000 133.000 38.000 1.000 142.000 3.600 13.700 47.000 9200.000 4.900 0.000 1.000 0.000 1.000 0.000 1.000 0.000 1.000 0.000 1.000 0.000 1.000 0.000 1.000 0.000 1.000
79.000 80.000 1.025 0.000 0.000 111.000 44.000 1.200 146.000 3.600 16.300 40.000 8000.000 6.400 0.000 1.000 0.000 1.000 0.000 1.000 0.000 1.000 0.000 1.000 0.000 1.000 0.000 1.000 0.000 1.000
70.000 80.000 1.020 0.000 0.000 74.000 41.000 0.500 143.000 4.500 15.100 48.000 9700.000 5.600 0.000 1.000 0.000 1.000 0.000 1.000 0.000 1.000 0.000 1.000 0.000 1.000 0.000 1.000 0.000 1.000
58.000 70.000 1.025 0.000 0.000 88.000 16.000 1.100 147.000 3.500 16.400 53.000 9100.000 5.200 0.000 1.000 0.000 1.000 0.000 1.000 0.000 1.000 0.000 1.000 0.000 1.000 0.000 1.000 0.000 1.000
64.000 70.000 1.020 0.000 0.000 97.000 27.000 0.700 145.000 4.800 13.800 49.000 6400.000 4.800 0.000 1.000 0.000 1.000 0.000 1.000 0.000 1.000 0.000 1.000 0.000 1.000 0.000 1.000 0.000 1.000
71.000 60.000 1.025 0.000 0.000 99.000 46.000 0.900 140.000 4.800 15.200 42.000 7700.000 5.500 0.000 1.000 0.000 1.000 0.000 1.000 0.000 1.000 0.000 1.000 0.000 1.000 0.000 1.000 0.000 1.000
62.000 80.000 1.025 0.000 0.000 78.000 45.000 0.600 138.000 3.500 16.100 50.000 5400.000 5.700 0.000 1.000 0.000 1.000 0.000 1.000 0.000 1.000 0.000 1.000 0.000 1.000 0.000 1.000 0.000 1.000
59.000 60.000 1.020 0.000 0.000 113.000 23.000 1.100 139.000 3.500 15.300 54.000 6500.000 4.900 0.000 1.000 0.000 1.000 0.000 1.000 0.000 1.000 0.000 1.000 0.000 1.000 0.000 1.000 0.000 1.000
71.000 70.000 1.025 0.000 0.000 79.000 47.000 0.500 142.000 4.800 16.600 40.000 5800.000 5.900 0.000 1.000 0.000 1.000 0.000 1.000 0.000 1.000 0.000 1.000 0.000 1.000 0.000 1.000 0.000 1.000
48.000 80.000 1.025 0.000 0.000 75.000 22.000 0.800 137.000 5.000 16.800 51.000 6000.000 6.500 0.000 1.000 0.000 1.000 0.000 1.000 0.000 1.000 0.000 1.000 0.000 1.000 0.000 1.000 0.000 1.000
80.000 80.000 1.025 0.000 0.000 119.000 46.000 0.700 141.000 4.900 13.900 49.000 5100.000 5.000 0.000 1.000 0.000 1.000 0.000 1.000 0.000 1.000 0.000 1.000 0.000 1.000 0.000 1.000 0.000 1.000
57.000 60.000 1.020 0.000 0.000 132.000 18.000 1.100 150.000 4.700 15.400 42.000 11000.000 4.500 0.000 1.000 0.000 1.000 0.000 1.000 0.000 1.000 0.000 1.000 0.000 1.000 0.000 1.000 0.000 1.000
63.000 70.000 1.020 0.000 0.000 113.000 25.000 0.600 146.000 4.900 16.500 52.000 8000.000 5.100 0.000 1.000 0.000 1.000 0.000 1.000 0.000 1.000 0.000 1.000 0.000 1.000 0.000 1.000 0.000 1.000
46.000 70.000 1.025 0.000 0.000 100.000 47.000 0.500 142.000 3.500 16.400 43.000 5700.000 6.500 0.000 1.000 0.000 1.000 0.000 1.000 0.000 1.000 0.000 1.000 0.000 1.000 0.000 1.000 0.000 1.000
15.000 80.000 1.025 0.000 0.000 93.000 17.000 0.900 136.000 3.900 16.700 50.000 6200.000 5.200 0.000 1.000 0.000 1.000 0.000 1.000 0.000 1.000 0.000 1.000 0.000 1.000 0.000 1.000 0.000 1.000
51.000 80.000 1.020 0.000 0.000 94.000 15.000 1.200 144.000 3.700 15.500 46.000 9500.000 6.400 0.000 1.000 0.000 1.000 0.000 1.000 0.000 1.000 0.000 1.000 0.000 1.000 0.000 1.000 0.000 1.000
41.000 80.000 1.025 0.000 0.000 112.000 48.000 0.700 140.000 5.000 17.000 52.000 7200.000 5.800 0.000 1.000 0.000 1.000 0.000 1.000 0.000 1.000 0.000 1.000 0.000 1.000 0.000 1.000 0.000 1.000
52.000 80.000 1.025 0.000 0.000 99.000 25.000 0.800 135.000 3.700 15.000 52.000 6300.000 5.300 0.000 1.000 0.000 1.000 0.000 1.000 0.000 1.000 0.000 1.000 0.000 1.000 0.000 1.000 0.000 1.000
36.000 80.000 1.025 0.000 0.000 85.000 16.000 1.100 142.000 4.100 15.600 44.000 5800.000 6.300 0.000 1.000 0.000 1.000 0.000 1.000 0.000 1.000 0.000 1.000 0.000 1.000 0.000 1.000 0.000 1.000
57.000 80.000 1.020 0.000 0.000 133.000 48.000 1.200 147.000 4.300 14.800 46.000 6600.000 5.500 0.000 1.000 0.000 1.000 0.000 1.000 0.000 1.000 0.000 1.000 0.000 1.000 0.000 1.000 0.000 1.000
43.000 60.000 1.025 0.000 0.000 117.000 45.000 0.700 141.000 4.400 13.000 54.000 7400.000 5.400 0.000 1.000 0.000 1.000 0.000 1.000 0.000 1.000 0.000 1.000 0.000 1.000 0.000 1.000 0.000 1.000
50.000 80.000 1.020 0.000 0.000 137.000 46.000 0.800 139.000 5.000 14.100 45.000 9500.000 4.600 0.000 1.000 0.000 1.000 0.000 1.000 0.000 1.000 0.000 1.000 0.000 1.000 0.000 1.000 0.000 1.000
55.000 80.000 1.020 0.000 0.000 140.000 49.000 0.500 150.000 4.900 15.700 47.000 6700.000 4.900 0.000 1.000 0.000 1.000 0.000 1.000 0.000 1.000 0.000 1.000 0.000 1.000 0.000 1.000 0.000 1.000
42.000 70.000 1.025 0.000 0.000 75.000 31.000 1.200 141.000 3.500 16.500 54.000 7800.000 6.200 0.000 1.000 0.000 1.000 0.000 1.000 0.000 1.000 0.000 1.000 0.000 1.000 0.000 1.000 0.000 1.000
12.000 80.000 1.020 0.000 0.000 100.000 26.000 0.600 137.000 4.400 15.800 49.000 6600.000 5.400 0.000 1.000 0.000 1.000 0.000 1.000 0.000 1.000 0.000 1.000 0.000 1.000 0.000 1.000 0.000 1.000
17.000 60.000 1.025 0.000 0.000 114.000 50.000 1.000 135.000 4.900 14.200 51.000 7200.000 5.900 0.000 1.000 0.000 1.000 0.000 1.000 0.000 1.000 0.000 1.000 0.000 1.000 0.000 1.000 0.000 1.000
58.000 80.000 1.025 0.000 0.000 131.000 18.000 1.100 141.000 3.500 15.800 53.000 6800.000 6.100 0.000 1.000 0.000 1.000 0.000 1.000 0.000 1.000 0.000 1.000 0.000 1.000 0.000 1.000 0.000 1.000
