0 384
0 312
0 370
0 311
0 293
0 379
0 389
0 291
0 392
0 316
0 322
0 268
0 386
0 332
0 272
0 354
0 394
0 356
0 363
0 282
0 349
0 325
0 377
0 259
0 339
0 367
0 292
0 344
0 288
0 375
0 266
0 283
0 271
0 358
0 286
0 274
0 250
0 295
0 371
0 267
0 287
0 281
0 314
0 376
0 299
0 301
0 284
0 303
0 294
0 372
0 368
0 357
0 338
0 335
0 304
0 260
0 280
0 387
0 302
0 317
0 373
0 278
0 351
0 261
0 323
0 366
0 380
0 251
0 340
0 390
0 353
0 277
0 309
0 257
0 262
0 327
0 346
0 285
0 360
0 321
0 355
0 306
0 333
0 396
0 254
0 328
0 269
0 342
0 388
0 252
0 300
0 324
0 330
0 397
0 362
0 315
0 374
0 298
0 263
0 336
0 391
0 381
0 255
0 331
0 337
0 264
0 350
0 383
0 258
0 352
0 308
0 343
0 399
0 310
0 265
0 313
0 305
0 326
0 275
0 276
0 393
0 297
0 329
0 296
0 319
0 348
0 273
0 307
0 378
0 395
0 318
0 289
0 256
0 345
0 290
1 111
1 207
1 2
1 106
1 87
1 31
1 61
1 52
1 15
1 13
1 160
1 116
1 18
1 166
1 98
1 193
1 143
1 22
1 162
1 7
1 54
1 86
1 26
1 135
1 230
1 66
1 188
1 36
1 198
1 197
1 180
1 145
1 16
1 201
1 209
1 231
1 153
1 151
1 113
1 96
1 41
1 3
1 118
1 40
1 190
1 108
1 35
1 133
1 27
1 158
1 221
1 136
1 110
1 29
1 183
1 219
1 58
1 185
1 184
1 45
1 127
1 39
1 199
1 236
1 43
1 95
1 49
1 121
1 88
1 100
1 65
1 164
1 240
1 244
1 85
1 138
1 154
1 80
1 189
1 217
1 248
1 38
1 89
1 83
1 33
1 53
1 99
1 159
1 107
1 167
1 64
1 72
1 247
1 178
1 112
1 173
1 216
1 11
1 169
1 119
1 91
1 126
1 210
1 226
1 123
1 1
1 152
1 77
1 93
1 71
1 243
1 59
1 105
1 181
1 175
1 51
1 5
1 19
1 44
1 74
1 9
1 104
1 237
1 129
1 109
1 233
1 170
1 238
1 144
1 200
1 76
1 179
1 0
1 55
1 187
1 57
1 90
1 208
1 149
1 206
1 6
1 147
1 124
1 10
1 69
1 225
1 182
1 115
1 81
1 140
1 75
1 156
1 50
1 102
1 203
1 62
1 56
1 235
1 82
1 177
1 202
1 227
1 70
1 157
1 46
1 186
1 192
1 228
1 241
1 79
1 246
1 214
1 137
1 84
1 97
1 94
1 14
1 122
1 196
1 165
1 30
1 249
1 146
1 131
1 37
1 78
1 195
1 12
1 163
1 114
1 245
1 101
1 24
1 125
1 42
1 174
1 48
1 212
1 205
1 63
1 139
1 155
1 67
1 73
1 8
1 47
1 194
1 150
1 23
1 141
1 20
1 132
1 148
1 25
1 103
1 128
1 213
1 134
1 32
1 60
1 232
1 17
1 130
1 229
1 120
