0 65
0 44
0 53
0 41
0 256
0 263
0 47
0 46
0 266
0 56
0 258
0 255
0 79
0 57
0 51
0 75
0 48
0 78
0 70
0 58
0 43
0 50
0 77
0 62
0 264
0 73
0 260
0 55
0 74
0 42
0 71
0 61
0 67
0 49
0 60
0 261
0 69
0 253
0 257
0 76
0 54
0 259
0 252
0 72
0 262
0 254
0 63
0 265
0 68
1 195
1 102
1 208
1 28
1 151
1 212
1 220
1 237
1 121
1 166
1 6
1 146
1 95
1 153
1 32
1 135
1 197
1 206
1 139
1 148
1 114
1 126
1 190
1 240
1 110
1 144
1 90
1 223
1 152
1 205
1 3
1 125
1 118
1 80
1 235
1 193
1 225
1 111
1 178
1 227
1 244
1 192
1 127
1 248
1 180
1 204
1 105
1 155
1 22
1 172
1 213
1 138
1 4
1 169
1 162
1 25
1 92
1 101
1 5
1 124
1 203
1 31
1 226
1 2
1 10
1 20
1 221
1 107
1 215
1 81
1 241
1 87
1 100
1 122
1 133
1 158
1 91
1 98
1 246
1 36
1 26
1 33
1 89
1 198
1 115
1 38
1 7
1 182
1 113
1 165
1 242
1 188
1 86
1 222
1 174
1 137
1 167
1 9
1 249
1 199
1 251
1 191
1 128
1 0
1 207
1 185
1 82
1 233
1 202
1 231
1 116
1 142
1 187
1 229
1 150
1 131
1 140
1 184
1 143
1 99
1 173
1 15
1 23
1 216
1 94
1 17
1 245
1 39
1 154
1 145
1 159
1 214
1 37
1 230
1 164
1 97
1 170
1 236
1 232
1 132
1 218
1 210
1 8
1 186
1 120
1 196
1 171
1 219
1 112
1 96
1 106
1 247
1 12
1 16
1 119
1 163
1 243
1 103
1 157
1 35
1 239
1 176
1 84
1 104
1 200
1 183
1 21
1 29
1 161
1 14
1 234
1 117
1 134
1 13
1 93
1 224
1 88
1 175
1 238
1 147
1 177
1 156
1 11
1 108
1 228
1 24
1 141
1 217
1 209
1 27
