0 1809
0 3299
0 3532
0 4272
0 1434
0 5555
0 5702
0 6109
0 1853
0 5214
0 3700
0 6004
0 5915
0 3854
0 181
0 2902
0 5876
0 343
0 3453
0 3089
0 1784
0 4077
0 1179
0 5563
0 1348
0 4522
0 1239
0 69
0 3709
0 2327
0 3219
0 1923
0 1478
0 3059
0 5778
0 4327
0 2120
0 1398
0 391
0 3865
0 903
0 5137
0 5719
0 2872
0 1392
0 5465
0 5791
0 4286
0 1870
0 2989
0 1852
0 2530
0 5830
0 2822
0 1536
0 3657
0 194
0 145
0 4126
0 1829
0 3011
0 5288
0 3406
0 5104
0 5928
0 1358
0 2562
0 1393
0 4720
0 4529
0 915
0 977
0 3960
0 4076
0 1760
0 2834
0 401
0 3697
0 3956
0 4439
0 1408
0 5703
0 2600
0 5108
0 5266
0 4800
0 3762
0 5325
0 5611
0 409
0 2825
0 2261
0 1962
0 3654
0 1446
0 3880
0 5978
0 6037
0 1908
0 4938
0 6091
0 1910
0 5470
0 4964
0 6031
0 3670
0 5476
0 4012
0 5281
0 1878
0 853
0 2458
0 5872
0 5181
0 5415
0 4941
0 1547
0 4242
0 5828
0 385
0 1736
0 2555
0 5338
0 1052
0 3575
0 1194
0 3667
0 3889
0 1450
0 2468
0 1773
0 5043
0 1831
0 2162
0 1086
0 2997
0 3311
0 3494
0 819
0 1911
0 1859
0 531
0 3272
0 3936
0 2900
0 2628
0 356
0 4067
0 4870
0 2085
0 1616
0 4914
0 3886
0 5133
0 3695
0 4338
0 5693
0 5342
0 1895
0 5944
0 4262
0 4453
0 1761
0 5183
0 4468
0 5432
0 5650
0 6023
0 4133
0 5282
0 5672
0 4490
0 5260
0 5787
0 3840
0 4299
0 1489
0 2050
0 1415
0 425
0 575
0 4536
0 1963
0 978
0 4027
0 1560
0 3281
0 689
0 536
0 4518
0 3603
0 262
0 3413
0 3668
0 2163
0 2127
0 4474
0 1625
0 3393
0 3394
0 2292
0 6064
0 5210
0 3007
0 5790
0 3588
0 1971
0 3864
0 990
0 1479
0 5657
0 4341
0 1108
0 5373
0 1191
0 5277
0 561
0 4429
0 2496
0 975
0 569
0 2156
0 3048
0 4744
0 5402
0 3752
0 3118
0 388
0 3320
0 2063
0 548
0 4565
0 5127
0 640
0 3425
0 1456
0 1750
0 1825
0 1025
0 4309
0 3163
0 2602
0 18
0 481
0 4539
0 5052
0 1453
0 1990
0 456
0 2818
0 5522
0 522
0 3430
0 163
0 3748
0 3876
0 4240
0 5190
0 931
0 1608
0 2896
0 374
0 5477
0 3012
0 620
0 1229
0 2454
0 3842
0 2994
0 2554
0 1854
0 3651
0 5556
0 5401
0 5009
0 4973
0 1900
0 5285
0 5422
0 4019
0 4184
0 1523
0 4279
0 4092
0 1762
0 1514
0 5884
0 3326
0 4090
0 182
0 2927
0 5654
0 1683
0 560
0 2404
0 3105
0 477
0 2697
0 358
0 67
0 959
0 3079
0 3076
0 5372
0 1710
0 3015
0 5434
0 4461
0 3662
0 4409
0 1782
0 1372
0 4558
0 4695
0 1947
0 4939
0 3190
0 5508
0 4927
0 1893
0 4215
0 5995
0 2512
0 1521
0 6014
0 5110
0 938
0 4051
0 3698
0 2827
0 1096
0 1772
0 1421
0 5217
0 633
0 546
0 2548
0 3064
0 4594
0 3295
0 626
0 3292
0 529
0 4652
0 4446
0 4544
0 5775
0 1220
0 966
0 2841
0 488
0 1769
0 2507
0 2833
0 1178
0 3989
0 5560
0 4511
0 5319
0 3739
0 1465
0 4447
0 3622
0 2434
0 5854
0 5088
0 1498
0 4043
0 24
0 1951
0 351
0 3487
0 4688
0 5010
0 308
0 1265
0 2079
0 4606
0 1833
0 175
0 1649
0 6074
0 3820
0 3003
0 1169
0 5234
0 4398
0 1958
0 4668
0 1237
0 3260
0 2164
0 922
0 2072
0 4332
0 2589
0 5374
0 2632
0 1324
0 2033
0 2113
0 1349
0 1959
0 3374
0 5233
0 5454
0 500
0 4267
0 271
0 3408
0 1643
0 5107
0 1457
0 919
0 347
0 5589
0 4593
0 5168
0 5463
0 5310
0 1844
0 3923
0 1558
0 5802
0 6107
0 2191
0 918
0 4841
0 1696
0 2816
0 3123
0 4153
0 1327
0 5300
0 3632
0 2574
0 2278
0 2000
0 5082
0 3788
0 1620
0 3816
0 4837
0 2071
0 1928
0 490
0 1623
0 3996
0 5462
0 2722
0 1966
0 4782
0 1631
0 3201
0 1871
0 2823
0 1243
0 421
0 3737
0 1471
0 4250
0 4658
0 4861
0 422
0 1204
0 1460
0 133
0 5003
0 544
0 5417
0 5425
0 4251
0 1929
0 2383
0 5877
0 484
0 951
0 3812
0 2467
0 837
0 964
0 1196
0 1550
0 1826
0 5661
0 1388
0 215
0 4674
0 1093
0 2899
0 2684
0 4702
0 264
0 2153
0 5339
0 679
0 1245
0 1945
0 5443
0 4015
0 3785
0 1898
0 1419
0 1512
0 1409
0 4684
0 505
0 3058
0 1244
0 4735
0 5755
0 5906
0 1575
0 4115
0 5331
0 1914
0 240
0 5651
0 2123
0 4320
0 346
0 1706
0 690
0 4827
0 1516
0 429
0 1858
0 5120
0 4168
0 1201
0 6072
0 1624
0 1468
0 4353
0 5946
0 954
0 4214
0 916
0 4885
0 1399
0 1904
0 5169
0 4921
0 4752
0 2385
0 1395
0 3440
0 83
0 402
0 1975
0 1522
0 2013
0 4094
0 2187
0 4711
0 1451
0 1533
0 4287
0 539
0 1264
0 3215
0 3500
0 3341
0 307
0 2068
0 3005
0 5079
0 4604
0 5675
0 5073
0 1487
0 4836
0 1622
0 2179
0 3948
0 482
0 1685
0 3684
0 3947
0 3052
0 5229
0 267
0 3126
0 6027
0 4418
0 396
0 22
0 3721
0 2622
0 3546
0 2058
0 4225
0 2606
0 21
0 1783
0 4502
0 3844
0 5730
0 1661
0 4001
0 4736
0 2083
0 5837
0 5081
0 5251
0 3177
0 2310
0 1248
0 1903
0 4329
0 1944
0 4146
0 1242
0 3166
0 4690
0 3863
0 1420
0 5398
0 5212
0 4574
0 3932
0 1888
0 4117
0 3060
0 3691
0 1528
0 278
0 5140
0 5541
0 3642
0 1519
0 1043
0 4855
0 2829
0 4171
0 1073
0 196
0 344
0 4331
0 3091
0 4801
0 5696
0 1383
0 5919
0 5869
0 5337
0 518
0 638
0 4496
0 2084
0 4659
0 4296
0 5328
0 1883
0 5947
0 4553
0 5773
0 2595
0 179
0 2502
0 1965
0 1234
0 2046
0 2659
0 1476
0 2465
0 4612
0 969
0 5327
0 4978
0 435
0 397
0 3230
0 2009
0 4236
0 5164
0 1441
0 2852
0 5498
0 4088
0 1357
0 4467
0 3862
0 4360
0 5873
0 3733
0 3887
0 2082
0 5666
0 2134
0 4577
0 3509
0 4030
0 5903
0 494
0 5376
0 187
0 5201
0 5409
0 2132
0 3365
0 5566
0 3559
0 985
0 4141
0 3615
0 1868
0 5713
0 3323
0 5582
0 2587
0 787
0 4229
0 5118
0 2625
0 2451
0 1312
0 1394
0 4554
0 428
0 980
0 4016
0 1934
0 1400
0 2998
0 5917
0 5048
0 4388
0 3210
0 1632
0 1228
0 1741
0 5973
0 2348
0 1986
0 230
0 535
0 5586
0 3010
0 5086
0 3677
0 5312
0 5441
0 1508
0 418
0 4403
0 4887
0 524
0 2294
0 483
0 5136
0 4984
0 3482
0 1353
0 173
0 5012
0 538
0 1889
0 1509
0 3447
0 1226
0 1877
0 5371
0 3784
0 2520
0 1212
0 5552
0 2126
0 5912
0 3708
0 1258
0 1529
0 563
0 359
0 3520
0 3140
0 42
0 5786
0 3881
0 4677
0 2272
0 3
0 540
0 653
0 1912
0 1526
0 1867
0 4316
0 1802
0 4271
0 882
0 4470
0 1648
0 1804
0 1311
0 1961
0 5302
0 3364
0 3951
0 4806
0 1988
0 3795
0 1036
0 1931
0 5952
0 5142
0 5403
0 5988
0 940
0 1152
0 4411
0 530
0 2819
0 1618
0 5144
0 3746
0 1527
0 6006
0 125
0 1994
0 2045
0 1915
0 3648
0 5649
0 2897
0 5823
0 406
0 5720
0 1136
0 1503
0 44
0 1832
0 4805
0 4118
0 3144
0 3573
0 1576
0 5902
0 3916
0 5488
0 2190
0 2500
0 3545
0 1621
0 3834
0 393
0 1354
0 3197
0 543
0 1459
0 956
0 5481
0 4576
0 2384
0 4721
0 3044
0 3370
0 2316
0 5202
0 5594
0 1162
0 3687
0 5503
0 4483
0 5668
0 3821
0 2144
0 4152
0 4526
0 4053
0 5835
0 1707
0 1339
0 1378
0 5324
0 4462
0 2051
0 4937
0 1535
0 1309
0 423
0 3459
0 4257
0 1165
0 3248
0 2060
0 1135
0 3155
0 5283
0 6082
0 5770
0 5507
0 5135
0 1552
0 1151
0 3713
0 2987
0 127
0 5356
0 3549
0 5941
0 384
0 639
0 1716
0 1380
0 1968
0 3259
0 4566
0 348
0 5208
0 2848
0 4643
0 5962
0 523
0 507
0 1463
0 1442
0 3683
0 201
0 3563
0 3958
0 2665
0 19
0 4004
0 3232
0 1999
0 2337
0 4308
0 1262
0 5436
0 2898
0 5741
0 1778
0 6113
0 1880
0 3053
0 5378
0 785
0 2180
0 641
0 502
0 3607
0 5971
0 3294
0 2607
0 4395
0 3333
0 2125
0 3548
0 3289
0 1414
0 1940
0 562
0 471
0 5520
0 3435
0 3226
0 4357
0 4540
0 834
0 952
0 1505
0 1424
0 3927
0 1752
0 1499
0 1517
0 1391
0 353
0 2401
0 4169
0 1259
0 349
0 4974
0 2054
0 856
0 953
0 6036
0 962
0 87
0 3789
0 2903
0 2069
0 5250
0 3387
0 1386
0 5628
0 2995
0 1366
0 178
0 516
0 2268
0 3342
0 1325
0 5767
0 1481
0 895
0 5474
0 930
0 4628
0 5242
0 4162
0 3075
0 3189
0 5458
0 2990
0 1299
0 5867
0 1530
0 5740
0 342
0 3349
0 1737
0 998
0 5013
0 4196
0 3310
0 1939
0 1365
0 6035
0 6030
0 3993
0 84
0 4535
0 5287
0 2138
0 3043
0 1403
0 4616
0 1493
0 4892
0 6116
0 15
0 1556
0 5125
0 225
0 1371
0 1333
0 979
0 123
0 3931
0 3741
0 525
0 1340
0 1089
0 43
0 2613
0 3382
0 5152
0 3839
0 1872
0 945
0 454
0 2515
0 3017
0 3002
0 974
0 1397
0 5758
0 3343
0 2457
0 784
0 4058
0 3969
0 3678
0 5591
0 5446
0 1659
0 1767
0 537
0 3093
0 2189
0 4109
0 1865
0 3242
0 400
0 5564
0 1182
0 2186
0 4825
0 499
0 2338
0 305
0 3749
0 1704
0 4657
0 411
0 1001
0 982
0 1455
0 5916
0 4733
0 1938
0 3386
0 2405
0 1869
0 3581
0 3682
0 631
0 4497
0 4011
0 1794
0 4440
0 3679
0 1995
0 2626
0 4354
0 249
0 5464
0 4186
0 3980
0 4740
0 515
0 1504
0 2198
0 5930
0 1950
0 1266
0 1461
0 1236
0 1141
0 444
0 1708
0 4580
0 5466
0 2586
0 4979
0 352
0 5918
0 3130
0 5865
0 4803
0 5970
0 4148
0 419
0 1090
0 3199
0 251
0 2065
0 4328
0 4581
0 2096
0 1703
0 1235
0 5825
0 1827
0 1401
0 4707
0 3486
0 1886
0 5143
0 4795
0 2453
0 4260
0 2734
0 5
0 3321
0 3243
0 3455
0 509
0 9
0 3907
0 3527
0 4717
0 1693
0 4407
0 686
0 4485
0 5098
0 4661
0 627
0 4946
0 3198
0 1921
0 5080
0 2195
0 3004
0 4448
0 6012
0 4987
0 5180
0 3856
0 557
0 4802
0 928
0 190
0 414
0 1405
0 1107
0 943
0 1211
0 5745
0 3280
0 2090
0 3273
0 4265
0 5058
0 197
0 4198
0 1336
0 4364
0 1593
0 1491
0 1338
0 1474
0 2078
0 3221
0 1396
0 2161
0 2531
0 3319
0 4844
0 5487
0 1830
0 1425
0 2197
0 5264
0 968
0 5315
0 1936
0 5382
0 8
0 2095
0 1467
0 427
0 5523
0 3499
0 1899
0 170
0 3627
0 17
0 1654
0 1855
0 5222
0 4129
0 4487
0 417
0 5059
0 3693
0 5347
0 1711
0 652
0 2047
0 5032
0 5656
0 4945
0 1306
0 4774
0 5769
0 4510
0 2049
0 2052
0 1843
0 1573
0 5068
0 3288
0 5249
0 3732
0 118
0 2070
0 2002
0 926
0 4525
0 2270
0 4326
0 3987
0 3941
0 1308
0 5821
0 2999
0 4948
0 3614
0 2388
0 1326
0 1590
0 3984
0 1452
0 1861
0 3351
0 3057
0 214
0 2048
0 4311
0 2815
0 4165
0 2824
0 5391
0 110
0 3103
0 1901
0 3133
0 1153
0 1982
0 4955
0 1848
0 1937
0 667
0 1806
0 3893
0 3428
0 491
0 3773
0 629
0 138
0 4642
0 5633
0 188
0 4137
0 6102
0 3835
0 4492
0 4685
0 192
0 5679
0 193
0 4678
0 5718
0 420
0 5553
0 1004
0 881
0 6005
0 997
0 5231
0 3419
0 3353
0 4947
0 2055
0 1555
0 948
0 3161
0 1630
0 3779
0 4266
0 4206
0 1887
0 222
0 2080
0 5527
0 965
0 3961
0 3716
0 5765
0 1377
0 1524
0 415
0 2207
0 4713
0 3624
0 3291
0 496
0 3208
0 1227
0 3938
0 5647
0 1472
0 2599
0 5506
0 1240
0 3926
0 3924
0 5031
0 5501
0 4038
0 2526
0 171
0 362
0 2242
0 3348
0 5178
0 3877
0 5829
0 3872
0 5194
0 4224
0 4706
0 5245
0 3389
0 4503
0 3771
0 1511
0 2821
0 1675
0 4106
0 5116
0 1154
0 3914
0 2293
0 5990
0 4202
0 1475
0 2178
0 1851
0 4864
0 4857
0 1458
0 92
0 5577
0 4377
0 1628
0 4150
0 2993
0 1328
0 5290
0 2183
0 5343
0 574
0 3769
0 5172
0 3054
0 5033
0 1003
0 1337
0 4924
0 2041
0 5955
0 1775
0 5050
0 3162
0 1949
0 2601
0 1360
0 2633
0 5158
0 2901
0 459
0 4845
0 5658
0 5400
0 5602
0 3481
0 6090
0 1183
0 122
0 248
0 2461
0 929
0 3384
0 4846
0 357
0 3530
0 1864
0 2059
0 4476
0 3811
0 1513
0 5592
0 6011
0 685
0 4049
0 4333
0 1942
0 1431
0 2494
0 949
0 973
0 2241
0 5388
0 191
0 5064
0 906
0 5601
0 1644
0 200
0 1943
0 5836
0 2062
0 1164
0 2459
0 364
0 1742
0 820
0 1449
0 3282
0 5619
0 558
0 350
0 1932
0 4992
0 3168
0 263
0 4698
0 1490
0 407
0 1537
0 5461
0 6016
0 939
0 3151
0 5603
0 1390
0 1033
0 4209
0 413
0 250
0 5677
0 4545
0 493
0 5442
0 3714
0 4957
0 1462
0 3264
0 4583
0 1922
0 3934
0 4508
0 6047
0 528
0 90
0 2100
0 4
0 390
0 2864
0 2346
0 4597
0 5833
0 5219
0 630
0 3521
0 424
0 3894
0 1896
0 4040
0 5223
0 1532
0 2849
0 5057
0 4444
0 2262
0 902
0 4769
0 1413
0 202
0 6
0 4124
0 1652
0 5711
0 3457
0 1800
0 1927
0 4207
0 4807
0 520
0 3977
0 5875
0 623
0 1860
0 3869
0 5406
0 81
0 1856
0 3982
0 2810
0 4928
0 1150
0 3096
0 1919
0 4478
0 3050
0 3561
0 5392
0 1920
0 261
0 1998
0 5739
0 382
0 2413
0 4197
0 5246
0 1059
0 1985
0 944
0 6044
0 5241
0 1261
0 4161
0 1054
0 2001
0 5408
0 1807
0 501
0 1473
0 1993
0 1740
0 1863
0 1439
0 1422
0 1433
0 961
0 3117
0 1142
0 1989
0 3535
0 5069
0 4592
0 4244
0 5558
0 1765
0 5055
0 254
0 1633
0 5882
0 3082
0 957
0 1897
0 4450
0 6049
0 3170
0 5648
0 1572
0 967
0 3847
0 1440
0 1916
0 5562
0 3254
0 4352
0 656
0 4248
0 4575
0 2666
0 5857
0 984
0 5797
0 183
0 921
0 3131
0 4507
0 632
0 3734
0 345
0 3298
0 4608
0 3738
0 4397
0 1645
0 7
0 3722
0 1482
0 1374
0 526
0 306
0 5397
0 3275
0 4655
0 5689
0 195
0 282
0 2141
0 1477
0 3376
0 5812
0 1907
0 2820
0 4465
0 4898
0 176
0 1824
0 4771
0 4584
0 5115
0 199
0 1640
0 5530
0 3666
0 2718
0 5606
0 1954
0 1155
0 3995
0 1595
0 450
0 5075
0 4035
0 4579
0 1917
0 1347
0 1053
0 1161
0 2855
0 3827
0 5924
0 3868
0 3539
0 1699
0 412
0 2497
0 1609
0 5393
0 5762
0 2546
0 5653
0 1548
0 5832
0 4372
0 2627
0 3818
0 2136
0 932
0 1260
0 5218
0 2375
0 4330
0 403
0 619
0 4812
0 5856
0 4178
0 5538
0 1885
0 1881
0 2523
0 4731
0 942
0 404
0 5145
0 3613
0 4105
0 963
0 1764
0 2904
0 947
0 5124
0 2598
0 4753
0 184
0 3609
0 545
0 1381
0 5166
0 1964
0 4746
0 3278
0 1445
0 927
0 4132
0 470
0 4158
0 5627
0 542
0 1925
0 4182
0 1909
0 5799
0 5771
0 5421
0 3088
0 5989
0 5383
0 1700
0 4029
0 460
0 4858
0 5191
0 559
0 3014
0 4578
0 924
0 1694
0 5781
0 5206
0 3398
0 27
0 570
0 618
0 4673
0 4059
0 3055
0 3086
0 4765
0 678
0 549
0 2345
0 5309
0 432
0 642
0 5815
0 1941
0 303
0 1738
0 3612
0 1037
0 5620
0 1743
0 3822
0 783
0 1406
0 1436
0 1307
0 4767
0 3008
0 4766
0 1278
0 4960
0 514
0 1992
0 3160
0 387
0 1766
0 1470
0 3069
0 4185
0 2017
0 3378
0 394
0 1480
0 2314
0 1967
0 3405
0 1389
0 3062
0 1563
0 2201
0 466
0 3182
0 3920
0 124
0 2609
0 2279
0 2528
0 1948
0 1375
0 4366
0 4098
0 4084
0 2369
0 3825
0 4953
0 5014
0 5182
0 1515
0 6073
0 2146
0 5444
0 2175
0 1879
0 3217
0 4824
0 5932
0 5868
0 2925
0 3187
0 1484
0 1329
0 1407
0 5496
0 4216
0 1486
0 6025
0 5750
0 89
0 1755
0 3908
0 1697
0 169
0 3234
0 5255
0 4696
0 16
0 2926
0 5596
0 5407
0 5480
0 10
0 5479
0 4292
0 3636
0 4346
0 1041
0 4452
0 5368
0 1432
0 5430
0 5993
0 983
0 1902
0 436
0 4819
0 3001
0 4718
0 487
0 3186
0 489
0 2487
0 5980
0 4689
0 3496
0 4653
0 4056
0 3688
0 1402
0 3631
0 3625
0 946
0 1629
0 4602
0 5351
0 1891
0 508
0 1208
0 468
0 1924
0 5570
0 4829
0 521
0 3850
0 4743
0 941
0 3968
0 1531
0 1626
0 4412
0 4778
0 1314
0 5546
0 4879
0 5979
0 1803
0 1534
0 3846
0 3328
0 4542
0 405
0 4313
0 996
0 1444
0 1510
0 1203
0 4275
0 0
0 1022
0 3266
0 923
0 5967
0 4586
0 5119
0 5784
0 4438
0 2455
0 5776
0 1213
0 5796
0 270
0 4982
0 612
0 2166
0 6020
0 3814
0 4648
0 1935
0 6065
0 3132
0 1955
0 3047
0 2996
0 37
0 3595
0 1416
0 1368
0 4183
0 6088
0 597
0 1594
0 3432
0 1890
0 2
0 4951
0 621
0 485
0 2830
0 883
0 4862
0 1884
0 4055
0 2527
0 1429
0 1702
0 5426
0 1991
0 71
0 1376
0 6083
0 3747
0 1785
0 5977
0 1437
0 246
0 5840
0 5616
0 6002
0 3252
0 2477
0 2456
0 972
0 5274
0 2593
0 1553
0 5149
0 4788
0 4237
0 4961
0 4335
0 455
0 4061
0 3777
0 2831
0 2861
0 3705
0 3653
0 2452
0 4983
0 3692
0 3767
0 4018
0 2573
0 1692
0 3324
0 2448
0 3829
0 1681
0 6114
0 5859
0 6061
0 3443
0 3859
0 1133
0 5688
0 1984
0 3317
0 4104
0 1367
0 1428
0 126
0 4550
0 408
0 5254
0 1356
0 3400
0 925
0 2813
0 5632
0 4998
0 1297
0 4213
0 4934
0 5054
0 1385
0 2188
0 4434
0 4810
0 3882
0 469
0 1246
0 4194
0 5410
0 3497
0 3770
0 2061
0 1404
0 991
0 3526
0 2015
0 4149
0 5165
0 5122
0 3971
0 5363
0 2145
0 3550
0 2098
0 2469
0 3768
0 3045
0 2524
0 1488
0 3525
0 4318
0 144
0 4414
0 643
0 5091
0 981
0 1427
0 5297
0 5722
0 383
0 2289
0 4988
0 950
0 5557
0 4263
0 3966
0 4956
0 1362
0 1002
0 1466
0 1905
0 2066
0 2653
0 2423
0 247
0 2343
0 23
0 1933
0 5760
0 4371
0 3000
0 5907
0 426
0 2839
0 1438
0 2505
0 2111
0 1588
0 398
0 1603
0 3116
0 4074
0 361
0 4495
0 180
0 624
0 3218
0 4113
0 1906
0 2845
0 5732
0 3728
0 2905
0 14
0 1171
0 3819
0 360
0 4010
0 4291
0 1857
0 5936
0 3799
0 5723
0 5320
0 999
0 4772
0 1874
0 3804
0 3071
0 4484
0 5756
0 395
0 517
0 1882
0 239
0 2280
0 4516
0 174
0 2470
0 3127
0 5128
0 1952
0 5399
0 4996
0 2073
0 2828
0 4107
0 4002
0 1834
0 1627
0 564
0 1494
0 519
0 3884
0 2630
0 3196
0 2832
0 1770
0 3102
0 625
0 958
0 4170
0 1996
0 4874
0 5495
0 5643
0 1363
0 1506
0 3095
0 2034
0 5511
0 1364
0 3845
0 6086
0 1485
0 2719
0 506
0 4402
0 2449
0 3063
0 4830
0 3142
0 4500
0 5623
0 1331
0 5621
0 1238
0 5258
0 4005
0 5381
0 3953
0 1443
0 2931
0 467
0 3395
0 4555
0 622
0 70
0 1469
0 4314
0 1098
0 5834
0 1828
0 1983
0 1763
0 651
0 1701
0 66
0 3454
0 1587
0 5039
0 1447
0 2067
0 20
0 4700
0 1065
0 1351
0 1847
0 4319
0 2057
0 527
0 3806
0 1930
0 2206
0 339
0 3335
0 1918
0 3235
0 2208
0 4737
0 2077
0 4900
0 572
0 4082
0 198
0 99
0 917
0 4293
0 5298
0 3832
0 1650
0 4573
0 392
0 1384
0 4123
0 1981
0 451
0 461
0 1525
0 3173
0 4017
0 1808
0 1263
0 3072
0 4080
0 5996
0 4087
0 1655
0 3316
0 5691
0 3006
0 5682
0 3501
0 1410
0 3451
0 1507
0 1313
0 3373
0 2711
0 3193
0 5384
0 2814
0 5683
0 476
0 4085
0 1873
0 4995
0 4547
0 6022
0 3013
0 4410
1 3061
1 5961
1 3578
1 4865
1 1335
1 5160
1 5535
1 2857
1 2766
1 46
1 3422
1 2299
1 2228
1 13
1 1501
1 4381
1 1104
1 1642
1 532
1 2486
1 3552
1 4232
1 4180
1 829
1 2863
1 1977
1 3355
1 5933
1 4048
1 1670
1 1085
1 3249
1 3606
1 3097
1 3330
1 3899
1 872
1 4505
1 2798
1 1117
1 4524
1 2378
1 4770
1 1797
1 3340
1 5697
1 2611
1 5087
1 5459
1 840
1 5863
1 5733
1 4651
1 4359
1 3852
1 431
1 2986
1 5419
1 896
1 3038
1 871
1 5950
1 3286
1 1562
1 3640
1 2317
1 803
1 885
1 794
1 224
1 4486
1 775
1 258
1 2377
1 3137
1 2150
1 4454
1 1714
1 1344
1 1071
1 5275
1 4780
1 3469
1 2867
1 3293
1 256
1 146
1 4601
1 650
1 5113
1 3661
1 5826
1 4210
1 2972
1 5639
1 1612
1 366
1 2248
1 4066
1 5913
1 4797
1 3797
1 3169
1 588
1 457
1 2119
1 1546
1 2176
1 378
1 5230
1 4173
1 2873
1 168
1 2312
1 1813
1 3401
1 5020
1 286
1 5794
1 5139
1 5831
1 3623
1 3345
1 3955
1 2271
1 2412
1 2424
1 2588
1 2942
1 637
1 2673
1 2099
1 5579
1 62
1 5492
1 936
1 1500
1 3336
1 3601
1 1667
1 601
1 1611
1 5193
1 700
1 1545
1 3157
1 2371
1 2635
1 4020
1 5405
1 3836
1 5576
1 4828
1 3159
1 4530
1 2532
1 3375
1 788
1 3016
1 862
1 4585
1 463
1 4687
1 3587
1 2889
1 1788
1 4203
1 1044
1 2911
1 4039
1 552
1 2328
1 1817
1 2340
1 3085
1 2739
1 5607
1 3925
1 4091
1 3261
1 5945
1 5497
1 1567
1 3498
1 5866
1 2225
1 1298
1 5956
1 4831
1 3468
1 2592
1 1271
1 5886
1 5273
1 3929
1 3222
1 4099
1 338
1 3909
1 1198
1 2233
1 1063
1 4532
1 5450
1 3396
1 5525
1 4854
1 5609
1 3745
1 5759
1 142
1 4390
1 2336
1 5958
1 2472
1 2792
1 5077
1 5321
1 2245
1 5717
1 151
1 2354
1 3025
1 1224
1 1574
1 5053
1 3271
1 4840
1 1285
1 4723
1 217
1 592
1 2235
1 1350
1 5712
1 3035
1 4199
1 606
1 5998
1 3441
1 5635
1 3143
1 5655
1 4288
1 296
1 4816
1 937
1 720
1 1023
1 5963
1 6017
1 3985
1 4756
1 334
1 5572
1 4559
1 4112
1 284
1 874
1 571
1 581
1 3536
1 4629
1 3258
1 3720
1 5155
1 4833
1 3250
1 4873
1 2024
1 5890
1 4679
1 4459
1 3080
1 5232
1 3792
1 2976
1 5236
1 3974
1 4273
1 3658
1 2937
1 328
1 3634
1 158
1 2112
1 4445
1 2967
1 5539
1 1114
1 290
1 1787
1 586
1 5574
1 5743
1 5025
1 207
1 2237
1 4762
1 752
1 3763
1 4406
1 4880
1 337
1 3436
1 748
1 1094
1 274
1 2978
1 600
1 810
1 4405
1 2194
1 593
1 887
1 5734
1 5044
1 2139
1 2980
1 1021
1 5359
1 1417
1 4888
1 2871
1 1205
1 5763
1 5167
1 4839
1 2725
1 4114
1 4212
1 3439
1 5847
1 2604
1 2074
1 4241
1 3676
1 3531
1 3110
1 4093
1 683
1 2662
1 2640
1 5551
1 4116
1 2366
1 4111
1 556
1 3350
1 2651
1 4722
1 4671
1 5738
1 1323
1 2663
1 5938
1 2954
1 3901
1 4142
1 1079
1 768
1 2879
1 1682
1 2335
1 253
1 3541
1 5109
1 3224
1 5200
1 2342
1 2875
1 4191
1 1247
1 3569
1 442
1 2231
1 437
1 5224
1 5939
1 551
1 717
1 3505
1 2035
1 2634
1 2582
1 2356
1 2843
1 3236
1 878
1 5468
1 1746
1 764
1 4783
1 2800
1 797
1 3442
1 3843
1 2466
1 1677
1 4404
1 5969
1 2525
1 4775
1 2490
1 213
1 2382
1 5788
1 3024
1 4070
1 5037
1 6080
1 2752
1 4376
1 831
1 4110
1 4334
1 907
1 873
1 1009
1 5500
1 5303
1 4166
1 4649
1 3753
1 2358
1 1058
1 1849
1 2446
1 3128
1 6019
1 3594
1 2590
1 3027
1 309
1 430
1 1592
1 3304
1 2801
1 3066
1 4693
1 3185
1 79
1 1067
1 2543
1 221
1 1273
1 5608
1 1016
1 4534
1 5824
1 2037
1 4631
1 4734
1 377
1 3306
1 3489
1 4310
1 897
1 589
1 3347
1 4234
1 4401
1 3874
1 4636
1 3580
1 2762
1 584
1 5892
1 1193
1 2282
1 3718
1 205
1 55
1 4683
1 2782
1 2210
1 3878
1 728
1 824
1 4724
1 2353
1 5561
1 1083
1 3174
1 5972
1 5575
1 3928
1 5216
1 1145
1 712
1 2291
1 4494
1 6008
1 2751
1 3460
1 1088
1 1972
1 4792
1 5021
1 5519
1 3154
1 3366
1 4174
1 739
1 3268
1 4504
1 2570
1 2447
1 2657
1 1255
1 2425
1 4958
1 3805
1 1815
1 1753
1 1302
1 3397
1 98
1 4270
1 6092
1 4249
1 4757
1 5228
1 5150
1 1542
1 5016
1 3629
1 259
1 1960
1 761
1 3915
1 1541
1 132
1 5663
1 3492
1 2646
1 68
1 4424
1 1589
1 5456
1 5817
1 771
1 2008
1 2417
1 4200
1 1894
1 567
1 884
1 585
1 3751
1 1282
1 4034
1 4079
1 4968
1 4842
1 5317
1 2473
1 5618
1 5424
1 4919
1 704
1 1816
1 241
1 6106
1 5908
1 50
1 6041
1 2012
1 2031
1 2224
1 1435
1 2874
1 2759
1 1596
1 735
1 3704
1 5761
1 3981
1 3165
1 2709
1 2173
1 3470
1 4281
1 3379
1 2273
1 911
1 3621
1 4686
1 2334
1 3411
1 5040
1 3586
1 3766
1 2160
1 3051
1 2922
1 503
1 1218
1 2155
1 6097
1 1097
1 4089
1 4514
1 1658
1 5005
1 3815
1 5827
1 2333
1 2422
1 3604
1 1664
1 5008
1 242
1 839
1 807
1 5483
1 3074
1 608
1 2275
1 3671
1 756
1 4633
1 5964
1 5510
1 743
1 5896
1 2361
1 1671
1 5659
1 5385
1 2260
1 292
1 4589
1 3890
1 860
1 3461
1 1768
1 4991
1 800
1 779
1 3617
1 4052
1 5348
1 1010
1 5766
1 5665
1 3851
1 1617
1 6098
1 2274
1 3778
1 2259
1 4201
1 2105
1 2946
1 3962
1 4324
1 1978
1 4638
1 1048
1 5340
1 3647
1 2407
1 2851
1 2687
1 2026
1 57
1 2617
1 1613
1 441
1 1582
1 34
1 3652
1 2679
1 4000
1 4195
1 2712
1 1426
1 3434
1 818
1 3873
1 3796
1 4784
1 2757
1 25
1 3572
1 1233
1 691
1 693
1 3099
1 4081
1 3838
1 3030
1 2672
1 4469
1 4852
1 1028
1 4519
1 3579
1 2536
1 4868
1 1732
1 599
1 6084
1 710
1 615
1 5475
1 38
1 1127
1 4008
1 4033
1 2838
1 2128
1 1997
1 510
1 3895
1 2717
1 2933
1 2519
1 3611
1 2623
1 4600
1 3672
1 255
1 1130
1 3247
1 741
1 4227
1 2960
1 1106
1 1006
1 869
1 1007
1 3318
1 1554
1 3176
1 3253
1 294
1 4003
1 2042
1 80
1 1543
1 513
1 2130
1 727
1 2649
1 886
1 3388
1 893
1 2793
1 3831
1 609
1 5749
1 5189
1 5571
1 1295
1 2437
1 5901
1 45
1 5783
1 4739
1 4905
1 801
1 3826
1 4261
1 986
1 1250
1 4408
1 5074
1 228
1 4373
1 4533
1 742
1 5316
1 604
1 1759
1 6001
1 4729
1 1723
1 60
1 4419
1 2485
1 2022
1 792
1 1113
1 5636
1 4274
1 4413
1 3781
1 4284
1 2567
1 2678
1 1279
1 2431
1 3237
1 295
1 2741
1 4895
1 5600
1 5198
1 4993
1 1539
1 3514
1 2974
1 2251
1 2005
1 2619
1 2959
1 3686
1 1566
1 3740
1 5752
1 375
1 5965
1 1577
1 5427
1 802
1 2767
1 1316
1 162
1 5179
1 6117
1 3385
1 5846
1 2498
1 511
1 5652
1 4190
1 5323
1 4384
1 4189
1 3156
1 605
1 2495
1 4028
1 2092
1 1138
1 3033
1 480
1 1252
1 838
1 4362
1 326
1 1520
1 880
1 1149
1 3223
1 5974
1 4037
1 3420
1 2106
1 5412
1 672
1 5078
1 4897
1 1223
1 3239
1 4023
1 4969
1 2806
1 3507
1 3449
1 4851
1 647
1 3276
1 6060
1 5061
1 1673
1 4289
1 4339
1 657
1 2509
1 269
1 5676
1 5937
1 3946
1 5565
1 6089
1 740
1 433
1 4660
1 3978
1 4285
1 5803
1 5709
1 2949
1 2406
1 2805
1 2093
1 698
1 82
1 4623
1 2705
1 2298
1 789
1 5437
1 5690
1 3067
1 5779
1 4473
1 1581
1 3997
1 1118
1 2221
1 5904
1 3757
1 888
1 2784
1 2664
1 2551
1 5604
1 2870
1 3902
1 4773
1 2149
1 5895
1 3808
1 1292
1 5701
1 465
1 2321
1 4727
1 5595
1 4610
1 5795
1 843
1 3703
1 4598
1 2968
1 2247
1 235
1 4835
1 4431
1 2866
1 812
1 5301
1 4315
1 3404
1 5209
1 4046
1 755
1 5680
1 4312
1 5808
1 5889
1 2842
1 4045
1 2227
1 1819
1 1810
1 661
1 4572
1 3084
1 4930
1 370
1 2794
1 4379
1 2847
1 2304
1 1717
1 4663
1 3120
1 154
1 5569
1 5170
1 2480
1 3346
1 1210
1 3081
1 6015
1 3681
1 4976
1 5062
1 2708
1 1176
1 2516
1 5278
1 3065
1 666
1 2661
1 5710
1 75
1 2374
1 2441
1 644
1 2246
1 4399
1 3735
1 4970
1 3403
1 2923
1 5433
1 4065
1 3750
1 2421
1 4710
1 4177
1 3645
1 5484
1 4064
1 4669
1 5448
1 5299
1 5329
1 870
1 989
1 2432
1 1610
1 2745
1 2652
1 5782
1 5333
1 2971
1 2284
1 1973
1 5707
1 5449
1 1140
1 2363
1 4442
1 1303
1 3108
1 4449
1 1379
1 2714
1 6028
1 4754
1 580
1 2928
1 1969
1 2376
1 2747
1 2471
1 5330
1 4350
1 4890
1 512
1 2691
1 3409
1 245
1 4479
1 5792
1 105
1 4681
1 2403
1 4383
1 2517
1 4611
1 6021
1 4205
1 4708
1 2439
1 1605
1 5159
1 340
1 3146
1 2118
1 1125
1 2940
1 2888
1 2605
1 1132
1 5532
1 220
1 5213
1 497
1 3582
1 2373
1 2749
1 299
1 3220
1 4386
1 5816
1 842
1 1727
1 318
1 1565
1 3042
1 335
1 120
1 4068
1 5440
1 4981
1 3891
1 3599
1 2917
1 2142
1 3297
1 2912
1 4382
1 4697
1 5485
1 4521
1 6100
1 2370
1 4021
1 5568
1 836
1 5252
1 2521
1 3041
1 5295
1 776
1 6032
1 5007
1 3673
1 2313
1 3867
1 2775
1 2479
1 2791
1 310
1 6104
1 4954
1 3517
1 4620
1 2811
1 5610
1 3727
1 3462
1 2563
1 4457
1 4808
1 4252
1 5289
1 1139
1 1837
1 594
1 4268
1 2881
1 3802
1 498
1 3888
1 304
1 2320
1 2121
1 5584
1 2642
1 4385
1 3227
1 1027
1 5695
1 3557
1 3699
1 4475
1 2720
1 3225
1 591
1 4378
1 234
1 2581
1 3092
1 5203
1 2667
1 2982
1 4682
1 1045
1 5396
1 5660
1 2693
1 2419
1 4013
1 3602
1 2315
1 1070
1 576
1 854
1 2295
1 4231
1 5578
1 283
1 5049
1 3583
1 3332
1 5257
1 4634
1 5199
1 1634
1 6050
1 3680
1 2702
1 4254
1 1614
1 3719
1 1082
1 821
1 4758
1 4985
1 1718
1 2204
1 2360
1 472
1 3315
1 4348
1 5528
1 805
1 4750
1 5313
1 4931
1 4258
1 4798
1 321
1 1792
1 5793
1 4760
1 4103
1 5772
1 4427
1 1195
1 590
1 5247
1 4480
1 4691
1 2203
1 4645
1 4208
1 2395
1 3765
1 6094
1 823
1 4665
1 5097
1 4391
1 3426
1 5259
1 4014
1 4300
1 288
1 4751
1 2783
1 769
1 2450
1 2776
1 4989
1 3417
1 3302
1 2943
1 2799
1 889
1 108
1 582
1 365
1 3743
1 736
1 136
1 4157
1 5692
1 32
1 3037
1 73
1 2938
1 5699
1 2433
1 1551
1 2948
1 3605
1 153
1 4917
1 754
1 3262
1 3471
1 744
1 1497
1 1676
1 2538
1 1538
1 3049
1 2643
1 5447
1 3263
1 1077
1 861
1 3031
1 3760
1 231
1 5757
1 3329
1 141
1 2945
1 5923
1 5583
1 5240
1 1607
1 2025
1 1275
1 2297
1 39
1 5813
1 2671
1 6105
1 3522
1 3279
1 4823
1 796
1 5674
1 4615
1 2488
1 1269
1 2962
1 2418
1 5545
1 757
1 4564
1 3113
1 5361
1 3954
1 705
1 729
1 3608
1 1836
1 449
1 1334
1 5518
1 614
1 1823
1 5085
1 5777
1 5753
1 583
1 3759
1 3327
1 2011
1 2168
1 2561
1 4716
1 5559
1 4605
1 2116
1 211
1 4878
1 4517
1 107
1 697
1 380
1 2677
1 2290
1 2965
1 1061
1 3643
1 1272
1 2676
1 2331
1 2429
1 4007
1 316
1 738
1 2780
1 5985
1 2660
1 2772
1 1321
1 3593
1 6095
1 3148
1 4815
1 3068
1 4323
1 5622
1 2914
1 2440
1 4509
1 2763
1 5413
1 1148
1 2840
1 2535
1 4317
1 2319
1 2952
1 3477
1 703
1 5818
1 5708
1 2253
1 4591
1 4568
1 4024
1 2560
1 3040
1 300
1 1320
1 5332
1 905
1 1370
1 2730
1 3231
1 5296
1 2966
1 3650
1 1601
1 4417
1 5292
1 4144
1 1143
1 1166
1 4432
1 595
1 4676
1 4952
1 4848
1 3638
1 2729
1 4031
1 4599
1 64
1 3571
1 3515
1 5271
1 6003
1 5724
1 762
1 3339
1 76
1 4159
1 2151
1 3484
1 302
1 2785
1 2474
1 2727
1 5029
1 56
1 5880
1 6039
1 1812
1 5809
1 5716
1 4120
1 4618
1 112
1 6077
1 5123
1 1602
1 4044
1 5920
1 646
1 1060
1 2027
1 2878
1 1035
1 1724
1 634
1 2559
1 3942
1 2668
1 2860
1 91
1 438
1 2300
1 2771
1 566
1 109
1 373
1 721
1 2647
1 5509
1 4959
1 5090
1 2511
1 3495
1 2961
1 3512
1 3511
1 2329
1 876
1 2264
1 2796
1 2539
1 5858
1 5529
1 4986
1 5629
1 4415
1 830
1 1728
1 49
1 3883
1 1293
1 4546
1 4493
1 117
1 4430
1 4763
1 4471
1 3565
1 3119
1 6070
1 297
1 5129
1 3134
1 3939
1 5585
1 2256
1 2462
1 1317
1 777
1 1011
1 4703
1 4156
1 1291
1 3906
1 298
1 1690
1 4913
1 1342
1 4694
1 6076
1 475
1 2408
1 4596
1 280
1 2211
1 841
1 5845
1 5747
1 4551
1 4764
1 1131
1 5954
1 4749
1 1038
1 4127
1 4943
1 2483
1 774
1 1109
1 116
1 3195
1 3870
1 4932
1 5431
1 2787
1 5414
1 1660
1 4699
1 155
1 780
1 1771
1 3674
1 448
1 3106
1 3782
1 4997
1 4641
1 1069
1 5948
1 5411
1 1257
1 4380
1 273
1 2844
1 5502
1 5000
1 5418
1 2088
1 148
1 6038
1 102
1 5934
1 5345
1 2614
1 1946
1 3122
1 2837
1 1647
1 1796
1 753
1 669
1 5638
1 5645
1 3833
1 2610
1 3780
1 6099
1 5370
1 1638
1 3724
1 3945
1 791
1 4460
1 3761
1 3124
1 5017
1 4889
1 2963
1 5106
1 3848
1 3562
1 452
1 2240
1 3363
1 2148
1 1777
1 5814
1 1980
1 2550
1 2951
1 3577
1 2007
1 2597
1 5280
1 275
1 2254
1 2883
1 5352
1 2438
1 1747
1 2309
1 4670
1 1641
1 4603
1 1799
1 5805
1 898
1 1585
1 4301
1 706
1 3783
1 5354
1 4075
1 5173
1 314
1 2583
1 4042
1 2267
1 5001
1 3172
1 3277
1 2779
1 1657
1 244
1 3444
1 2506
1 2131
1 2850
1 1012
1 934
1 2655
1 100
1 867
1 2367
1 2862
1 616
1 960
1 2882
1 2956
1 714
1 4776
1 1805
1 5897
1 5004
1 5533
1 908
1 573
1 4343
1 4344
1 2880
1 4647
1 1000
1 3553
1 737
1 6063
1 2229
1 4463
1 1030
1 4595
1 677
1 2970
1 3794
1 4298
1 2359
1 1756
1 5174
1 2444
1 3774
1 3649
1 3542
1 6053
1 988
1 1092
1 1188
1 716
1 4119
1 4867
1 95
1 312
1 4255
1 3078
1 4912
1 4057
1 2435
1 849
1 3179
1 3529
1 3707
1 2909
1 5543
1 114
1 104
1 3639
1 4834
1 3368
1 5593
1 4704
1 2804
1 4228
1 3616
1 2196
1 725
1 3283
1 4294
1 2265
1 4527
1 3171
1 5871
1 4637
1 4826
1 5810
1 4277
1 5176
1 2318
1 2410
1 6075
1 770
1 4910
1 5235
1 4361
1 4891
1 719
1 668
1 3214
1 5850
1 2742
1 4726
1 3540
1 1790
1 3537
1 4163
1 855
1 1720
1 2975
1 3879
1 2786
1 2386
1 2252
1 3590
1 458
1 3790
1 5046
1 4283
1 3597
1 3731
1 1031
1 3466
1 2518
1 2107
1 5163
1 2172
1 58
1 379
1 3488
1 464
1 77
1 3861
1 2154
1 5728
1 3591
1 5547
1 4135
1 3963
1 2010
1 5023
1 2102
1 3803
1 3285
1 1599
1 1957
1 2913
1 3194
1 5034
1 2324
1 1355
1 696
1 3726
1 2694
1 3871
1 4624
1 4336
1 5662
1 1221
1 2654
1 3412
1 5063
1 3610
1 1159
1 4625
1 4626
1 577
1 1651
1 2704
1 5874
1 1174
1 5276
1 6103
1 4026
1 28
1 3167
1 2004
1 5999
1 2075
1 1270
1 4745
1 2894
1 695
1 5293
1 1786
1 3377
1 2955
1 5225
1 2394
1 2869
1 2006
1 5457
1 72
1 5154
1 36
1 658
1 2379
1 2311
1 5681
1 88
1 5881
1 3472
1 2743
1 5588
1 4175
1 5268
1 5272
1 1253
1 1749
1 2501
1 2918
1 4950
1 611
1 6079
1 5860
1 1215
1 2341
1 1820
1 5911
1 746
1 5482
1 1280
1 257
1 4347
1 5516
1 3798
1 6059
1 864
1 554
1 78
1 2552
1 1081
1 2939
1 33
1 5307
1 4337
1 4882
1 2276
1 2703
1 4571
1 3715
1 5491
1 1774
1 369
1 2591
1 2920
1 3635
1 5103
1 2690
1 3407
1 4817
1 1680
1 4881
1 285
1 3192
1 1564
1 6093
1 2723
1 701
1 1656
1 3022
1 5284
1 137
1 4860
1 4994
1 4506
1 5631
1 781
1 5885
1 5030
1 3391
1 1496
1 4367
1 3957
1 4358
1 602
1 2263
1 5121
1 2147
1 2323
1 41
1 3150
1 1283
1 4269
1 2365
1 172
1 3152
1 3473
1 2781
1 3533
1 1160
1 1636
1 2737
1 3354
1 1586
1 2670
1 2249
1 5076
1 846
1 1637
1 3305
1 5311
1 3659
1 446
1 799
1 3090
1 1373
1 2302
1 1361
1 4481
1 2858
1 317
1 4302
1 1286
1 6026
1 1129
1 4219
1 5844
1 3416
1 372
1 3725
1 4134
1 5981
1 2533
1 2236
1 35
1 5554
1 2028
1 2415
1 2308
1 3620
1 5369
1 2177
1 4392
1 3446
1 1495
1 4666
1 5626
1 1249
1 1068
1 2789
1 4899
1 5580
1 5888
1 5336
1 3429
1 2770
1 212
1 5243
1 1190
1 4977
1 2234
1 3164
1 1039
1 1184
1 2032
1 5428
1 5630
1 3493
1 1568
1 1124
1 4006
1 4971
1 4238
1 3356
1 1126
1 5244
1 2428
1 1163
1 2193
1 766
1 3380
1 5742
1 5838
1 2575
1 3513
1 147
1 3988
1 5617
1 135
1 3418
1 325
1 4967
1 5015
1 555
1 4719
1 3964
1 121
1 4167
1 534
1 1274
1 5927
1 3755
1 826
1 5146
1 4940
1 5751
1 4560
1 5318
1 5667
1 2101
1 5387
1 2892
1 2192
1 5887
1 4667
1 2110
1 4369
1 1281
1 3983
1 2755
1 2355
1 434
1 2795
1 699
1 5852
1 6110
1 4923
1 5540
1 1170
1 1709
1 5879
1 3100
1 1122
1 2115
1 3853
1 4999
1 3424
1 5262
1 6010
1 5390
1 4630
1 758
1 1846
1 1745
1 3905
1 664
1 3502
1 2305
1 1099
1 2658
1 2351
1 2728
1 2645
1 2442
1 5022
1 2835
1 3021
1 5997
1 5094
1 4794
1 2392
1 3233
1 3028
1 1606
1 3331
1 2618
1 3352
1 3369
1 1277
1 6013
1 2393
1 2893
1 3823
1 4569
1 1157
1 1569
1 5686
1 3800
1 2964
1 1748
1 3665
1 1156
1 3919
1 4041
1 4151
1 2170
1 4131
1 610
1 1173
1 1838
1 587
1 4290
1 4869
1 1492
1 3474
1 1798
1 2608
1 1032
1 2768
1 54
1 892
1 670
1 63
1 1029
1 3858
1 2174
1 5893
1 3257
1 4512
1 4464
1 2508
1 2764
1 3972
1 5822
1 229
1 1207
1 1187
1 2846
1 5494
1 4791
1 4482
1 287
1 4370
1 2411
1 5099
1 4876
1 568
1 4613
1 1735
1 2165
1 3585
1 5727
1 2887
1 3431
1 4963
1 662
1 59
1 5987
1 732
1 722
1 3149
1 5931
1 4528
1 1979
1 2019
1 3710
1 130
1 4428
1 4211
1 330
1 2944
1 1084
1 687
1 5849
1 2700
1 2214
1 313
1 5953
1 2594
1 4437
1 3702
1 1814
1 6000
1 3390
1 5684
1 5721
1 209
1 2569
1 293
1 692
1 4920
1 4513
1 1571
1 5517
1 165
1 2352
1 3200
1 994
1 2492
1 1119
1 166
1 5768
1 5943
1 185
1 4235
1 1688
1 5162
1 1635
1 96
1 3229
1 2244
1 4086
1 671
1 1758
1 3303
1 2258
1 4949
1 3427
1 3910
1 2558
1 808
1 5455
1 453
1 2157
1 1042
1 715
1 5294
1 3903
1 322
1 3967
1 5951
1 3238
1 2746
1 6024
1 3479
1 5089
1 206
1 1341
1 1121
1 596
1 4050
1 2199
1 5019
1 5175
1 4730
1 2865
1 4264
1 3423
1 6042
1 1056
1 5819
1 3240
1 2969
1 1734
1 4140
1 4907
1 1619
1 6057
1 3758
1 3251
1 5453
1 1105
1 2644
1 3073
1 6066
1 443
1 675
1 3712
1 1301
1 5041
1 5130
1 4456
1 3244
1 1013
1 2577
1 6051
1 5975
1 5026
1 1231
1 3723
1 3267
1 363
1 1583
1 5613
1 4796
1 822
1 1180
1 844
1 3114
1 2209
1 4561
1 4095
1 5377
1 5204
1 4125
1 877
1 315
1 5060
1 4230
1 2542
1 4246
1 3433
1 935
1 2036
1 2754
1 4349
1 5153
1 2724
1 3516
1 726
1 3452
1 4256
1 2748
1 3911
1 4582
1 4458
1 5117
1 2040
1 3359
1 5642
1 2303
1 4886
1 1185
1 3574
1 891
1 2039
1 1062
1 2330
1 140
1 5126
1 4570
1 1726
1 6067
1 5451
1 3504
1 1976
1 5270
1 324
1 29
1 1120
1 733
1 3943
1 2859
1 252
1 2427
1 3357
1 4768
1 3034
1 1352
1 832
1 899
1 993
1 5147
1 4838
1 149
1 218
1 613
1 1779
1 5018
1 4714
1 5982
1 4709
1 2089
1 150
1 4032
1 3338
1 2992
1 2372
1 3087
1 1842
1 4188
1 371
1 3786
1 3791
1 3358
1 1050
1 2696
1 750
1 227
1 2774
1 4590
1 323
1 3188
1 4193
1 3301
1 2680
1 3841
1 1793
1 4789
1 663
1 2812
1 1318
1 139
1 3663
1 3538
1 5205
1 260
1 2200
1 203
1 2698
1 2409
1 1284
1 5196
1 332
1 3976
1 4738
1 5612
1 5207
1 1019
1 2016
1 2699
1 1839
1 3566
1 1835
1 1289
1 745
1 3456
1 5220
1 3213
1 2503
1 913
1 4498
1 4121
1 2103
1 751
1 4832
1 5704
1 4356
1 1668
1 6058
1 3935
1 809
1 3706
1 3361
1 4374
1 3178
1 3689
1 654
1 5439
1 5334
1 3372
1 811
1 2537
1 445
1 4355
1 3206
1 5380
1 4712
1 901
1 52
1 5548
1 655
1 2243
1 4243
1 2475
1 2615
1 3598
1 2344
1 3660
1 3036
1 2890
1 3664
1 2286
1 5984
1 4777
1 5567
1 5983
1 113
1 4859
1 875
1 4363
1 603
1 4342
1 2463
1 2288
1 1712
1 2580
1 5678
1 4139
1 1216
1 2510
1 3313
1 5161
1 2152
1 1549
1 6087
1 1730
1 5051
1 368
1 3476
1 1046
1 2682
1 759
1 4926
1 1580
1 2489
1 1653
1 1287
1 93
1 5404
1 3204
1 804
1 4781
1 4282
1 2584
1 1600
1 3101
1 1722
1 3685
1 3399
1 2399
1 4340
1 4741
1 2689
1 4063
1 329
1 868
1 3029
1 3991
1 778
1 101
1 2681
1 1418
1 4787
1 1387
1 265
1 2159
1 2803
1 159
1 4443
1 4640
1 1319
1 1757
1 2797
1 5698
1 5096
1 4179
1 5705
1 1678
1 1057
1 157
1 1430
1 3414
1 3567
1 4863
1 103
1 5045
1 232
1 2916
1 3524
1 1116
1 6055
1 3600
1 2326
1 857
1 5986
1 2947
1 4466
1 5960
1 3228
1 5132
1 4893
1 1095
1 5855
1 3933
1 5024
1 1110
1 1175
1 6048
1 5940
1 160
1 3478
1 2493
1 3694
1 2941
1 4477
1 2756
1 702
1 2973
1 3633
1 910
1 1615
1 5513
1 4877
1 5894
1 5269
1 238
1 2556
1 1662
1 2692
1 5197
1 1197
1 30
1 5624
1 2281
1 289
1 5839
1 2854
1 4942
1 5386
1 5138
1 1570
1 3121
1 2807
1 2984
1 5335
1 223
1 1290
1 1731
1 208
1 2544
1 3824
1 143
1 5891
1 266
1 5360
1 533
1 3999
1 2686
1 1791
1 3410
1 4622
1 2906
1 5185
1 4537
1 5644
1 2979
1 2695
1 65
1 4705
1 1200
1 4435
1 5614
1 336
1 367
1 4866
1 5305
1 3211
1 2929
1 1222
1 2076
1 5968
1 3564
1 5685
1 2740
1 5505
1 793
1 6052
1 2886
1 2571
1 3900
1 2108
1 3147
1 2081
1 3138
1 268
1 817
1 5673
1 1072
1 2349
1 152
1 1744
1 730
1 4396
1 4097
1 909
1 2307
1 2350
1 5221
1 2753
1 2547
1 2169
1 2514
1 1158
1 4441
1 724
1 1206
1 5027
1 2018
1 5870
1 2285
1 3855
1 847
1 6056
1 5092
1 2765
1 5804
1 53
1 2086
1 1669
1 4609
1 4108
1 890
1 707
1 2091
1 2167
1 5521
1 5095
1 3618
1 5002
1 767
1 1112
1 5581
1 3568
1 2736
1 1066
1 4306
1 3992
1 912
1 798
1 462
1 4692
1 2669
1 504
1 5056
1 2856
1 1078
1 74
1 4896
1 5065
1 1684
1 4128
1 186
1 894
1 5526
1 4322
1 4548
1 3817
1 4902
1 4909
1 904
1 4875
1 219
1 1713
1 1705
1 4226
1 2553
1 2621
1 1186
1 381
1 3381
1 2868
1 4786
1 4922
1 131
1 2257
1 5105
1 1598
1 5239
1 1818
1 5537
1 1167
1 2250
1 1974
1 827
1 376
1 2023
1 5489
1 648
1 1064
1 6069
1 3467
1 5714
1 1017
1 2402
1 5438
1 5226
1 2895
1 2230
1 2381
1 3897
1 4701
1 301
1 5472
1 4143
1 1725
1 2876
1 659
1 5748
1 3125
1 2499
1 3448
1 3475
1 2565
1 1008
1 4176
1 4223
1 660
1 4204
1 3202
1 2715
1 3139
1 5435
1 2685
1 1776
1 579
1 2109
1 5112
1 1578
1 3503
1 474
1 550
1 2957
1 4145
1 161
1 3450
1 1214
1 4853
1 5664
1 5976
1 1751
1 5615
1 3255
1 3950
1 1296
1 4725
1 4069
1 914
1 2808
1 5929
1 4259
1 3892
1 2104
1 4646
1 2564
1 4187
1 210
1 2636
1 2277
1 279
1 1219
1 6071
1 3584
1 5346
1 4295
1 164
1 2908
1 1715
1 5420
1 1087
1 694
1 1014
1 711
1 1055
1 1754
1 5279
1 5534
1 1926
1 1225
1 3464
1 5070
1 795
1 4276
1 3986
1 3921
1 354
1 2306
1 5992
1 3287
1 2578
1 718
1 1024
1 2087
1 3307
1 5605
1 4635
1 2930
1 933
1 2014
1 97
1 3112
1 2124
1 765
1 4072
1 1691
1 3083
1 866
1 3463
1 3216
1 341
1 5379
1 1189
1 2222
1 6018
1 2094
1 2566
1 2420
1 5308
1 649
1 4422
1 5801
1 1789
1 828
1 5864
1 5549
1 4155
1 4515
1 4856
1 4908
1 3334
1 2205
1 2790
1 3109
1 3776
1 850
1 281
1 749
1 40
1 1040
1 1018
1 858
1 3807
1 2884
1 1276
1 4451
1 2721
1 5101
1 1300
1 2400
1 3360
1 3018
1 851
1 5843
1 1115
1 3701
1 3944
1 2038
1 4662
1 1845
1 5726
1 3284
1 734
1 2836
1 48
1 3438
1 3135
1 237
1 1665
1 5187
1 5192
1 5357
1 2339
1 1080
1 5261
1 4557
1 129
1 2950
1 782
1 61
1 2143
1 5573
1 3547
1 276
1 4423
1 5084
1 5467
1 4980
1 2877
1 5362
1 4552
1 1217
1 5731
1 2953
1 2675
1 1128
1 4654
1 2232
1 3970
1 3437
1 3203
1 4154
1 4305
1 2398
1 4472
1 1579
1 1780
1 85
1 4656
1 4520
1 331
1 5780
1 3729
1 4345
1 553
1 3274
1 2484
1 4632
1 4614
1 3655
1 3837
1 4965
1 723
1 1892
1 4675
1 5171
1 4933
1 5486
1 5669
1 1101
1 1721
1 2368
1 747
1 333
1 5291
1 4871
1 1268
1 2958
1 3415
1 3523
1 4990
1 3518
1 5921
1 4060
1 1322
1 5851
1 3628
1 4303
1 3362
1 2478
1 5394
1 51
1 4233
1 2325
1 2921
1 3626
1 1144
1 6115
1 1561
1 5355
1 2117
1 4617
1 3325
1 5156
1 2809
1 3445
1 676
1 4220
1 3866
1 4799
1 4100
1 3896
1 2364
1 2924
1 204
1 3646
1 5148
1 440
1 3246
1 578
1 3205
1 3402
1 5256
1 5744
1 5536
1 5186
1 3141
1 4321
1 816
1 2683
1 2416
1 2414
1 4972
1 4621
1 5322
1 598
1 4732
1 6043
1 4607
1 1
1 3772
1 5641
1 1822
1 5253
1 2731
1 1049
1 4918
1 815
1 2097
1 5211
1 2491
1 845
1 2557
1 2216
1 2915
1 5725
1 5195
1 3212
1 4523
1 3308
1 6101
1 4325
1 1005
1 731
1 5634
1 6054
1 1663
1 3979
1 3959
1 2761
1 5514
1 5344
1 2620
1 5423
1 4813
1 4368
1 1034
1 3857
1 4906
1 1557
1 2853
1 1729
1 3830
1 2641
1 2773
1 243
1 2184
1 1147
1 708
1 4387
1 3754
1 565
1 995
1 4925
1 1719
1 47
1 5841
1 3775
1 3300
1 1267
1 5735
1 814
1 277
1 2985
1 1666
1 4096
1 3145
1 713
1 2239
1 327
1 5820
1 5365
1 4779
1 5177
1 5366
1 1540
1 4253
1 2529
1 863
1 2481
1 2140
1 6046
1 2733
1 5134
1 1811
1 5493
1 5900
1 5785
1 3104
1 2802
1 3810
1 4393
1 2656
1 4911
1 2534
1 5994
1 3184
1 3519
1 3506
1 6029
1 3975
1 2133
1 3551
1 2522
1 2266
1 1695
1 439
1 5926
1 1604
1 3314
1 1294
1 2223
1 3367
1 6085
1 3809
1 4541
1 5215
1 2226
1 226
1 3465
1 3344
1 773
1 1559
1 5416
1 4247
1 3485
1 2129
1 1202
1 2030
1 2044
1 5935
1 2464
1 1102
1 2220
1 5853
1 5637
