0 0
1 1
0 2
0 3
0 4
0 5
0 6
0 7
0 8
0 9
0 10
1 11
1 12
1 13
0 14
0 15
0 16
0 17
0 18
0 19
0 20
0 21
0 22
0 23
0 24
1 25
1 26
0 27
1 28
1 29
1 30
1 31
1 32
1 33
1 34
1 35
1 36
0 37
1 38
1 39
1 40
1 41
0 42
0 43
0 44
1 45
1 46
1 47
1 48
1 49
1 50
1 51
1 52
1 53
1 54
1 55
1 56
1 57
1 58
1 59
1 60
1 61
1 62
1 63
1 64
1 65
0 66
0 67
1 68
0 69
0 70
0 71
1 72
1 73
1 74
1 75
1 76
1 77
1 78
1 79
1 80
0 81
1 82
0 83
0 84
1 85
1 86
0 87
1 88
0 89
0 90
1 91
0 92
1 93
1 94
1 95
1 96
1 97
1 98
0 99
1 100
1 101
1 102
1 103
1 104
1 105
1 106
1 107
1 108
1 109
0 110
1 111
1 112
1 113
1 114
1 115
1 116
1 117
0 118
0 119
1 120
1 121
0 122
0 123
0 124
0 125
0 126
0 127
1 128
1 129
1 130
1 131
1 132
0 133
1 134
1 135
1 136
1 137
0 138
1 139
1 140
1 141
1 142
1 143
0 144
0 145
1 146
1 147
1 148
1 149
1 150
1 151
1 152
1 153
1 154
1 155
1 156
1 157
1 158
1 159
1 160
1 161
1 162
0 163
1 164
1 165
1 166
1 167
1 168
0 169
0 170
0 171
1 172
0 173
0 174
0 175
0 176
0 177
0 178
0 179
0 180
0 181
0 182
0 183
0 184
1 185
1 186
0 187
0 188
0 189
0 190
0 191
0 192
0 193
0 194
0 195
0 196
0 197
0 198
0 199
0 200
0 201
0 202
1 203
1 204
1 205
1 206
1 207
1 208
1 209
1 210
1 211
1 212
1 213
0 214
0 215
1 216
1 217
1 218
1 219
1 220
1 221
0 222
1 223
1 224
0 225
1 226
1 227
1 228
1 229
0 230
1 231
1 232
1 233
1 234
1 235
1 236
1 237
1 238
0 239
0 240
1 241
1 242
1 243
1 244
1 245
0 246
0 247
0 248
0 249
0 250
0 251
1 252
1 253
0 254
1 255
1 256
1 257
1 258
1 259
1 260
0 261
0 262
0 263
0 264
1 265
1 266
0 267
1 268
1 269
0 270
0 271
1 272
1 273
1 274
1 275
1 276
1 277
0 278
1 279
1 280
1 281
0 282
1 283
1 284
1 285
1 286
1 287
1 288
1 289
1 290
0 291
1 292
1 293
1 294
1 295
1 296
1 297
1 298
1 299
1 300
1 301
1 302
0 303
1 304
0 305
0 306
0 307
0 308
1 309
1 310
1 311
1 312
1 313
1 314
1 315
1 316
1 317
1 318
1 319
1 320
1 321
1 322
1 323
1 324
1 325
1 326
1 327
1 328
1 329
1 330
1 331
1 332
1 333
1 334
1 335
1 336
1 337
1 338
0 339
1 340
1 341
0 342
0 343
0 344
0 345
0 346
0 347
0 348
0 349
0 350
0 351
0 352
0 353
1 354
0 355
0 356
0 357
0 358
0 359
0 360
0 361
0 362
1 363
0 364
1 365
1 366
1 367
1 368
1 369
1 370
1 371
1 372
1 373
0 374
1 375
1 376
1 377
1 378
1 379
1 380
1 381
0 382
0 383
0 384
0 385
0 386
0 387
0 388
0 389
0 390
0 391
0 392
0 393
0 394
0 395
0 396
0 397
0 398
0 399
0 400
0 401
0 402
0 403
0 404
0 405
0 406
0 407
0 408
0 409
0 410
0 411
0 412
0 413
0 414
0 415
0 416
0 417
0 418
0 419
0 420
0 421
0 422
0 423
0 424
0 425
0 426
0 427
0 428
0 429
1 430
1 431
0 432
1 433
1 434
0 435
0 436
1 437
1 438
1 439
1 440
1 441
1 442
1 443
0 444
1 445
1 446
1 447
1 448
1 449
0 450
0 451
1 452
1 453
0 454
0 455
0 456
1 457
1 458
0 459
0 460
0 461
1 462
1 463
1 464
1 465
0 466
0 467
0 468
0 469
0 470
0 471
1 472
1 473
1 474
1 475
0 476
0 477
0 478
1 479
1 480
0 481
0 482
0 483
0 484
0 485
0 486
0 487
0 488
0 489
0 490
0 491
0 492
0 493
0 494
0 495
0 496
1 497
1 498
0 499
0 500
0 501
0 502
1 503
1 504
0 505
0 506
0 507
0 508
0 509
1 510
1 511
1 512
1 513
0 514
0 515
0 516
0 517
0 518
0 519
0 520
0 521
0 522
0 523
0 524
0 525
0 526
0 527
0 528
0 529
0 530
0 531
1 532
1 533
1 534
0 535
0 536
0 537
0 538
0 539
0 540
0 541
0 542
0 543
0 544
0 545
0 546
0 547
0 548
0 549
1 550
1 551
1 552
1 553
1 554
1 555
1 556
0 557
0 558
0 559
0 560
0 561
0 562
0 563
0 564
1 565
1 566
1 567
1 568
0 569
0 570
1 571
0 572
1 573
0 574
0 575
1 576
1 577
1 578
1 579
1 580
1 581
1 582
1 583
1 584
1 585
1 586
1 587
1 588
1 589
1 590
1 591
1 592
1 593
1 594
1 595
1 596
0 597
1 598
1 599
1 600
1 601
1 602
1 603
1 604
1 605
1 606
1 607
1 608
1 609
1 610
1 611
0 612
1 613
1 614
1 615
1 616
1 617
0 618
0 619
0 620
0 621
0 622
0 623
0 624
0 625
0 626
0 627
1 628
0 629
0 630
0 631
0 632
0 633
1 634
0 635
0 636
1 637
0 638
0 639
0 640
0 641
0 642
0 643
1 644
1 645
1 646
1 647
1 648
1 649
1 650
0 651
0 652
0 653
1 654
1 655
0 656
1 657
1 658
1 659
1 660
1 661
1 662
1 663
1 664
1 665
1 666
0 667
1 668
1 669
1 670
1 671
1 672
1 673
1 674
1 675
1 676
1 677
0 678
0 679
1 680
1 681
1 682
1 683
1 684
0 685
0 686
1 687
1 688
0 689
0 690
1 691
1 692
1 693
1 694
1 695
1 696
1 697
1 698
1 699
1 700
1 701
1 702
1 703
1 704
1 705
1 706
1 707
1 708
1 709
1 710
1 711
1 712
1 713
1 714
1 715
1 716
1 717
1 718
1 719
1 720
1 721
1 722
1 723
1 724
1 725
1 726
1 727
1 728
1 729
1 730
1 731
1 732
1 733
1 734
1 735
1 736
1 737
1 738
1 739
1 740
1 741
1 742
1 743
1 744
1 745
1 746
1 747
1 748
1 749
1 750
1 751
1 752
1 753
1 754
1 755
1 756
1 757
1 758
1 759
1 760
1 761
1 762
1 763
1 764
1 765
1 766
1 767
1 768
1 769
1 770
1 771
1 772
1 773
1 774
1 775
1 776
1 777
1 778
1 779
1 780
1 781
1 782
0 783
0 784
0 785
0 786
0 787
1 788
1 789
1 790
1 791
1 792
1 793
1 794
1 795
1 796
1 797
1 798
1 799
1 800
1 801
1 802
1 803
1 804
1 805
1 806
1 807
1 808
1 809
1 810
1 811
1 812
1 813
1 814
1 815
1 816
1 817
1 818
0 819
0 820
1 821
1 822
1 823
1 824
1 825
1 826
1 827
1 828
1 829
1 830
1 831
1 832
1 833
0 834
0 835
1 836
0 837
1 838
1 839
1 840
1 841
1 842
1 843
1 844
1 845
1 846
1 847
1 848
1 849
1 850
1 851
1 852
0 853
1 854
1 855
0 856
1 857
1 858
1 859
1 860
1 861
1 862
1 863
1 864
1 865
1 866
1 867
1 868
1 869
1 870
1 871
1 872
1 873
1 874
1 875
1 876
1 877
1 878
1 879
1 880
0 881
0 882
0 883
1 884
1 885
1 886
1 887
1 888
1 889
1 890
1 891
1 892
1 893
1 894
0 895
1 896
1 897
1 898
1 899
1 900
1 901
0 902
0 903
1 904
1 905
0 906
1 907
1 908
1 909
1 910
1 911
1 912
1 913
1 914
0 915
0 916
0 917
0 918
0 919
0 920
0 921
0 922
0 923
0 924
0 925
0 926
0 927
0 928
0 929
0 930
0 931
0 932
1 933
1 934
1 935
1 936
1 937
0 938
0 939
0 940
0 941
0 942
0 943
0 944
0 945
0 946
0 947
0 948
0 949
0 950
0 951
0 952
0 953
0 954
0 955
0 956
0 957
0 958
0 959
1 960
0 961
0 962
0 963
0 964
0 965
0 966
0 967
0 968
0 969
0 970
0 971
0 972
0 973
0 974
0 975
0 976
0 977
0 978
0 979
0 980
0 981
0 982
0 983
0 984
0 985
1 986
1 987
1 988
1 989
0 990
0 991
0 992
1 993
1 994
1 995
0 996
0 997
0 998
0 999
1 1000
0 1001
0 1002
0 1003
0 1004
1 1005
1 1006
1 1007
1 1008
1 1009
1 1010
1 1011
1 1012
1 1013
1 1014
1 1015
1 1016
1 1017
1 1018
1 1019
1 1020
1 1021
0 1022
1 1023
1 1024
0 1025
1 1026
1 1027
1 1028
1 1029
1 1030
1 1031
1 1032
0 1033
1 1034
1 1035
0 1036
0 1037
1 1038
1 1039
1 1040
0 1041
1 1042
0 1043
1 1044
1 1045
1 1046
1 1047
1 1048
1 1049
1 1050
1 1051
0 1052
0 1053
0 1054
1 1055
1 1056
1 1057
1 1058
0 1059
1 1060
1 1061
1 1062
1 1063
1 1064
0 1065
1 1066
1 1067
1 1068
1 1069
1 1070
1 1071
1 1072
0 1073
1 1074
1 1075
0 1076
1 1077
1 1078
1 1079
1 1080
1 1081
1 1082
1 1083
1 1084
1 1085
0 1086
1 1087
1 1088
0 1089
0 1090
0 1091
1 1092
0 1093
1 1094
1 1095
0 1096
1 1097
0 1098
1 1099
1 1100
1 1101
1 1102
1 1103
1 1104
1 1105
1 1106
0 1107
0 1108
1 1109
1 1110
1 1111
1 1112
1 1113
1 1114
1 1115
1 1116
1 1117
1 1118
1 1119
1 1120
1 1121
1 1122
1 1123
1 1124
1 1125
1 1126
1 1127
1 1128
1 1129
1 1130
1 1131
1 1132
0 1133
0 1134
0 1135
0 1136
0 1137
1 1138
1 1139
1 1140
0 1141
0 1142
1 1143
1 1144
1 1145
0 1146
1 1147
1 1148
1 1149
0 1150
0 1151
0 1152
0 1153
0 1154
0 1155
1 1156
1 1157
1 1158
1 1159
1 1160
0 1161
0 1162
1 1163
0 1164
0 1165
1 1166
1 1167
1 1168
0 1169
1 1170
0 1171
0 1172
1 1173
1 1174
1 1175
1 1176
0 1177
0 1178
0 1179
1 1180
0 1181
0 1182
0 1183
1 1184
1 1185
1 1186
1 1187
1 1188
1 1189
1 1190
0 1191
0 1192
1 1193
0 1194
1 1195
0 1196
1 1197
1 1198
0 1199
1 1200
0 1201
1 1202
0 1203
0 1204
1 1205
1 1206
1 1207
0 1208
1 1209
1 1210
0 1211
0 1212
0 1213
1 1214
1 1215
1 1216
1 1217
1 1218
1 1219
0 1220
1 1221
1 1222
1 1223
1 1224
1 1225
0 1226
0 1227
0 1228
0 1229
0 1230
1 1231
1 1232
1 1233
0 1234
0 1235
0 1236
0 1237
0 1238
0 1239
0 1240
0 1241
0 1242
0 1243
0 1244
0 1245
0 1246
1 1247
0 1248
1 1249
1 1250
0 1251
1 1252
1 1253
1 1254
1 1255
1 1256
1 1257
0 1258
0 1259
0 1260
0 1261
0 1262
0 1263
0 1264
0 1265
0 1266
1 1267
1 1268
1 1269
1 1270
1 1271
1 1272
1 1273
1 1274
1 1275
1 1276
1 1277
0 1278
1 1279
1 1280
1 1281
1 1282
1 1283
1 1284
1 1285
1 1286
1 1287
1 1288
1 1289
1 1290
1 1291
1 1292
1 1293
1 1294
1 1295
1 1296
0 1297
1 1298
0 1299
1 1300
1 1301
1 1302
1 1303
0 1304
0 1305
0 1306
0 1307
0 1308
0 1309
0 1310
0 1311
0 1312
0 1313
0 1314
1 1315
1 1316
1 1317
1 1318
1 1319
1 1320
1 1321
1 1322
1 1323
0 1324
0 1325
0 1326
0 1327
0 1328
0 1329
0 1330
0 1331
0 1332
0 1333
1 1334
1 1335
0 1336
0 1337
0 1338
0 1339
0 1340
1 1341
1 1342
1 1343
1 1344
1 1345
0 1346
0 1347
0 1348
0 1349
1 1350
0 1351
1 1352
0 1353
0 1354
1 1355
0 1356
0 1357
0 1358
0 1359
0 1360
1 1361
0 1362
0 1363
0 1364
0 1365
0 1366
0 1367
0 1368
0 1369
1 1370
0 1371
0 1372
1 1373
0 1374
0 1375
0 1376
0 1377
0 1378
1 1379
0 1380
0 1381
0 1382
0 1383
0 1384
0 1385
0 1386
1 1387
0 1388
0 1389
0 1390
0 1391
0 1392
0 1393
0 1394
0 1395
0 1396
0 1397
0 1398
0 1399
0 1400
0 1401
0 1402
0 1403
0 1404
0 1405
0 1406
0 1407
0 1408
0 1409
0 1410
1 1411
1 1412
0 1413
0 1414
0 1415
0 1416
1 1417
1 1418
0 1419
0 1420
0 1421
0 1422
0 1423
0 1424
0 1425
1 1426
0 1427
0 1428
0 1429
1 1430
0 1431
0 1432
0 1433
0 1434
1 1435
0 1436
0 1437
0 1438
0 1439
0 1440
0 1441
0 1442
0 1443
0 1444
0 1445
0 1446
0 1447
0 1448
0 1449
0 1450
0 1451
0 1452
0 1453
1 1454
0 1455
0 1456
0 1457
0 1458
0 1459
0 1460
0 1461
0 1462
0 1463
0 1464
0 1465
0 1466
0 1467
0 1468
0 1469
0 1470
0 1471
0 1472
0 1473
0 1474
0 1475
0 1476
0 1477
0 1478
0 1479
0 1480
0 1481
0 1482
0 1483
0 1484
0 1485
0 1486
0 1487
0 1488
0 1489
0 1490
0 1491
1 1492
0 1493
0 1494
1 1495
1 1496
1 1497
0 1498
0 1499
1 1500
1 1501
0 1502
0 1503
0 1504
0 1505
0 1506
0 1507
0 1508
0 1509
0 1510
0 1511
0 1512
0 1513
0 1514
0 1515
0 1516
0 1517
0 1518
0 1519
1 1520
0 1521
0 1522
0 1523
0 1524
0 1525
0 1526
0 1527
0 1528
0 1529
0 1530
0 1531
0 1532
0 1533
0 1534
0 1535
0 1536
0 1537
1 1538
1 1539
1 1540
1 1541
1 1542
1 1543
0 1544
1 1545
1 1546
0 1547
0 1548
1 1549
0 1550
1 1551
0 1552
0 1553
1 1554
0 1555
0 1556
1 1557
0 1558
1 1559
0 1560
1 1561
1 1562
0 1563
1 1564
1 1565
1 1566
1 1567
1 1568
1 1569
1 1570
1 1571
0 1572
0 1573
1 1574
0 1575
0 1576
1 1577
1 1578
1 1579
1 1580
1 1581
1 1582
1 1583
0 1584
1 1585
1 1586
0 1587
0 1588
1 1589
0 1590
0 1591
1 1592
0 1593
0 1594
0 1595
1 1596
0 1597
1 1598
1 1599
1 1600
1 1601
1 1602
0 1603
1 1604
1 1605
1 1606
1 1607
0 1608
0 1609
1 1610
1 1611
1 1612
1 1613
1 1614
1 1615
0 1616
1 1617
0 1618
1 1619
0 1620
0 1621
0 1622
0 1623
0 1624
0 1625
0 1626
0 1627
0 1628
0 1629
0 1630
0 1631
0 1632
0 1633
1 1634
1 1635
1 1636
1 1637
1 1638
0 1639
0 1640
1 1641
1 1642
0 1643
0 1644
0 1645
0 1646
1 1647
0 1648
0 1649
0 1650
1 1651
0 1652
1 1653
0 1654
0 1655
1 1656
1 1657
1 1658
0 1659
1 1660
0 1661
1 1662
1 1663
1 1664
1 1665
1 1666
1 1667
1 1668
1 1669
1 1670
1 1671
1 1672
1 1673
1 1674
0 1675
1 1676
1 1677
1 1678
1 1679
1 1680
0 1681
1 1682
0 1683
1 1684
0 1685
0 1686
1 1687
1 1688
1 1689
1 1690
1 1691
0 1692
0 1693
0 1694
1 1695
0 1696
0 1697
0 1698
0 1699
0 1700
0 1701
0 1702
0 1703
0 1704
1 1705
0 1706
0 1707
0 1708
1 1709
0 1710
0 1711
1 1712
1 1713
1 1714
1 1715
0 1716
1 1717
1 1718
1 1719
1 1720
1 1721
1 1722
1 1723
1 1724
1 1725
1 1726
1 1727
1 1728
1 1729
1 1730
1 1731
1 1732
1 1733
1 1734
1 1735
0 1736
0 1737
0 1738
0 1739
0 1740
0 1741
0 1742
0 1743
1 1744
1 1745
1 1746
1 1747
1 1748
1 1749
0 1750
1 1751
0 1752
1 1753
1 1754
0 1755
1 1756
1 1757
1 1758
1 1759
0 1760
0 1761
0 1762
0 1763
0 1764
0 1765
0 1766
0 1767
1 1768
0 1769
0 1770
1 1771
0 1772
0 1773
1 1774
0 1775
1 1776
1 1777
0 1778
1 1779
1 1780
0 1781
0 1782
0 1783
0 1784
0 1785
1 1786
1 1787
1 1788
1 1789
1 1790
1 1791
1 1792
1 1793
0 1794
0 1795
1 1796
1 1797
1 1798
1 1799
0 1800
0 1801
0 1802
0 1803
0 1804
1 1805
0 1806
0 1807
0 1808
0 1809
1 1810
1 1811
1 1812
1 1813
1 1814
1 1815
1 1816
1 1817
1 1818
1 1819
1 1820
0 1821
1 1822
1 1823
0 1824
0 1825
0 1826
0 1827
0 1828
0 1829
0 1830
0 1831
0 1832
0 1833
0 1834
1 1835
1 1836
1 1837
1 1838
1 1839
1 1840
1 1841
1 1842
0 1843
0 1844
1 1845
1 1846
0 1847
0 1848
1 1849
1 1850
0 1851
0 1852
0 1853
0 1854
0 1855
0 1856
0 1857
0 1858
0 1859
0 1860
0 1861
0 1862
0 1863
0 1864
0 1865
0 1866
0 1867
0 1868
0 1869
0 1870
0 1871
0 1872
0 1873
0 1874
0 1875
0 1876
0 1877
0 1878
0 1879
0 1880
0 1881
0 1882
0 1883
0 1884
0 1885
0 1886
0 1887
0 1888
0 1889
0 1890
0 1891
1 1892
0 1893
1 1894
0 1895
0 1896
0 1897
0 1898
0 1899
0 1900
0 1901
0 1902
0 1903
0 1904
0 1905
0 1906
0 1907
0 1908
0 1909
0 1910
0 1911
0 1912
0 1913
0 1914
0 1915
0 1916
0 1917
0 1918
0 1919
0 1920
0 1921
0 1922
0 1923
0 1924
0 1925
1 1926
0 1927
0 1928
0 1929
0 1930
0 1931
0 1932
0 1933
0 1934
0 1935
0 1936
0 1937
0 1938
0 1939
0 1940
0 1941
0 1942
0 1943
0 1944
0 1945
1 1946
0 1947
0 1948
0 1949
0 1950
0 1951
0 1952
0 1953
0 1954
0 1955
0 1956
1 1957
0 1958
0 1959
1 1960
0 1961
0 1962
0 1963
0 1964
0 1965
0 1966
0 1967
0 1968
1 1969
0 1970
0 1971
1 1972
1 1973
1 1974
0 1975
1 1976
1 1977
1 1978
1 1979
1 1980
0 1981
0 1982
0 1983
0 1984
0 1985
0 1986
0 1987
0 1988
0 1989
0 1990
0 1991
0 1992
0 1993
0 1994
0 1995
0 1996
1 1997
0 1998
0 1999
0 2000
0 2001
0 2002
0 2003
1 2004
1 2005
1 2006
1 2007
1 2008
0 2009
1 2010
1 2011
1 2012
0 2013
1 2014
0 2015
1 2016
0 2017
1 2018
1 2019
1 2020
1 2021
1 2022
1 2023
1 2024
1 2025
1 2026
1 2027
1 2028
0 2029
1 2030
1 2031
1 2032
0 2033
0 2034
1 2035
1 2036
1 2037
1 2038
1 2039
1 2040
0 2041
1 2042
0 2043
1 2044
0 2045
0 2046
0 2047
0 2048
0 2049
0 2050
0 2051
0 2052
0 2053
0 2054
0 2055
0 2056
0 2057
0 2058
0 2059
0 2060
0 2061
0 2062
0 2063
0 2064
0 2065
0 2066
0 2067
0 2068
0 2069
0 2070
0 2071
0 2072
0 2073
1 2074
1 2075
1 2076
0 2077
0 2078
0 2079
0 2080
1 2081
0 2082
0 2083
0 2084
0 2085
1 2086
1 2087
1 2088
1 2089
0 2090
1 2091
1 2092
1 2093
1 2094
0 2095
0 2096
1 2097
0 2098
1 2099
0 2100
1 2101
1 2102
1 2103
1 2104
1 2105
1 2106
1 2107
1 2108
1 2109
1 2110
0 2111
1 2112
0 2113
1 2114
1 2115
1 2116
1 2117
1 2118
1 2119
0 2120
1 2121
0 2122
0 2123
1 2124
0 2125
0 2126
0 2127
1 2128
1 2129
1 2130
1 2131
0 2132
1 2133
0 2134
1 2135
0 2136
1 2137
0 2138
1 2139
1 2140
0 2141
1 2142
1 2143
0 2144
0 2145
0 2146
1 2147
1 2148
1 2149
1 2150
1 2151
1 2152
0 2153
1 2154
1 2155
0 2156
1 2157
0 2158
1 2159
1 2160
0 2161
0 2162
0 2163
0 2164
1 2165
0 2166
1 2167
1 2168
1 2169
1 2170
1 2171
1 2172
1 2173
1 2174
0 2175
1 2176
1 2177
0 2178
0 2179
0 2180
0 2181
0 2182
0 2183
1 2184
0 2185
0 2186
0 2187
0 2188
0 2189
0 2190
0 2191
1 2192
1 2193
1 2194
0 2195
1 2196
0 2197
0 2198
1 2199
1 2200
0 2201
1 2202
1 2203
1 2204
1 2205
0 2206
0 2207
0 2208
1 2209
1 2210
1 2211
1 2212
1 2213
1 2214
1 2215
1 2216
1 2217
1 2218
1 2219
1 2220
1 2221
1 2222
1 2223
1 2224
1 2225
1 2226
1 2227
1 2228
1 2229
1 2230
1 2231
1 2232
1 2233
1 2234
1 2235
1 2236
1 2237
1 2238
1 2239
1 2240
0 2241
0 2242
1 2243
1 2244
1 2245
1 2246
1 2247
1 2248
1 2249
1 2250
1 2251
1 2252
1 2253
1 2254
1 2255
1 2256
1 2257
1 2258
1 2259
1 2260
0 2261
0 2262
1 2263
1 2264
1 2265
1 2266
1 2267
0 2268
1 2269
0 2270
1 2271
0 2272
1 2273
1 2274
1 2275
1 2276
1 2277
0 2278
0 2279
0 2280
1 2281
1 2282
1 2283
1 2284
1 2285
1 2286
1 2287
1 2288
0 2289
1 2290
1 2291
0 2292
0 2293
0 2294
1 2295
1 2296
1 2297
1 2298
1 2299
1 2300
1 2301
1 2302
1 2303
1 2304
1 2305
1 2306
1 2307
1 2308
1 2309
0 2310
1 2311
1 2312
1 2313
0 2314
1 2315
0 2316
1 2317
1 2318
1 2319
1 2320
1 2321
1 2322
1 2323
1 2324
1 2325
1 2326
0 2327
1 2328
1 2329
1 2330
1 2331
1 2332
1 2333
1 2334
1 2335
1 2336
0 2337
0 2338
1 2339
1 2340
1 2341
1 2342
0 2343
1 2344
0 2345
0 2346
0 2347
0 2348
1 2349
1 2350
1 2351
1 2352
1 2353
1 2354
1 2355
1 2356
1 2357
1 2358
1 2359
1 2360
1 2361
1 2362
1 2363
1 2364
1 2365
1 2366
1 2367
1 2368
0 2369
1 2370
1 2371
1 2372
1 2373
1 2374
0 2375
1 2376
1 2377
1 2378
1 2379
1 2380
1 2381
1 2382
0 2383
0 2384
0 2385
1 2386
1 2387
0 2388
1 2389
0 2390
0 2391
1 2392
1 2393
1 2394
1 2395
1 2396
1 2397
1 2398
1 2399
1 2400
0 2401
1 2402
1 2403
0 2404
0 2405
1 2406
1 2407
1 2408
1 2409
1 2410
1 2411
1 2412
0 2413
1 2414
1 2415
1 2416
1 2417
1 2418
1 2419
1 2420
1 2421
1 2422
0 2423
1 2424
1 2425
1 2426
1 2427
1 2428
1 2429
1 2430
1 2431
1 2432
1 2433
0 2434
1 2435
1 2436
1 2437
1 2438
1 2439
1 2440
1 2441
1 2442
1 2443
1 2444
1 2445
1 2446
1 2447
0 2448
0 2449
1 2450
0 2451
0 2452
0 2453
0 2454
0 2455
0 2456
0 2457
0 2458
0 2459
0 2460
0 2461
1 2462
1 2463
1 2464
0 2465
1 2466
0 2467
0 2468
0 2469
0 2470
1 2471
1 2472
1 2473
1 2474
1 2475
1 2476
0 2477
1 2478
1 2479
1 2480
1 2481
0 2482
1 2483
1 2484
1 2485
1 2486
0 2487
1 2488
1 2489
1 2490
1 2491
1 2492
1 2493
0 2494
1 2495
0 2496
0 2497
1 2498
1 2499
0 2500
1 2501
0 2502
1 2503
0 2504
0 2505
1 2506
0 2507
1 2508
1 2509
1 2510
1 2511
0 2512
1 2513
1 2514
0 2515
1 2516
1 2517
1 2518
1 2519
0 2520
1 2521
1 2522
0 2523
0 2524
1 2525
0 2526
0 2527
0 2528
1 2529
0 2530
0 2531
1 2532
1 2533
1 2534
1 2535
1 2536
1 2537
1 2538
1 2539
1 2540
0 2541
1 2542
1 2543
1 2544
1 2545
0 2546
1 2547
0 2548
1 2549
1 2550
1 2551
1 2552
1 2553
0 2554
0 2555
1 2556
1 2557
1 2558
1 2559
1 2560
1 2561
0 2562
1 2563
1 2564
1 2565
1 2566
1 2567
0 2568
1 2569
1 2570
1 2571
1 2572
0 2573
0 2574
1 2575
1 2576
1 2577
1 2578
1 2579
1 2580
1 2581
1 2582
1 2583
1 2584
1 2585
0 2586
0 2587
1 2588
0 2589
1 2590
1 2591
1 2592
0 2593
1 2594
0 2595
0 2596
1 2597
0 2598
0 2599
0 2600
0 2601
0 2602
0 2603
1 2604
1 2605
0 2606
0 2607
1 2608
0 2609
1 2610
1 2611
0 2612
0 2613
1 2614
1 2615
0 2616
1 2617
1 2618
1 2619
1 2620
1 2621
0 2622
1 2623
1 2624
0 2625
0 2626
0 2627
0 2628
0 2629
0 2630
0 2631
0 2632
0 2633
1 2634
1 2635
1 2636
1 2637
1 2638
1 2639
1 2640
1 2641
1 2642
1 2643
1 2644
1 2645
1 2646
1 2647
1 2648
1 2649
1 2650
1 2651
1 2652
0 2653
1 2654
1 2655
1 2656
1 2657
1 2658
0 2659
1 2660
1 2661
1 2662
1 2663
1 2664
0 2665
0 2666
1 2667
1 2668
1 2669
1 2670
1 2671
1 2672
1 2673
1 2674
1 2675
1 2676
1 2677
1 2678
1 2679
1 2680
1 2681
1 2682
1 2683
0 2684
1 2685
1 2686
1 2687
1 2688
1 2689
1 2690
1 2691
1 2692
1 2693
1 2694
1 2695
1 2696
0 2697
1 2698
1 2699
1 2700
1 2701
1 2702
1 2703
1 2704
1 2705
1 2706
1 2707
1 2708
1 2709
1 2710
0 2711
1 2712
1 2713
1 2714
1 2715
1 2716
1 2717
0 2718
0 2719
1 2720
1 2721
0 2722
1 2723
1 2724
1 2725
0 2726
1 2727
1 2728
1 2729
1 2730
1 2731
1 2732
1 2733
0 2734
1 2735
1 2736
1 2737
1 2738
1 2739
1 2740
1 2741
1 2742
1 2743
1 2744
1 2745
1 2746
1 2747
1 2748
1 2749
1 2750
1 2751
1 2752
1 2753
1 2754
1 2755
1 2756
1 2757
1 2758
1 2759
1 2760
1 2761
1 2762
1 2763
1 2764
1 2765
1 2766
1 2767
1 2768
1 2769
1 2770
1 2771
1 2772
1 2773
1 2774
1 2775
1 2776
1 2777
1 2778
1 2779
1 2780
1 2781
1 2782
1 2783
1 2784
1 2785
1 2786
1 2787
1 2788
1 2789
1 2790
1 2791
1 2792
1 2793
1 2794
1 2795
1 2796
1 2797
1 2798
1 2799
1 2800
1 2801
1 2802
1 2803
1 2804
1 2805
1 2806
1 2807
1 2808
1 2809
0 2810
1 2811
1 2812
0 2813
0 2814
0 2815
0 2816
0 2817
0 2818
0 2819
0 2820
0 2821
0 2822
0 2823
0 2824
0 2825
0 2826
0 2827
0 2828
0 2829
0 2830
0 2831
0 2832
0 2833
0 2834
1 2835
1 2836
1 2837
1 2838
0 2839
1 2840
0 2841
1 2842
1 2843
1 2844
0 2845
1 2846
1 2847
0 2848
0 2849
1 2850
1 2851
0 2852
1 2853
1 2854
0 2855
1 2856
1 2857
1 2858
1 2859
1 2860
0 2861
1 2862
1 2863
0 2864
1 2865
1 2866
1 2867
1 2868
1 2869
1 2870
1 2871
0 2872
1 2873
1 2874
1 2875
1 2876
1 2877
1 2878
1 2879
1 2880
1 2881
1 2882
1 2883
1 2884
1 2885
1 2886
1 2887
1 2888
1 2889
1 2890
1 2891
1 2892
1 2893
1 2894
1 2895
0 2896
0 2897
0 2898
0 2899
0 2900
0 2901
0 2902
0 2903
0 2904
0 2905
1 2906
1 2907
1 2908
1 2909
1 2910
1 2911
1 2912
1 2913
1 2914
1 2915
1 2916
1 2917
1 2918
1 2919
1 2920
1 2921
1 2922
1 2923
1 2924
0 2925
0 2926
0 2927
1 2928
1 2929
1 2930
0 2931
0 2932
1 2933
0 2934
0 2935
1 2936
1 2937
1 2938
1 2939
1 2940
1 2941
1 2942
1 2943
1 2944
1 2945
1 2946
1 2947
1 2948
1 2949
1 2950
1 2951
1 2952
1 2953
1 2954
1 2955
1 2956
1 2957
1 2958
1 2959
1 2960
1 2961
1 2962
1 2963
1 2964
1 2965
1 2966
1 2967
1 2968
1 2969
1 2970
1 2971
1 2972
1 2973
1 2974
1 2975
1 2976
1 2977
1 2978
1 2979
1 2980
1 2981
1 2982
1 2983
1 2984
1 2985
1 2986
0 2987
0 2988
0 2989
0 2990
0 2991
1 2992
0 2993
0 2994
0 2995
0 2996
0 2997
0 2998
0 2999
0 3000
0 3001
0 3002
0 3003
0 3004
0 3005
0 3006
0 3007
0 3008
1 3009
0 3010
0 3011
0 3012
0 3013
0 3014
0 3015
1 3016
0 3017
1 3018
1 3019
1 3020
1 3021
1 3022
1 3023
1 3024
1 3025
1 3026
1 3027
1 3028
1 3029
1 3030
1 3031
1 3032
1 3033
1 3034
1 3035
1 3036
1 3037
1 3038
1 3039
1 3040
1 3041
1 3042
0 3043
0 3044
0 3045
0 3046
0 3047
0 3048
1 3049
0 3050
1 3051
0 3052
0 3053
0 3054
0 3055
0 3056
0 3057
0 3058
0 3059
0 3060
1 3061
0 3062
0 3063
0 3064
1 3065
1 3066
1 3067
1 3068
0 3069
0 3070
0 3071
0 3072
1 3073
1 3074
0 3075
0 3076
0 3077
1 3078
0 3079
1 3080
1 3081
0 3082
1 3083
1 3084
1 3085
0 3086
1 3087
0 3088
0 3089
1 3090
0 3091
1 3092
0 3093
0 3094
0 3095
0 3096
1 3097
1 3098
1 3099
1 3100
1 3101
0 3102
0 3103
1 3104
0 3105
1 3106
1 3107
1 3108
1 3109
1 3110
1 3111
1 3112
1 3113
1 3114
1 3115
0 3116
0 3117
0 3118
1 3119
1 3120
1 3121
1 3122
0 3123
1 3124
1 3125
0 3126
0 3127
1 3128
1 3129
0 3130
0 3131
0 3132
0 3133
1 3134
1 3135
1 3136
1 3137
1 3138
1 3139
0 3140
1 3141
0 3142
1 3143
0 3144
1 3145
1 3146
1 3147
1 3148
1 3149
1 3150
0 3151
1 3152
1 3153
1 3154
0 3155
1 3156
1 3157
0 3158
1 3159
0 3160
0 3161
0 3162
0 3163
1 3164
1 3165
0 3166
1 3167
0 3168
1 3169
0 3170
1 3171
1 3172
0 3173
1 3174
1 3175
1 3176
0 3177
1 3178
1 3179
0 3180
1 3181
0 3182
1 3183
1 3184
1 3185
0 3186
0 3187
1 3188
0 3189
0 3190
1 3191
1 3192
0 3193
1 3194
1 3195
0 3196
0 3197
0 3198
0 3199
1 3200
0 3201
1 3202
1 3203
1 3204
1 3205
1 3206
0 3207
0 3208
0 3209
0 3210
1 3211
1 3212
1 3213
1 3214
0 3215
1 3216
0 3217
0 3218
0 3219
1 3220
0 3221
1 3222
1 3223
1 3224
1 3225
0 3226
1 3227
1 3228
1 3229
0 3230
1 3231
0 3232
1 3233
0 3234
0 3235
1 3236
1 3237
1 3238
1 3239
1 3240
0 3241
0 3242
0 3243
1 3244
1 3245
1 3246
1 3247
0 3248
1 3249
1 3250
1 3251
0 3252
1 3253
0 3254
1 3255
1 3256
1 3257
1 3258
0 3259
0 3260
1 3261
1 3262
1 3263
0 3264
1 3265
0 3266
1 3267
1 3268
1 3269
0 3270
1 3271
0 3272
0 3273
1 3274
0 3275
1 3276
1 3277
0 3278
1 3279
0 3280
0 3281
0 3282
1 3283
1 3284
1 3285
1 3286
1 3287
0 3288
0 3289
0 3290
0 3291
0 3292
1 3293
0 3294
0 3295
0 3296
1 3297
0 3298
0 3299
1 3300
1 3301
1 3302
1 3303
1 3304
1 3305
1 3306
1 3307
1 3308
1 3309
0 3310
0 3311
0 3312
1 3313
1 3314
1 3315
0 3316
0 3317
1 3318
0 3319
0 3320
0 3321
1 3322
0 3323
0 3324
1 3325
0 3326
1 3327
0 3328
1 3329
1 3330
1 3331
1 3332
0 3333
1 3334
0 3335
1 3336
1 3337
1 3338
1 3339
1 3340
0 3341
0 3342
0 3343
1 3344
1 3345
1 3346
1 3347
0 3348
0 3349
1 3350
0 3351
1 3352
0 3353
1 3354
1 3355
1 3356
1 3357
1 3358
1 3359
1 3360
1 3361
1 3362
1 3363
0 3364
0 3365
1 3366
1 3367
1 3368
1 3369
0 3370
0 3371
1 3372
0 3373
0 3374
1 3375
0 3376
1 3377
0 3378
1 3379
1 3380
1 3381
0 3382
0 3383
0 3384
1 3385
0 3386
0 3387
1 3388
0 3389
1 3390
1 3391
0 3392
0 3393
0 3394
0 3395
1 3396
1 3397
0 3398
1 3399
0 3400
1 3401
1 3402
1 3403
1 3404
0 3405
0 3406
1 3407
0 3408
1 3409
1 3410
1 3411
1 3412
0 3413
1 3414
1 3415
1 3416
1 3417
1 3418
0 3419
1 3420
1 3421
1 3422
1 3423
1 3424
0 3425
1 3426
1 3427
0 3428
1 3429
0 3430
1 3431
0 3432
1 3433
1 3434
0 3435
1 3436
1 3437
1 3438
1 3439
0 3440
1 3441
1 3442
0 3443
1 3444
1 3445
1 3446
0 3447
1 3448
1 3449
1 3450
0 3451
1 3452
0 3453
0 3454
0 3455
1 3456
0 3457
0 3458
0 3459
1 3460
1 3461
1 3462
1 3463
1 3464
1 3465
1 3466
1 3467
1 3468
1 3469
1 3470
1 3471
1 3472
1 3473
1 3474
1 3475
1 3476
1 3477
1 3478
1 3479
1 3480
0 3481
0 3482
1 3483
1 3484
1 3485
0 3486
0 3487
1 3488
1 3489
1 3490
1 3491
1 3492
1 3493
0 3494
1 3495
0 3496
0 3497
1 3498
0 3499
0 3500
0 3501
1 3502
1 3503
1 3504
1 3505
1 3506
1 3507
1 3508
0 3509
1 3510
1 3511
1 3512
1 3513
1 3514
1 3515
1 3516
1 3517
1 3518
1 3519
0 3520
0 3521
1 3522
1 3523
1 3524
0 3525
0 3526
0 3527
0 3528
1 3529
0 3530
1 3531
0 3532
1 3533
0 3534
0 3535
1 3536
1 3537
1 3538
0 3539
1 3540
1 3541
1 3542
1 3543
0 3544
0 3545
0 3546
1 3547
0 3548
0 3549
0 3550
1 3551
1 3552
1 3553
1 3554
1 3555
0 3556
1 3557
0 3558
0 3559
0 3560
0 3561
1 3562
0 3563
1 3564
1 3565
1 3566
1 3567
1 3568
1 3569
1 3570
1 3571
1 3572
0 3573
1 3574
0 3575
0 3576
1 3577
1 3578
1 3579
1 3580
0 3581
1 3582
1 3583
1 3584
1 3585
1 3586
1 3587
0 3588
1 3589
1 3590
1 3591
1 3592
1 3593
1 3594
0 3595
0 3596
1 3597
1 3598
1 3599
1 3600
1 3601
1 3602
0 3603
1 3604
1 3605
1 3606
0 3607
1 3608
0 3609
1 3610
1 3611
0 3612
0 3613
0 3614
0 3615
1 3616
1 3617
1 3618
0 3619
1 3620
1 3621
0 3622
1 3623
0 3624
0 3625
1 3626
0 3627
1 3628
1 3629
0 3630
0 3631
0 3632
1 3633
1 3634
1 3635
0 3636
0 3637
1 3638
1 3639
1 3640
1 3641
0 3642
1 3643
1 3644
1 3645
1 3646
1 3647
0 3648
1 3649
1 3650
0 3651
1 3652
0 3653
0 3654
1 3655
1 3656
0 3657
1 3658
1 3659
1 3660
1 3661
0 3662
1 3663
1 3664
1 3665
0 3666
0 3667
0 3668
1 3669
0 3670
1 3671
1 3672
1 3673
1 3674
1 3675
1 3676
0 3677
0 3678
0 3679
1 3680
1 3681
0 3682
0 3683
0 3684
1 3685
1 3686
0 3687
0 3688
1 3689
0 3690
0 3691
0 3692
0 3693
1 3694
0 3695
0 3696
0 3697
0 3698
1 3699
0 3700
1 3701
1 3702
1 3703
1 3704
0 3705
1 3706
1 3707
0 3708
0 3709
1 3710
1 3711
1 3712
0 3713
0 3714
1 3715
0 3716
1 3717
1 3718
1 3719
1 3720
0 3721
0 3722
1 3723
1 3724
1 3725
1 3726
1 3727
0 3728
1 3729
0 3730
1 3731
0 3732
0 3733
0 3734
1 3735
1 3736
0 3737
0 3738
0 3739
1 3740
0 3741
0 3742
1 3743
1 3744
1 3745
0 3746
0 3747
0 3748
0 3749
1 3750
1 3751
0 3752
1 3753
1 3754
1 3755
1 3756
1 3757
1 3758
1 3759
1 3760
1 3761
0 3762
1 3763
1 3764
1 3765
1 3766
0 3767
0 3768
0 3769
0 3770
0 3771
1 3772
0 3773
1 3774
1 3775
1 3776
0 3777
1 3778
0 3779
1 3780
1 3781
1 3782
1 3783
0 3784
0 3785
1 3786
0 3787
0 3788
0 3789
1 3790
1 3791
1 3792
0 3793
1 3794
0 3795
1 3796
1 3797
1 3798
0 3799
1 3800
0 3801
1 3802
1 3803
0 3804
1 3805
0 3806
1 3807
1 3808
1 3809
1 3810
0 3811
0 3812
1 3813
0 3814
1 3815
0 3816
1 3817
0 3818
0 3819
0 3820
0 3821
0 3822
1 3823
1 3824
0 3825
1 3826
0 3827
1 3828
0 3829
1 3830
1 3831
0 3832
1 3833
0 3834
0 3835
1 3836
1 3837
1 3838
0 3839
0 3840
1 3841
0 3842
1 3843
0 3844
0 3845
0 3846
0 3847
1 3848
0 3849
0 3850
1 3851
1 3852
1 3853
0 3854
1 3855
0 3856
1 3857
1 3858
0 3859
1 3860
1 3861
0 3862
0 3863
0 3864
0 3865
1 3866
1 3867
0 3868
0 3869
1 3870
1 3871
0 3872
1 3873
1 3874
1 3875
0 3876
0 3877
1 3878
1 3879
0 3880
0 3881
0 3882
1 3883
0 3884
0 3885
0 3886
0 3887
1 3888
0 3889
1 3890
1 3891
1 3892
0 3893
0 3894
1 3895
1 3896
1 3897
0 3898
1 3899
1 3900
1 3901
1 3902
1 3903
1 3904
1 3905
1 3906
0 3907
0 3908
1 3909
1 3910
1 3911
0 3912
0 3913
0 3914
1 3915
0 3916
0 3917
0 3918
1 3919
0 3920
1 3921
0 3922
0 3923
0 3924
1 3925
0 3926
0 3927
1 3928
1 3929
1 3930
0 3931
0 3932
1 3933
0 3934
1 3935
0 3936
0 3937
0 3938
1 3939
1 3940
0 3941
1 3942
1 3943
1 3944
1 3945
1 3946
0 3947
0 3948
1 3949
1 3950
0 3951
1 3952
0 3953
1 3954
1 3955
0 3956
1 3957
0 3958
1 3959
0 3960
0 3961
1 3962
1 3963
1 3964
0 3965
0 3966
1 3967
0 3968
0 3969
1 3970
0 3971
1 3972
1 3973
1 3974
1 3975
1 3976
0 3977
1 3978
1 3979
0 3980
1 3981
0 3982
1 3983
0 3984
1 3985
1 3986
0 3987
1 3988
0 3989
1 3990
1 3991
1 3992
0 3993
0 3994
0 3995
0 3996
1 3997
1 3998
1 3999
1 4000
0 4001
0 4002
1 4003
0 4004
0 4005
1 4006
1 4007
1 4008
1 4009
0 4010
0 4011
0 4012
1 4013
1 4014
0 4015
0 4016
0 4017
0 4018
0 4019
1 4020
1 4021
0 4022
1 4023
1 4024
1 4025
1 4026
0 4027
1 4028
0 4029
0 4030
1 4031
1 4032
1 4033
1 4034
0 4035
0 4036
1 4037
0 4038
1 4039
0 4040
1 4041
1 4042
0 4043
1 4044
1 4045
1 4046
0 4047
1 4048
0 4049
1 4050
0 4051
1 4052
0 4053
1 4054
0 4055
0 4056
1 4057
0 4058
0 4059
1 4060
0 4061
0 4062
1 4063
1 4064
1 4065
1 4066
0 4067
1 4068
1 4069
1 4070
1 4071
1 4072
1 4073
0 4074
1 4075
0 4076
0 4077
1 4078
1 4079
0 4080
1 4081
0 4082
0 4083
0 4084
0 4085
1 4086
0 4087
0 4088
1 4089
0 4090
1 4091
0 4092
1 4093
0 4094
1 4095
1 4096
1 4097
0 4098
1 4099
1 4100
0 4101
1 4102
1 4103
0 4104
0 4105
0 4106
0 4107
1 4108
0 4109
1 4110
1 4111
1 4112
0 4113
1 4114
0 4115
1 4116
0 4117
0 4118
1 4119
1 4120
1 4121
1 4122
0 4123
0 4124
1 4125
0 4126
1 4127
1 4128
0 4129
0 4130
1 4131
0 4132
0 4133
1 4134
1 4135
1 4136
0 4137
1 4138
1 4139
1 4140
0 4141
1 4142
1 4143
1 4144
1 4145
0 4146
0 4147
0 4148
0 4149
0 4150
1 4151
0 4152
0 4153
1 4154
1 4155
1 4156
1 4157
0 4158
1 4159
0 4160
0 4161
0 4162
1 4163
0 4164
0 4165
1 4166
1 4167
0 4168
0 4169
0 4170
0 4171
1 4172
1 4173
1 4174
1 4175
1 4176
1 4177
0 4178
1 4179
1 4180
1 4181
0 4182
0 4183
0 4184
0 4185
0 4186
1 4187
1 4188
1 4189
1 4190
1 4191
1 4192
1 4193
0 4194
1 4195
0 4196
0 4197
0 4198
1 4199
1 4200
1 4201
0 4202
1 4203
1 4204
1 4205
0 4206
0 4207
1 4208
0 4209
1 4210
1 4211
1 4212
0 4213
0 4214
0 4215
0 4216
0 4217
1 4218
1 4219
1 4220
0 4221
0 4222
1 4223
0 4224
0 4225
1 4226
1 4227
1 4228
0 4229
1 4230
1 4231
1 4232
1 4233
1 4234
1 4235
0 4236
0 4237
1 4238
0 4239
0 4240
1 4241
0 4242
1 4243
0 4244
1 4245
1 4246
1 4247
0 4248
1 4249
0 4250
0 4251
1 4252
1 4253
1 4254
1 4255
1 4256
0 4257
1 4258
1 4259
0 4260
1 4261
0 4262
0 4263
1 4264
0 4265
0 4266
0 4267
1 4268
1 4269
1 4270
0 4271
0 4272
1 4273
1 4274
0 4275
1 4276
1 4277
0 4278
0 4279
0 4280
1 4281
1 4282
1 4283
1 4284
1 4285
0 4286
0 4287
1 4288
1 4289
1 4290
0 4291
0 4292
0 4293
1 4294
1 4295
0 4296
1 4297
1 4298
0 4299
1 4300
1 4301
1 4302
1 4303
1 4304
1 4305
1 4306
0 4307
0 4308
0 4309
1 4310
0 4311
1 4312
0 4313
0 4314
1 4315
0 4316
1 4317
0 4318
0 4319
0 4320
1 4321
1 4322
1 4323
1 4324
1 4325
0 4326
0 4327
0 4328
0 4329
0 4330
0 4331
0 4332
0 4333
1 4334
0 4335
1 4336
1 4337
0 4338
1 4339
1 4340
0 4341
1 4342
1 4343
1 4344
1 4345
0 4346
1 4347
1 4348
1 4349
1 4350
1 4351
0 4352
0 4353
0 4354
1 4355
1 4356
0 4357
1 4358
1 4359
0 4360
1 4361
1 4362
1 4363
0 4364
1 4365
0 4366
1 4367
1 4368
1 4369
1 4370
0 4371
0 4372
1 4373
1 4374
1 4375
1 4376
0 4377
1 4378
1 4379
1 4380
1 4381
1 4382
1 4383
1 4384
1 4385
1 4386
1 4387
0 4388
1 4389
1 4390
1 4391
1 4392
1 4393
1 4394
0 4395
1 4396
0 4397
0 4398
1 4399
1 4400
1 4401
0 4402
0 4403
1 4404
1 4405
1 4406
0 4407
1 4408
0 4409
0 4410
0 4411
0 4412
1 4413
0 4414
1 4415
1 4416
1 4417
0 4418
1 4419
1 4420
0 4421
1 4422
1 4423
1 4424
1 4425
1 4426
1 4427
1 4428
0 4429
1 4430
1 4431
1 4432
1 4433
0 4434
1 4435
0 4436
1 4437
0 4438
0 4439
0 4440
1 4441
1 4442
1 4443
0 4444
1 4445
0 4446
0 4447
0 4448
1 4449
0 4450
1 4451
0 4452
0 4453
1 4454
1 4455
1 4456
1 4457
1 4458
1 4459
1 4460
0 4461
0 4462
1 4463
1 4464
0 4465
1 4466
0 4467
0 4468
1 4469
0 4470
1 4471
1 4472
1 4473
0 4474
1 4475
0 4476
1 4477
0 4478
1 4479
1 4480
1 4481
1 4482
0 4483
0 4484
0 4485
1 4486
0 4487
0 4488
0 4489
0 4490
1 4491
0 4492
1 4493
1 4494
0 4495
0 4496
0 4497
1 4498
0 4499
0 4500
0 4501
0 4502
0 4503
1 4504
1 4505
1 4506
0 4507
0 4508
1 4509
0 4510
0 4511
1 4512
1 4513
1 4514
1 4515
0 4516
1 4517
0 4518
1 4519
1 4520
1 4521
0 4522
1 4523
1 4524
0 4525
0 4526
1 4527
1 4528
0 4529
1 4530
0 4531
1 4532
1 4533
1 4534
0 4535
0 4536
1 4537
1 4538
0 4539
0 4540
1 4541
0 4542
1 4543
0 4544
0 4545
1 4546
0 4547
1 4548
0 4549
0 4550
1 4551
1 4552
0 4553
0 4554
0 4555
1 4556
1 4557
0 4558
1 4559
1 4560
1 4561
1 4562
1 4563
1 4564
0 4565
0 4566
0 4567
1 4568
1 4569
1 4570
1 4571
1 4572
0 4573
0 4574
0 4575
0 4576
0 4577
0 4578
0 4579
0 4580
0 4581
1 4582
0 4583
0 4584
1 4585
0 4586
1 4587
1 4588
1 4589
1 4590
1 4591
0 4592
0 4593
0 4594
1 4595
1 4596
0 4597
1 4598
1 4599
1 4600
1 4601
0 4602
1 4603
0 4604
1 4605
0 4606
1 4607
0 4608
1 4609
1 4610
1 4611
0 4612
1 4613
1 4614
1 4615
0 4616
1 4617
1 4618
1 4619
1 4620
1 4621
1 4622
1 4623
1 4624
1 4625
1 4626
0 4627
0 4628
1 4629
1 4630
1 4631
1 4632
1 4633
1 4634
1 4635
1 4636
1 4637
1 4638
1 4639
1 4640
1 4641
0 4642
0 4643
1 4644
1 4645
1 4646
1 4647
0 4648
1 4649
1 4650
1 4651
0 4652
0 4653
1 4654
0 4655
1 4656
0 4657
0 4658
0 4659
1 4660
0 4661
1 4662
1 4663
1 4664
1 4665
1 4666
1 4667
0 4668
1 4669
1 4670
1 4671
1 4672
0 4673
0 4674
1 4675
1 4676
0 4677
0 4678
1 4679
1 4680
1 4681
1 4682
1 4683
0 4684
0 4685
1 4686
1 4687
0 4688
0 4689
0 4690
1 4691
1 4692
1 4693
1 4694
0 4695
0 4696
1 4697
0 4698
1 4699
0 4700
1 4701
0 4702
1 4703
1 4704
1 4705
0 4706
0 4707
1 4708
1 4709
1 4710
0 4711
1 4712
0 4713
1 4714
0 4715
1 4716
0 4717
0 4718
1 4719
0 4720
0 4721
1 4722
1 4723
1 4724
1 4725
1 4726
1 4727
1 4728
1 4729
1 4730
0 4731
1 4732
0 4733
1 4734
0 4735
0 4736
0 4737
1 4738
1 4739
0 4740
1 4741
1 4742
0 4743
0 4744
1 4745
0 4746
0 4747
0 4748
1 4749
1 4750
1 4751
0 4752
0 4753
1 4754
0 4755
1 4756
1 4757
1 4758
0 4759
1 4760
1 4761
1 4762
1 4763
1 4764
0 4765
0 4766
0 4767
1 4768
0 4769
1 4770
0 4771
0 4772
1 4773
0 4774
1 4775
1 4776
1 4777
0 4778
1 4779
1 4780
1 4781
0 4782
1 4783
1 4784
1 4785
1 4786
1 4787
0 4788
1 4789
0 4790
1 4791
1 4792
0 4793
1 4794
0 4795
1 4796
1 4797
1 4798
1 4799
0 4800
0 4801
0 4802
0 4803
1 4804
0 4805
0 4806
0 4807
1 4808
0 4809
0 4810
0 4811
0 4812
1 4813
1 4814
1 4815
1 4816
1 4817
0 4818
0 4819
1 4820
1 4821
0 4822
1 4823
0 4824
0 4825
1 4826
0 4827
1 4828
0 4829
0 4830
1 4831
1 4832
1 4833
1 4834
1 4835
0 4836
0 4837
1 4838
1 4839
1 4840
0 4841
1 4842
0 4843
0 4844
0 4845
0 4846
1 4847
1 4848
1 4849
0 4850
1 4851
1 4852
1 4853
1 4854
0 4855
1 4856
0 4857
0 4858
1 4859
1 4860
0 4861
0 4862
1 4863
0 4864
1 4865
1 4866
1 4867
1 4868
1 4869
0 4870
1 4871
1 4872
1 4873
0 4874
1 4875
1 4876
1 4877
1 4878
0 4879
1 4880
1 4881
1 4882
0 4883
1 4884
0 4885
1 4886
0 4887
1 4888
1 4889
1 4890
1 4891
0 4892
1 4893
1 4894
1 4895
1 4896
1 4897
0 4898
1 4899
0 4900
1 4901
1 4902
1 4903
1 4904
1 4905
1 4906
1 4907
1 4908
1 4909
1 4910
1 4911
1 4912
1 4913
0 4914
0 4915
0 4916
1 4917
1 4918
1 4919
1 4920
0 4921
1 4922
1 4923
0 4924
1 4925
1 4926
0 4927
0 4928
1 4929
1 4930
1 4931
1 4932
1 4933
0 4934
1 4935
1 4936
0 4937
0 4938
0 4939
1 4940
0 4941
1 4942
1 4943
1 4944
0 4945
0 4946
0 4947
0 4948
1 4949
1 4950
0 4951
1 4952
0 4953
1 4954
0 4955
0 4956
0 4957
1 4958
1 4959
0 4960
0 4961
1 4962
1 4963
0 4964
1 4965
1 4966
1 4967
1 4968
1 4969
1 4970
1 4971
1 4972
0 4973
0 4974
0 4975
1 4976
1 4977
0 4978
0 4979
1 4980
1 4981
0 4982
0 4983
0 4984
1 4985
1 4986
0 4987
0 4988
1 4989
1 4990
1 4991
0 4992
1 4993
1 4994
0 4995
0 4996
1 4997
0 4998
1 4999
1 5000
1 5001
1 5002
0 5003
1 5004
1 5005
1 5006
1 5007
1 5008
0 5009
0 5010
0 5011
0 5012
0 5013
0 5014
1 5015
1 5016
1 5017
1 5018
1 5019
1 5020
1 5021
1 5022
1 5023
1 5024
1 5025
1 5026
1 5027
1 5028
1 5029
1 5030
0 5031
0 5032
0 5033
1 5034
0 5035
1 5036
1 5037
1 5038
0 5039
1 5040
1 5041
0 5042
0 5043
1 5044
1 5045
1 5046
0 5047
0 5048
1 5049
0 5050
1 5051
0 5052
1 5053
0 5054
0 5055
1 5056
0 5057
0 5058
0 5059
1 5060
1 5061
1 5062
1 5063
0 5064
1 5065
0 5066
0 5067
0 5068
0 5069
1 5070
0 5071
1 5072
0 5073
1 5074
0 5075
1 5076
1 5077
1 5078
0 5079
0 5080
0 5081
0 5082
1 5083
1 5084
1 5085
0 5086
1 5087
0 5088
1 5089
1 5090
0 5091
1 5092
0 5093
1 5094
1 5095
1 5096
1 5097
0 5098
1 5099
1 5100
1 5101
1 5102
1 5103
0 5104
1 5105
1 5106
0 5107
0 5108
1 5109
0 5110
1 5111
1 5112
1 5113
1 5114
0 5115
0 5116
1 5117
0 5118
0 5119
0 5120
1 5121
0 5122
1 5123
0 5124
0 5125
1 5126
0 5127
0 5128
1 5129
1 5130
0 5131
1 5132
0 5133
1 5134
0 5135
0 5136
0 5137
1 5138
1 5139
0 5140
0 5141
0 5142
0 5143
0 5144
0 5145
1 5146
1 5147
1 5148
0 5149
1 5150
1 5151
0 5152
1 5153
1 5154
1 5155
1 5156
1 5157
0 5158
1 5159
1 5160
1 5161
1 5162
1 5163
0 5164
0 5165
0 5166
1 5167
0 5168
0 5169
1 5170
1 5171
0 5172
1 5173
1 5174
1 5175
1 5176
1 5177
0 5178
1 5179
0 5180
0 5181
0 5182
0 5183
1 5184
1 5185
1 5186
1 5187
0 5188
1 5189
0 5190
0 5191
1 5192
1 5193
0 5194
1 5195
1 5196
1 5197
1 5198
1 5199
1 5200
0 5201
0 5202
1 5203
1 5204
1 5205
0 5206
1 5207
0 5208
1 5209
0 5210
1 5211
0 5212
1 5213
0 5214
1 5215
1 5216
0 5217
0 5218
0 5219
1 5220
1 5221
0 5222
0 5223
1 5224
1 5225
1 5226
0 5227
1 5228
0 5229
1 5230
0 5231
1 5232
0 5233
0 5234
1 5235
1 5236
1 5237
1 5238
1 5239
1 5240
0 5241
0 5242
1 5243
1 5244
0 5245
0 5246
1 5247
0 5248
0 5249
0 5250
0 5251
1 5252
1 5253
0 5254
0 5255
1 5256
1 5257
0 5258
1 5259
0 5260
1 5261
1 5262
1 5263
0 5264
0 5265
0 5266
1 5267
1 5268
1 5269
1 5270
1 5271
1 5272
1 5273
0 5274
1 5275
1 5276
0 5277
1 5278
1 5279
1 5280
0 5281
0 5282
0 5283
1 5284
0 5285
0 5286
0 5287
0 5288
1 5289
0 5290
1 5291
1 5292
1 5293
1 5294
1 5295
1 5296
0 5297
0 5298
1 5299
0 5300
1 5301
0 5302
1 5303
1 5304
1 5305
1 5306
1 5307
1 5308
0 5309
0 5310
1 5311
0 5312
1 5313
1 5314
0 5315
1 5316
1 5317
1 5318
0 5319
0 5320
1 5321
1 5322
1 5323
0 5324
0 5325
0 5326
0 5327
0 5328
1 5329
1 5330
0 5331
1 5332
1 5333
1 5334
1 5335
1 5336
0 5337
0 5338
0 5339
1 5340
1 5341
0 5342
0 5343
1 5344
1 5345
1 5346
0 5347
1 5348
1 5349
1 5350
0 5351
1 5352
1 5353
1 5354
1 5355
0 5356
1 5357
1 5358
1 5359
1 5360
1 5361
1 5362
0 5363
0 5364
1 5365
1 5366
1 5367
0 5368
1 5369
1 5370
0 5371
0 5372
0 5373
0 5374
0 5375
0 5376
1 5377
0 5378
1 5379
1 5380
0 5381
0 5382
0 5383
0 5384
1 5385
1 5386
1 5387
0 5388
0 5389
1 5390
0 5391
0 5392
0 5393
1 5394
1 5395
1 5396
0 5397
0 5398
0 5399
0 5400
0 5401
0 5402
0 5403
1 5404
1 5405
0 5406
0 5407
0 5408
0 5409
0 5410
1 5411
1 5412
1 5413
1 5414
0 5415
1 5416
0 5417
1 5418
1 5419
1 5420
0 5421
0 5422
1 5423
1 5424
0 5425
0 5426
1 5427
1 5428
1 5429
0 5430
1 5431
0 5432
1 5433
0 5434
1 5435
0 5436
1 5437
1 5438
1 5439
1 5440
0 5441
0 5442
0 5443
0 5444
0 5445
0 5446
1 5447
1 5448
1 5449
1 5450
1 5451
0 5452
1 5453
0 5454
1 5455
1 5456
1 5457
0 5458
1 5459
0 5460
0 5461
0 5462
0 5463
0 5464
0 5465
0 5466
1 5467
1 5468
1 5469
0 5470
0 5471
1 5472
1 5473
0 5474
1 5475
0 5476
0 5477
0 5478
0 5479
0 5480
0 5481
1 5482
1 5483
1 5484
1 5485
1 5486
0 5487
0 5488
1 5489
1 5490
1 5491
1 5492
1 5493
1 5494
0 5495
0 5496
1 5497
0 5498
0 5499
1 5500
0 5501
1 5502
0 5503
0 5504
1 5505
0 5506
0 5507
0 5508
1 5509
1 5510
0 5511
1 5512
1 5513
1 5514
1 5515
1 5516
1 5517
1 5518
1 5519
0 5520
1 5521
0 5522
0 5523
1 5524
1 5525
1 5526
0 5527
1 5528
1 5529
0 5530
1 5531
1 5532
1 5533
1 5534
1 5535
1 5536
1 5537
0 5538
1 5539
1 5540
0 5541
0 5542
1 5543
0 5544
1 5545
0 5546
1 5547
1 5548
1 5549
1 5550
1 5551
0 5552
0 5553
1 5554
0 5555
0 5556
0 5557
0 5558
1 5559
0 5560
1 5561
0 5562
0 5563
0 5564
1 5565
0 5566
1 5567
1 5568
1 5569
0 5570
1 5571
1 5572
1 5573
1 5574
1 5575
1 5576
0 5577
1 5578
1 5579
1 5580
1 5581
0 5582
1 5583
1 5584
1 5585
0 5586
0 5587
1 5588
0 5589
1 5590
0 5591
0 5592
1 5593
0 5594
1 5595
0 5596
0 5597
0 5598
0 5599
1 5600
0 5601
0 5602
0 5603
1 5604
1 5605
0 5606
1 5607
1 5608
1 5609
1 5610
0 5611
1 5612
1 5613
1 5614
1 5615
0 5616
1 5617
1 5618
0 5619
0 5620
0 5621
1 5622
0 5623
1 5624
1 5625
1 5626
0 5627
0 5628
1 5629
1 5630
1 5631
0 5632
0 5633
1 5634
1 5635
1 5636
1 5637
1 5638
1 5639
1 5640
1 5641
1 5642
0 5643
1 5644
1 5645
0 5646
0 5647
0 5648
0 5649
0 5650
0 5651
1 5652
0 5653
0 5654
1 5655
0 5656
0 5657
0 5658
1 5659
1 5660
0 5661
1 5662
1 5663
1 5664
1 5665
0 5666
1 5667
0 5668
1 5669
1 5670
1 5671
0 5672
1 5673
1 5674
0 5675
1 5676
0 5677
1 5678
0 5679
1 5680
1 5681
0 5682
0 5683
1 5684
1 5685
1 5686
1 5687
0 5688
0 5689
1 5690
0 5691
1 5692
0 5693
0 5694
1 5695
0 5696
1 5697
1 5698
1 5699
1 5700
1 5701
0 5702
0 5703
1 5704
1 5705
1 5706
1 5707
1 5708
1 5709
1 5710
0 5711
1 5712
0 5713
1 5714
1 5715
1 5716
1 5717
0 5718
0 5719
0 5720
1 5721
0 5722
0 5723
1 5724
1 5725
1 5726
1 5727
1 5728
0 5729
0 5730
1 5731
0 5732
1 5733
1 5734
1 5735
0 5736
1 5737
1 5738
0 5739
0 5740
0 5741
1 5742
1 5743
1 5744
0 5745
1 5746
1 5747
1 5748
1 5749
0 5750
1 5751
1 5752
1 5753
0 5754
0 5755
0 5756
1 5757
0 5758
1 5759
0 5760
1 5761
0 5762
1 5763
1 5764
0 5765
1 5766
0 5767
1 5768
0 5769
0 5770
0 5771
1 5772
0 5773
0 5774
0 5775
0 5776
1 5777
0 5778
1 5779
1 5780
0 5781
1 5782
1 5783
0 5784
1 5785
0 5786
0 5787
1 5788
1 5789
0 5790
0 5791
1 5792
1 5793
1 5794
1 5795
0 5796
0 5797
1 5798
0 5799
1 5800
1 5801
0 5802
1 5803
1 5804
1 5805
1 5806
1 5807
1 5808
1 5809
1 5810
1 5811
0 5812
1 5813
1 5814
0 5815
1 5816
1 5817
1 5818
1 5819
1 5820
0 5821
1 5822
0 5823
1 5824
0 5825
1 5826
1 5827
0 5828
0 5829
0 5830
1 5831
0 5832
0 5833
0 5834
0 5835
0 5836
0 5837
1 5838
1 5839
0 5840
1 5841
1 5842
1 5843
1 5844
1 5845
1 5846
1 5847
0 5848
1 5849
1 5850
1 5851
1 5852
1 5853
0 5854
1 5855
0 5856
0 5857
1 5858
0 5859
1 5860
1 5861
1 5862
1 5863
1 5864
0 5865
1 5866
0 5867
0 5868
0 5869
1 5870
1 5871
0 5872
0 5873
1 5874
0 5875
0 5876
0 5877
1 5878
1 5879
1 5880
1 5881
0 5882
0 5883
0 5884
1 5885
1 5886
1 5887
1 5888
1 5889
1 5890
1 5891
1 5892
1 5893
1 5894
1 5895
1 5896
1 5897
1 5898
0 5899
1 5900
1 5901
0 5902
0 5903
1 5904
0 5905
0 5906
0 5907
1 5908
0 5909
0 5910
1 5911
0 5912
1 5913
1 5914
0 5915
0 5916
0 5917
0 5918
0 5919
1 5920
1 5921
1 5922
1 5923
0 5924
1 5925
1 5926
1 5927
0 5928
1 5929
0 5930
1 5931
0 5932
1 5933
1 5934
1 5935
0 5936
1 5937
1 5938
1 5939
1 5940
0 5941
0 5942
1 5943
0 5944
1 5945
0 5946
0 5947
1 5948
1 5949
1 5950
1 5951
0 5952
1 5953
1 5954
0 5955
1 5956
1 5957
1 5958
0 5959
1 5960
1 5961
0 5962
1 5963
1 5964
1 5965
0 5966
0 5967
1 5968
1 5969
0 5970
0 5971
1 5972
0 5973
1 5974
1 5975
1 5976
0 5977
0 5978
0 5979
0 5980
1 5981
1 5982
1 5983
1 5984
1 5985
1 5986
1 5987
0 5988
0 5989
0 5990
1 5991
1 5992
0 5993
1 5994
0 5995
0 5996
1 5997
1 5998
1 5999
1 6000
1 6001
0 6002
1 6003
0 6004
0 6005
0 6006
0 6007
1 6008
0 6009
1 6010
0 6011
0 6012
1 6013
0 6014
1 6015
0 6016
1 6017
1 6018
1 6019
0 6020
1 6021
0 6022
0 6023
1 6024
0 6025
1 6026
0 6027
1 6028
1 6029
0 6030
0 6031
1 6032
0 6033
0 6034
0 6035
0 6036
0 6037
1 6038
1 6039
1 6040
1 6041
1 6042
1 6043
0 6044
1 6045
1 6046
0 6047
1 6048
0 6049
1 6050
1 6051
1 6052
1 6053
1 6054
1 6055
1 6056
1 6057
1 6058
1 6059
1 6060
0 6061
0 6062
1 6063
0 6064
0 6065
1 6066
1 6067
0 6068
1 6069
1 6070
1 6071
0 6072
0 6073
0 6074
1 6075
1 6076
1 6077
0 6078
1 6079
1 6080
1 6081
0 6082
0 6083
1 6084
1 6085
0 6086
1 6087
0 6088
1 6089
0 6090
0 6091
1 6092
1 6093
1 6094
1 6095
0 6096
1 6097
1 6098
1 6099
1 6100
1 6101
0 6102
1 6103
1 6104
1 6105
1 6106
0 6107
0 6108
0 6109
1 6110
1 6111
1 6112
0 6113
0 6114
1 6115
0 6116
1 6117
