0 1637
0 2189
0 2248
0 1281
0 9227
0 1953
0 8734
0 1362
0 3791
0 3053
0 9686
0 4577
0 366
0 8715
0 8857
0 2949
0 3796
0 8590
0 236
0 4124
0 2206
0 8514
0 3457
0 2877
0 2307
0 8808
0 8434
0 7710
0 8405
0 212
0 3030
0 1627
0 67
0 759
0 3264
0 1502
0 2654
0 9512
0 8422
0 2010
0 8225
0 1328
0 2868
0 3346
0 2730
0 2554
0 8421
0 4080
0 9382
0 9612
0 9436
0 2982
0 8950
0 640
0 1389
0 1078
0 8271
0 8488
0 3178
0 1550
0 2330
0 9660
0 3651
0 8296
0 311
0 8672
0 3535
0 7794
0 4060
0 3912
0 1761
0 2285
0 8607
0 1491
0 9658
0 9466
0 9505
0 4522
0 8837
0 3439
0 8342
0 1643
0 8286
0 3147
0 9313
0 1122
0 2739
0 7692
0 9437
0 466
0 1891
0 8615
0 2491
0 415
0 8684
0 2504
0 2772
0 9994
0 3097
0 3306
0 2872
0 257
0 2955
0 500
0 8722
0 429
0 1193
0 9755
0 8733
0 3550
0 9439
0 8050
0 1015
0 2226
0 3529
0 8679
0 2141
0 9919
0 1570
0 3833
0 2382
0 1770
0 525
0 1724
0 1926
0 4582
0 522
0 8718
0 9241
0 568
0 519
0 9205
0 1254
0 2101
0 2856
0 3120
0 2815
0 8410
0 498
0 4070
0 9465
0 3517
0 188
0 2661
0 726
0 1597
0 2551
0 2844
0 2465
0 1787
0 1685
0 2288
0 701
0 3252
0 1849
0 638
0 8084
0 8035
0 752
0 1565
0 9629
0 215
0 1574
0 9559
0 968
0 1554
0 8224
0 9004
0 9993
0 4493
0 3596
0 7717
0 533
0 4541
0 703
0 2594
0 398
0 9922
0 416
0 1380
0 144
0 2522
0 406
0 2450
0 8719
0 3733
0 4018
0 1003
0 1240
0 7956
0 8294
0 9609
0 9913
0 8794
0 3563
0 2780
0 2385
0 9389
0 49
0 9231
0 2653
0 2712
0 1114
0 3376
0 617
0 9416
0 9858
0 3884
0 9912
0 9691
0 9221
0 2121
0 4105
0 2640
0 9500
0 4271
0 2715
0 8361
0 174
0 7823
0 8706
0 1230
0 2873
0 2356
0 4518
0 3904
0 3883
0 9321
0 8463
0 8462
0 3083
0 21
0 9114
0 9083
0 164
0 8249
0 136
0 3802
0 1183
0 3483
0 1718
0 977
0 9948
0 895
0 8906
0 340
0 3136
0 9000
0 4508
0 3702
0 983
0 1167
0 2451
0 51
0 8788
0 7713
0 8724
0 4057
0 8830
0 4575
0 8327
0 9709
0 1969
0 909
0 2583
0 8436
0 1530
0 3953
0 2831
0 325
0 1987
0 2337
0 2526
0 8673
0 954
0 2631
0 1547
0 7871
0 9366
0 1586
0 2855
0 3362
0 2349
0 4460
0 3423
0 2630
0 4242
0 7912
0 4278
0 1837
0 2930
0 1123
0 2308
0 7786
0 8520
0 8578
0 3589
0 9069
0 9274
0 7920
0 8005
0 271
0 9434
0 7984
0 3222
0 6
0 4011
0 4422
0 7900
0 1955
0 3100
0 1991
0 8522
0 8390
0 1238
0 9760
0 3586
0 8451
0 8378
0 4435
0 9832
0 1441
0 4564
0 3712
0 793
0 379
0 9170
0 98
0 1512
0 3141
0 1591
0 1461
0 1004
0 9950
0 1098
0 9109
0 1136
0 4505
0 3805
0 3405
0 8248
0 1738
0 8287
0 9010
0 1335
0 1213
0 3813
0 3620
0 3055
0 4235
0 914
0 721
0 1056
0 3974
0 8377
0 1044
0 778
0 9477
0 2701
0 9973
0 3555
0 3865
0 3084
0 481
0 9008
0 9372
0 9295
0 1039
0 277
0 1095
0 9216
0 9820
0 8122
0 4408
0 4227
0 593
0 9155
0 2817
0 678
0 4524
0 1951
0 839
0 3696
0 3327
0 2544
0 9298
0 3601
0 619
0 8212
0 2008
0 1436
0 2247
0 3870
0 3847
0 241
0 4561
0 4178
0 1599
0 3325
0 1313
0 2597
0 9061
0 3059
0 3527
0 563
0 9649
0 2258
0 2755
0 8282
0 4360
0 207
0 9700
0 2639
0 9001
0 3323
0 171
0 773
0 8290
0 964
0 305
0 3174
0 2961
0 9698
0 9226
0 140
0 802
0 18
0 3973
0 4149
0 4168
0 8835
0 1312
0 4567
0 100
0 8762
0 4179
0 915
0 7759
0 3421
0 2967
0 1148
0 4363
0 4085
0 8894
0 9195
0 4540
0 2065
0 3452
0 9715
0 9613
0 1013
0 4447
0 2428
0 4489
0 3036
0 8473
0 372
0 765
0 1484
0 2084
0 1858
0 2327
0 1635
0 4111
0 9999
0 2525
0 1227
0 8267
0 605
0 1385
0 8016
0 8493
0 3497
0 657
0 1086
0 9815
0 878
0 9451
0 8628
0 4502
0 9806
0 2172
0 2368
0 3534
0 292
0 2625
0 9944
0 8063
0 2067
0 2621
0 2808
0 2678
0 9202
0 2371
0 9022
0 2154
0 4274
0 2703
0 1742
0 9692
0 739
0 3253
0 1074
0 2488
0 8985
0 666
0 3314
0 137
0 875
0 8622
0 8935
0 328
0 486
0 9478
0 951
0 4131
0 1507
0 8204
0 2265
0 183
0 8917
0 3610
0 1714
0 1629
0 706
0 799
0 4169
0 2430
0 8928
0 9425
0 9080
0 9824
0 3674
0 1905
0 7991
0 2579
0 4
0 1381
0 2945
0 736
0 9268
0 3026
0 7901
0 1398
0 7960
0 329
0 1448
0 2070
0 106
0 8026
0 9340
0 387
0 2823
0 2435
0 2839
0 1527
0 1493
0 4401
0 4440
0 8185
0 4335
0 3509
0 2697
0 2060
0 3143
0 2442
0 2816
0 661
0 2793
0 2233
0 8019
0 7833
0 7720
0 8988
0 9467
0 1412
0 9046
0 725
0 8004
0 1831
0 555
0 2616
0 1292
0 9644
0 8900
0 224
0 9936
0 175
0 2245
0 138
0 1131
0 8576
0 9645
0 1336
0 2489
0 1014
0 3872
0 9314
0 371
0 1801
0 1327
0 3594
0 9527
0 1020
0 3867
0 8078
0 9304
0 9960
0 4176
0 9121
0 3812
0 1289
0 3571
0 4484
0 1748
0 4413
0 8264
0 4065
0 842
0 2608
0 4155
0 8515
0 13
0 8383
0 475
0 3638
0 2242
0 2895
0 4158
0 9790
0 3180
0 634
0 8650
0 8216
0 4220
0 1523
0 9086
0 9720
0 602
0 386
0 649
0 2493
0 4132
0 9599
0 8763
0 9252
0 1359
0 1807
0 3384
0 1326
0 2453
0 594
0 8196
0 3112
0 223
0 89
0 9427
0 3779
0 1859
0 2623
0 353
0 9326
0 8952
0 4381
0 3706
0 8369
0 9877
0 9728
0 9882
0 9804
0 4510
0 1776
0 3854
0 9597
0 8406
0 2983
0 365
0 8848
0 2201
0 3433
0 947
0 3660
0 4385
0 2081
0 4127
0 2434
0 1632
0 3476
0 44
0 2786
0 2677
0 197
0 8253
0 9312
0 1945
0 4002
0 392
0 179
0 9039
0 9598
0 9031
0 2487
0 9479
0 1458
0 7728
0 3962
0 7929
0 8647
0 3937
0 772
0 8460
0 7812
0 8126
0 865
0 3694
0 8964
0 2452
0 1195
0 9300
0 3131
0 3707
0 2471
0 1901
0 819
0 2046
0 2235
0 4268
0 3840
0 8932
0 9985
0 7704
0 4231
0 2515
0 2501
0 4195
0 3764
0 290
0 3982
0 1211
0 7747
0 9758
0 531
0 8092
0 1652
0 3104
0 4432
0 3403
0 7753
0 3390
0 55
0 3034
0 1329
0 9218
0 1735
0 1392
0 8828
0 7686
0 38
0 2388
0 4605
0 2903
0 1753
0 9363
0 1375
0 2502
0 7863
0 9635
0 8911
0 8155
0 8006
0 9432
0 8530
0 2865
0 3267
0 81
0 2560
0 9344
0 1483
0 9963
0 9272
0 2563
0 9633
0 8017
0 3765
0 2803
0 7702
0 2498
0 339
0 4529
0 1372
0 1584
0 318
0 4281
0 37
0 9987
0 1983
0 4167
0 4010
0 4312
0 1729
0 9859
0 8792
0 3035
0 8852
0 8061
0 2208
0 4296
0 7978
0 4355
0 9869
0 1186
0 9054
0 3832
0 4492
0 97
0 1757
0 2153
0 2591
0 9151
0 3341
0 8257
0 8376
0 1642
0 9271
0 2419
0 487
0 284
0 2845
0 4449
0 864
0 1535
0 297
0 2064
0 4497
0 2273
0 8221
0 2829
0 3892
0 357
0 4533
0 2306
0 2003
0 7799
0 8899
0 145
0 1408
0 3629
0 3604
0 3930
0 260
0 9863
0 268
0 3451
0 1771
0 9102
0 2447
0 2298
0 4439
0 744
0 8653
0 8901
0 2187
0 9772
0 9089
0 120
0 8093
0 7893
0 9128
0 3859
0 2713
0 1997
0 9746
0 9881
0 1716
0 2999
0 3355
0 9324
0 8518
0 2152
0 1589
0 9005
0 3988
0 2634
0 4150
0 8767
0 4521
0 675
0 9044
0 1719
0 8058
0 410
0 186
0 2467
0 950
0 469
0 4297
0 9073
0 9037
0 9077
0 1017
0 404
0 3388
0 7775
0 8260
0 822
0 8717
0 405
0 9476
0 1201
0 9891
0 9346
0 4340
0 1618
0 319
0 9886
0 3246
0 3570
0 3169
0 9450
0 3744
0 4156
0 7730
0 2212
0 4100
0 1353
0 4396
0 9628
0 9800
0 3057
0 4427
0 159
0 8072
0 2328
0 3681
0 2506
0 2781
0 3094
0 3825
0 2810
0 61
0 1950
0 9799
0 2914
0 820
0 9666
0 3368
0 3763
0 4185
0 1399
0 8489
0 1121
0 158
0 2040
0 2991
0 8680
0 2344
0 2859
0 9342
0 3688
0 3485
0 1351
0 3000
0 2936
0 1605
0 9608
0 869
0 101
0 510
0 3489
0 3713
0 4346
0 8062
0 3793
0 8655
0 3113
0 3162
0 3617
0 1241
0 1524
0 395
0 1069
0 2946
0 9957
0 8101
0 4553
0 9444
0 549
0 1050
0 853
0 9118
0 9371
0 3213
0 1764
0 460
0 226
0 9277
0 2578
0 8416
0 1875
0 147
0 8545
0 151
0 763
0 8191
0 8397
0 2342
0 1291
0 1501
0 940
0 808
0 8939
0 4574
0 4172
0 8193
0 1673
0 4512
0 9459
0 132
0 882
0 8661
0 3256
0 273
0 7724
0 774
0 8645
0 3981
0 9991
0 8973
0 1134
0 9747
0 9201
0 9185
0 4303
0 1566
0 8207
0 1980
0 499
0 9706
0 8107
0 2571
0 9189
0 8391
0 8322
0 3727
0 1870
0 9491
0 8729
0 3116
0 3931
0 728
0 8373
0 4550
0 3561
0 1573
0 9143
0 3273
0 8789
0 3663
0 7915
0 2203
0 9035
0 80
0 476
0 2459
0 8834
0 3428
0 1798
0 9407
0 214
0 3344
0 1662
0 4061
0 9958
0 1577
0 3401
0 9353
0 9162
0 4397
0 4064
0 3299
0 3184
0 8986
0 1751
0 1788
0 3646
0 1252
0 3361
0 8237
0 2723
0 9410
0 157
0 4334
0 15
0 847
0 3455
0 1316
0 3993
0 2536
0 7758
0 3507
0 8856
0 551
0 9469
0 1600
0 3639
0 3627
0 9197
0 0
0 7887
0 2437
0 9015
0 944
0 9861
0 1758
0 4189
0 1244
0 3531
0 3063
0 3332
0 1745
0 8620
0 844
0 187
0 2924
0 3076
0 9110
0 9701
0 3599
0 8967
0 3614
0 890
0 9187
0 7913
0 928
0 8471
0 2157
0 2992
0 3767
0 9946
0 332
0 2136
0 9661
0 3841
0 7796
0 9727
0 1464
0 8872
0 9405
0 8215
0 9341
0 9738
0 1705
0 806
0 9736
0 2336
0 9884
0 2900
0 8223
0 9921
0 1119
0 8699
0 1065
0 3797
0 9317
0 1235
0 1962
0 54
0 8580
0 1150
0 2322
0 3359
0 2478
0 866
0 3544
0 3934
0 2363
0 2542
0 7959
0 8283
0 9125
0 2512
0 517
0 2545
0 680
0 2474
0 9490
0 9426
0 4009
0 4548
0 1731
0 196
0 3628
0 3426
0 4359
0 1713
0 191
0 2695
0 3968
0 3078
0 3417
0 3971
0 824
0 1409
0 4048
0 7716
0 7857
0 9571
0 7680
0 3781
0 2975
0 4253
0 9082
0 756
0 8487
0 4490
0 1025
0 652
0 8533
0 3699
0 9788
0 2326
0 4373
0 2891
0 1156
0 8877
0 492
0 184
0 9672
0 2725
0 4378
0 8401
0 9687
0 2361
0 3242
0 600
0 919
0 7719
0 2095
0 1402
0 19
0 2694
0 8308
0 1593
0 9740
0 2406
0 540
0 1695
0 1463
0 7699
0 609
0 8198
0 8030
0 1199
0 8708
0 2468
0 3387
0 1454
0 2066
0 456
0 1835
0 3549
0 412
0 1613
0 8687
0 1682
0 9463
0 4516
0 3848
0 4592
0 2390
0 9538
0 8755
0 4471
0 3475
0 668
0 4393
0 7727
0 3051
0 167
0 3578
0 3824
0 3959
0 1938
0 3278
0 7931
0 9952
0 2063
0 3881
0 9013
0 8149
0 8531
0 3737
0 2035
0 3770
0 9402
0 833
0 8079
0 7852
0 7766
0 7802
0 9682
0 2516
0 4230
0 660
0 9827
0 462
0 9713
0 8468
0 1209
0 3929
0 577
0 9667
0 8113
0 2598
0 108
0 221
0 3328
0 1680
0 2422
0 2758
0 679
0 8957
0 8705
0 7949
0 7968
0 7809
0 2811
0 4043
0 512
0 1908
0 8256
0 8983
0 3436
0 872
0 8031
0 1762
0 9971
0 3237
0 1340
0 4216
0 278
0 903
0 2302
0 2087
0 381
0 1696
0 1648
0 3135
0 1912
0 8586
0 2987
0 810
0 1142
0 1026
0 4528
0 308
0 3338
0 1364
0 3244
0 7778
0 7849
0 622
0 8826
0 3110
0 920
0 3404
0 2117
0 75
0 1315
0 8299
0 910
0 7805
0 264
0 4532
0 4341
0 3789
0 8712
0 9654
0 1446
0 1592
0 4031
0 8443
0 3402
0 4171
0 8667
0 3249
0 564
0 8450
0 3575
0 3146
0 9607
0 461
0 7847
0 3668
0 2142
0 4350
0 3182
0 3658
0 7898
0 509
0 1485
0 2592
0 9397
0 7735
0 4196
0 9334
0 2116
0 3769
0 3722
0 9472
0 3255
0 8400
0 2894
0 9797
0 9652
0 1373
0 8652
0 8564
0 4248
0 7739
0 9303
0 8276
0 3360
0 1890
0 8796
0 7952
0 1838
0 9680
0 222
0 9562
0 1897
0 2309
0 3289
0 2033
0 8162
0 8504
0 4069
0 8538
0 3284
0 8279
0 7874
0 2686
0 4027
0 2867
0 2055
0 2726
0 7684
0 814
0 4458
0 9879
0 3616
0 879
0 8638
0 8111
0 8121
0 1594
0 7936
0 3011
0 1184
0 4245
0 3560
0 9970
0 9756
0 4162
0 2569
0 705
0 2840
0 1744
0 8109
0 2861
0 3449
0 801
0 9642
0 1478
0 892
0 2970
0 1064
0 1321
0 2692
0 7783
0 2805
0 2395
0 8192
0 7918
0 826
0 8505
0 2773
0 1517
0 9532
0 4026
0 1933
0 1449
0 1469
0 4519
0 9179
0 9139
0 7708
0 8334
0 2325
0 4001
0 4362
0 7907
0 8289
0 3313
0 3680
0 9745
0 322
0 2990
0 2748
0 8166
0 8056
0 9896
0 8909
0 1132
0 984
0 9547
0 2685
0 1023
0 2135
0 3187
0 1559
0 3431
0 2749
0 4472
0 1162
0 1135
0 9028
0 9243
0 1438
0 79
0 3437
0 2664
0 8229
0 3303
0 4081
0 1041
0 3849
0 4573
0 173
0 3068
0 2898
0 8015
0 8676
0 9568
0 8189
0 2289
0 1964
0 1819
0 2681
0 4326
0 8968
0 2376
0 3177
0 823
0 8417
0 9210
0 4558
0 9585
0 217
0 8606
0 3543
0 8127
0 1043
0 2497
0 769
0 8374
0 4452
0 9573
0 9058
0 9310
0 9253
0 2093
0 8898
0 9435
0 3105
0 289
0 620
0 4121
0 2495
0 2860
0 556
0 1234
0 2734
0 8254
0 9753
0 2408
0 77
0 8496
0 9535
0 9545
0 53
0 1057
0 4466
0 4394
0 8961
0 239
0 8095
0 1888
0 938
0 7733
0 2843
0 4098
0 8603
0 3579
0 3954
0 3499
0 2799
0 7924
0 8543
0 2604
0 4442
0 1848
0 1739
0 530
0 413
0 3336
0 3573
0 9421
0 2787
0 428
0 8419
0 835
0 7926
0 9177
0 9113
0 2774
0 543
0 1090
0 9074
0 2878
0 2700
0 1868
0 2427
0 7690
0 3839
0 8698
0 693
0 8325
0 2132
0 1684
0 1166
0 8756
0 2646
0 8228
0 1239
0 2464
0 3846
0 2849
0 1840
0 3005
0 2626
0 9941
0 9263
0 2883
0 1653
0 2164
0 9233
0 8195
0 3037
0 855
0 3888
0 3761
0 2988
0 4282
0 360
0 1733
0 3075
0 4120
0 7928
0 8843
0 7715
0 8275
0 9939
0 2635
0 9161
0 9399
0 9018
0 7985
0 3984
0 8245
0 696
0 4166
0 7958
0 3967
0 2857
0 891
0 5
0 3655
0 2704
0 1657
0 1644
0 3799
0 4386
0 3466
0 9060
0 3972
0 3521
0 2128
0 8120
0 8168
0 3371
0 1296
0 796
0 2543
0 3808
0 2566
0 970
0 3603
0 1536
0 2402
0 3202
0 7709
0 9085
0 684
0 9453
0 2559
0 2086
0 3851
0 8685
0 9038
0 2379
0 3173
0 2606
0 1520
0 489
0 1765
0 8940
0 4015
0 9967
0 4218
0 2913
0 2881
0 9175
0 2847
0 807
0 9780
0 8470
0 8904
0 9212
0 450
0 8252
0 2343
0 1542
0 3315
0 324
0 2088
0 795
0 9292
0 2958
0 4347
0 414
0 2305
0 2586
0 8971
0 8042
0 4476
0 3760
0 9888
0 9100
0 1456
0 2049
0 1800
0 7722
0 1216
0 3558
0 131
0 1836
0 9157
0 2341
0 2972
0 4267
0 8181
0 2998
0 1100
0 907
0 4559
0 3291
0 9864
0 1911
0 9969
0 4545
0 7995
0 565
0 8548
0 3630
0 584
0 7785
0 792
0 2915
0 2096
0 9184
0 295
0 7905
0 2161
0 3780
0 7714
0 8769
0 2276
0 4480
0 7815
0 248
0 3970
0 1971
0 4509
0 939
0 388
0 2407
0 2814
0 888
0 9544
0 3432
0 8238
0 2834
0 1308
0 2078
0 4238
0 7748
0 4321
0 1451
0 423
0 2884
0 3254
0 8954
0 3468
0 2019
0 2432
0 9955
0 245
0 3965
0 2236
0 478
0 1893
0 8478
0 3102
0 8300
0 1564
0 4007
0 56
0 2211
0 4279
0 8474
0 913
0 2281
0 8482
0 1572
0 350
0 1922
0 2928
0 1305
0 3095
0 3576
0 905
0 3409
0 3503
0 8370
0 8169
0 3640
0 9549
0 256
0 3564
0 2950
0 8844
0 9050
0 1075
0 8179
0 8025
0 4557
0 9519
0 3283
0 3472
0 370
0 642
0 1231
0 9878
0 9433
0 3419
0 4443
0 3378
0 433
0 3333
0 3691
0 8747
0 9874
0 8859
0 9600
0 2017
0 2190
0 2969
0 8355
0 1084
0 2977
0 9335
0 4517
0 1376
0 2770
0 3621
0 2345
0 3882
0 8728
0 1222
0 4269
0 193
0 8723
0 783
0 198
0 9836
0 9541
0 9485
0 9446
0 9261
0 8328
0 3302
0 877
0 3730
0 3673
0 2971
0 9428
0 4606
0 1812
0 3632
0 9449
0 3868
0 3183
0 3121
0 320
0 9462
0 2835
0 692
0 177
0 2910
0 3374
0 3488
0 3538
0 9784
0 2768
0 9898
0 2866
0 8262
0 8508
0 3482
0 9217
0 491
0 3568
0 2378
0 442
0 2558
0 3427
0 3618
0 670
0 4551
0 2615
0 7689
0 4391
0 1645
0 2291
0 7726
0 279
0 4180
0 142
0 8663
0 7922
0 3830
0 3227
0 1170
0 9145
0 1976
0 2134
0 688
0 4006
0 9873
0 3296
0 8352
0 2312
0 787
0 1022
0 9734
0 1339
0 3917
0 1610
0 1210
0 356
0 3154
0 4288
0 9724
0 7992
0 32
0 904
0 3224
0 1806
0 3861
0 2375
0 4067
0 94
0 3220
0 9020
0 8858
0 2463
0 4004
0 917
0 2747
0 2158
0 8658
0 8028
0 367
0 2204
0 1306
0 8027
0 8585
0 1077
0 9733
0 2574
0 2045
0 2941
0 4438
0 3319
0 8066
0 7844
0 1179
0 1437
0 391
0 9618
0 3804
0 4437
0 3218
0 9811
0 3366
0 1668
0 9614
0 2433
0 8632
0 1766
0 2018
0 4534
0 1694
0 9968
0 7790
0 9594
0 3364
0 1548
0 754
0 8562
0 9279
0 430
0 2850
0 161
0 9675
0 4161
0 9676
0 8435
0 8060
0 3025
0 803
0 8250
0 2274
0 7948
0 2083
0 663
0 3016
0 4311
0 3876
0 2461
0 2317
0 8105
0 301
0 9643
0 1481
0 9656
0 2901
0 4284
0 3248
0 1995
0 931
0 1407
0 2710
0 9142
0 3205
0 8863
0 323
0 8949
0 2663
0 2575
0 1396
0 4042
0 816
0 7763
0 8001
0 9602
0 4157
0 8240
0 1391
0 597
0 7964
0 1358
0 1784
0 7721
0 9129
0 3508
0 7818
0 8177
0 3
0 8700
0 3020
0 2156
0 9572
0 1386
0 3878
0 3755
0 8771
0 2071
0 2331
0 952
0 9540
0 8546
0 1035
0 2507
0 1990
0 119
0 1809
0 1196
0 527
0 1019
0 4583
0 4086
0 3921
0 1092
0 234
0 9257
0 1497
0 298
0 8816
0 9795
0 3157
0 9911
0 85
0 3122
0 4219
0 9242
0 8624
0 3282
0 3079
0 3066
0 9181
0 8943
0 9905
0 4415
0 3044
0 2719
0 8955
0 672
0 2800
0 231
0 849
0 8591
0 3129
0 1482
0 1828
0 965
0 8927
0 4337
0 3074
0 4063
0 2005
0 9315
0 757
0 3071
0 9579
0 8292
0 9348
0 9702
0 219
0 4588
0 393
0 791
0 8817
0 8350
0 180
0 1973
0 9270
0 2733
0 4428
0 3461
0 1367
0 9208
0 9606
0 3858
0 4146
0 3918
0 452
0 3750
0 4116
0 3807
0 1641
0 1255
0 1342
0 4159
0 4036
0 503
0 8393
0 8697
0 9053
0 7848
0 8218
0 205
0 9508
0 9504
0 7988
0 9920
0 3502
0 2568
0 8497
0 3756
0 8408
0 263
0 8880
0 9990
0 2255
0 2754
0 3611
0 8633
0 8910
0 43
0 3398
0 1278
0 1533
0 9051
0 9159
0 9136
0 2074
0 9690
0 287
0 2572
0 2011
0 1085
0 7770
0 9638
0 9379
0 4338
0 3367
0 3446
0 4039
0 182
0 484
0 1465
0 764
0 1066
0 3228
0 3625
0 9267
0 418
0 575
0 9150
0 8371
0 2912
0 8293
0 9040
0 8987
0 3526
0 294
0 9115
0 8602
0 9081
0 3587
0 4198
0 2176
0 574
0 8991
0 980
0 8387
0 7780
0 105
0 3201
0 1031
0 4332
0 2068
0 8455
0 8612
0 1126
0 3757
0 9849
0 4012
0 146
0 645
0 4115
0 3552
0 464
0 2673
0 8332
0 4380
0 7875
0 1149
0 9237
0 9169
0 4044
0 537
0 225
0 344
0 1500
0 2292
0 111
0 2584
0 4078
0 8860
0 8695
0 8510
0 9119
0 4530
0 8982
0 1521
0 473
0 1569
0 162
0 639
0 9732
0 8544
0 3464
0 9106
0 2457
0 4370
0 1989
0 4263
0 7841
0 2417
0 3877
0 4265
0 1697
0 8560
0 9648
0 8018
0 3103
0 2735
0 8989
0 4446
0 3137
0 2659
0 8668
0 373
0 4459
0 8588
0 2014
0 2561
0 7821
0 8913
0 7859
0 8220
0 9634
0 2230
0 163
0 2038
0 3294
0 9280
0 1661
0 7797
0 261
0 9070
0 544
0 7738
0 8437
0 3298
0 516
0 9817
0 8087
0 4590
0 8942
0 8364
0 1247
0 3212
0 299
0 2183
0 9918
0 1042
0 9007
0 2486
0 1143
0 9677
0 654
0 2705
0 745
0 3941
0 2499
0 4008
0 3106
0 2842
0 4455
0 1488
0 9101
0 2720
0 9138
0 8014
0 2177
0 4411
0 2173
0 8302
0 3554
0 4425
0 4331
0 2335
0 3445
0 3317
0 9250
0 2603
0 9723
0 2997
0 8799
0 8344
0 9228
0 3188
0 4264
0 4200
0 3739
0 3857
0 3700
0 1832
0 1628
0 7777
0 969
0 3073
0 9120
0 7756
0 8059
0 3413
0 3492
0 3914
0 1190
0 9369
0 9248
0 9906
0 259
0 7976
0 3774
0 9107
0 9669
0 2532
0 925
0 2186
0 578
0 470
0 3345
0 3829
0 9808
0 548
0 2175
0 8824
0 730
0 1518
0 3609
0 4138
0 8827
0 4093
0 4210
0 65
0 8261
0 9381
0 4294
0 369
0 2171
0 7945
0 2553
0 3661
0 7845
0 9766
0 9835
0 63
0 99
0 987
0 3749
0 333
0 4563
0 1427
0 8202
0 9586
0 658
0 3619
0 4560
0 702
0 9016
0 2951
0 2223
0 76
0 3128
0 7983
0 3442
0 8178
0 570
0 8619
0 9470
0 8690
0 985
0 2353
0 2981
0 3844
0 8114
0 771
0 34
0 3669
0 1203
0 2007
0 1410
0 1791
0 2299
0 994
0 4049
0 7685
0 4092
0 2588
0 1045
0 1286
0 8915
0 8558
0 9299
0 477
0 9721
0 9828
0 9443
0 2320
0 1048
0 860
0 9251
0 3690
0 7940
0 2905
0 2198
0 1411
0 8886
0 7755
0 9924
0 4420
0 3210
0 2293
0 127
0 2540
0 9751
0 4423
0 9537
0 1300
0 719
0 1555
0 4177
0 3153
0 9033
0 918
0 1049
0 336
0 1338
0 8082
0 9311
0 804
0 9622
0 1779
0 1021
0 991
0 3588
0 9223
0 2743
0 9254
0 9616
0 8135
0 8525
0 7954
0 4467
0 3080
0 2179
0 3164
0 9359
0 71
0 8549
0 9953
0 9247
0 8814
0 2105
0 8888
0 9712
0 3966
0 9358
0 9496
0 975
0 8870
0 8745
0 2841
0 8523
0 1432
0 153
0 1508
0 9380
0 7839
0 1818
0 1495
0 8869
0 8307
0 7743
0 1725
0 8226
0 7966
0 4226
0 4319
0 9042
0 1099
0 4576
0 9889
0 2294
0 1444
0 1067
0 9870
0 4453
0 2651
0 8643
0 1706
0 520
0 9883
0 8753
0 8707
0 2601
0 1467
0 3251
0 514
0 2968
0 4237
0 573
0 3260
0 2160
0 8977
0 4400
0 1016
0 3946
0 293
0 1746
0 682
0 9130
0 4464
0 1420
0 8102
0 8925
0 3434
0 9980
0 2025
0 2015
0 4483
0 1395
0 501
0 8186
0 2904
0 4275
0 8931
0 1743
0 2107
0 9166
0 4494
0 8351
0 2520
0 996
0 9493
0 9219
0 48
0 811
0 7867
0 8160
0 2162
0 8609
0 4597
0 2576
0 4290
0 9794
0 2973
0 3919
0 4144
0 1271
0 1846
0 9923
0 4252
0 4491
0 8330
0 1617
0 3951
0 708
0 3086
0 8129
0 4095
0 2314
0 8071
0 7792
0 9852
0 2882
0 9650
0 3615
0 8315
0 2423
0 8440
0 9235
0 2323
0 9194
0 2722
0 1516
0 2354
0 583
0 1080
0 8023
0 9404
0 901
0 4572
0 2629
0 1416
0 9287
0 8318
0 1221
0 3626
0 9266
0 8716
0 8656
0 68
0 8219
0 9071
0 8646
0 1052
0 8882
0 1585
0 8309
0 9819
0 8677
0 2472
0 8273
0 924
0 3906
0 3215
0 2352
0 9908
0 3726
0 8839
0 7862
0 4266
0 1544
0 1851
0 7971
0 3149
0 1188
0 2092
0 3469
0 538
0 4241
0 8046
0 8475
0 2311
0 3936
0 8850
0 485
0 589
0 8936
0 9278
0 3351
0 9480
0 9619
0 321
0 2213
0 1161
0 3348
0 766
0 4322
0 8862
0 4499
0 8965
0 9574
0 3794
0 4445
0 3493
0 7855
0 9392
0 9596
0 9396
0 1404
0 342
0 3792
0 4243
0 143
0 8702
0 2444
0 729
0 1301
0 3140
0 7813
0 8217
0 2993
0 2182
0 9903
0 1462
0 711
0 1037
0 2214
0 8868
0 9851
0 566
0 1783
0 8000
0 927
0 2573
0 154
0 2197
0 3514
0 9876
0 1002
0 113
0 2270
0 3197
0 3992
0 2638
0 9685
0 2500
0 2724
0 1307
0 1649
0 2570
0 989
0 3092
0 789
0 599
0 3995
0 33
0 8742
0 3580
0 8485
0 4498
0 1598
0 3819
0 2935
0 9411
0 4224
0 9582
0 1543
0 2251
0 2366
0 4542
0 9866
0 1468
0 3115
0 8895
0 8908
0 91
0 4204
0 253
0 3269
0 1036
0 3572
0 2521
0 836
0 3608
0 8924
0 9925
0 1347
0 982
0 8752
0 3310
0 9565
0 1319
0 8241
0 8703
0 1455
0 8840
0 3479
0 9995
0 1936
0 8778
0 9688
0 1830
0 3856
0 9029
0 3510
0 454
0 2962
0 9429
0 9875
0 2552
0 3938
0 8773
0 585
0 341
0 7718
0 545
0 9351
0 3219
0 2744
0 1792
0 2932
0 8765
0 9066
0 8874
0 8671
0 686
0 3307
0 7760
0 240
0 8993
0 7
0 9982
0 8011
0 8314
0 506
0 4537
0 4384
0 4217
0 3108
0 2503
0 8085
0 3685
0 1979
0 2611
0 9023
0 9330
0 8506
0 3416
0 2399
0 9262
0 7734
0 741
0 8555
0 700
0 1118
0 4251
0 3556
0 9103
0 4165
0 3956
0 3093
0 1670
0 3734
0 4140
0 2751
0 7914
0 9591
0 992
0 1005
0 8442
0 8354
0 1219
0 1797
0 1027
0 2889
0 134
0 2976
0 203
0 1277
0 9301
0 8669
0 4374
0 9926
0 9059
0 9711
0 291
0 7880
0 9401
0 2794
0 3551
0 9782
0 2415
0 9244
0 1377
0 1804
0 3118
0 3216
0 734
0 2043
0 229
0 3243
0 1910
0 2660
0 4470
0 9792
0 4091
0 2365
0 302
0 3320
0 2398
0 8758
0 4141
0 9475
0 3027
0 9350
0 1686
0 9880
0 707
0 2473
0 4382
0 1476
0 2549
0 8642
0 1224
0 8934
0 3742
0 2565
0 8540
0 250
0 3061
0 4387
0 41
0 2000
0 4463
0 8507
0 7832
0 9739
0 8972
0 3916
0 4402
0 3163
0 3277
0 3165
0 9965
0 2166
0 2050
0 3167
0 8922
0 3424
0 4222
0 1498
0 8639
0 1727
0 1486
0 880
0 8492
0 4586
0 9860
0 9464
0 8360
0 52
0 1704
0 786
0 7873
0 3225
0 8806
0 3567
0 3389
0 8574
0 997
0 3331
0 1940
0 9554
0 3643
0 4600
0 7879
0 8797
0 7787
0 8495
0 59
0 2329
0 9673
0 9901
0 2853
0 7883
0 345
0 1370
0 3775
0 2925
0 9318
0 2393
0 9006
0 8034
0 7745
0 3168
0 8100
0 1984
0 3240
0 9988
0 276
0 1304
0 9064
0 1127
0 9368
0 3491
0 1414
0 4126
0 8037
0 3487
0 2209
0 2718
0 2
0 694
0 4122
0 3895
0 7972
0 8429
0 230
0 1303
0 562
0 8739
0 8190
0 601
0 4506
0 9423
0 943
0 2729
0 1220
0 1471
0 4364
0 3014
0 35
0 1978
0 3395
0 2359
0 7800
0 8631
0 4108
0 1526
0 935
0 9017
0 4102
0 1163
0 50
0 912
0 8175
0 3311
0 4273
0 1146
0 3860
0 9777
0 9840
0 9741
0 1944
0 3297
0 3443
0 3382
0 206
0 632
0 8203
0 957
0 2280
0 843
0 9236
0 4299
0 1907
0 3790
0 26
0 3523
0 3907
0 9764
0 1349
0 1096
0 7902
0 8298
0 7749
0 4221
0 2347
0 8581
0 8714
0 8630
0 785
0 8235
0 1519
0 1660
0 9531
0 8055
0 7705
0 718
0 3845
0 7877
0 2727
0 4309
0 2732
0 4383
0 9232
0 9374
0 8306
0 1620
0 2687
0 8764
0 1675
0 1125
0 9769
0 7846
0 166
0 7804
0 399
0 2874
0 3828
0 3462
0 8735
0 8009
0 8921
0 1640
0 4046
0 546
0 2511
0 7827
0 2454
0 2585
0 3591
0 8937
0 3263
0 2044
0 2412
0 8032
0 1957
0 1226
0 1205
0 3772
0 2782
0 2600
0 377
0 3855
0 9783
0 9674
0 2944
0 1578
0 2334
0 9640
0 732
0 2200
0 7903
0 1692
0 4199
0 359
0 4601
0 8394
0 571
0 3039
0 1215
0 3287
0 2222
0 3512
0 2649
0 3186
0 4143
0 1112
0 2846
0 474
0 2680
0 518
0 7881
0 7969
0 9665
0 3239
0 4087
0 1237
0 78
0 8246
0 2665
0 9776
0 1956
0 2169
0 1588
0 614
0 129
0 1182
0 3211
0 3581
0 1109
0 9034
0 2978
0 9471
0 1615
0 1348
0 213
0 671
0 8832
0 2699
0 2476
0 815
0 3623
0 3194
0 9528
0 8340
0 9045
0 4556
0 2832
0 3322
0 3235
0 7916
0 1257
0 3330
0 1012
0 422
0 8399
0 9620
0 7701
0 1877
0 3013
0 1860
0 1900
0 1314
0 8103
0 8871
0 1920
0 1369
0 401
0 9487
0 4333
0 2485
0 930
0 7751
0 9975
0 1603
0 2225
0 9419
0 9474
0 1034
0 3304
0 3927
0 582
0 86
0 7811
0 972
0 4073
0 691
0 1104
0 798
0 8222
0 4234
0 9787
0 8926
0 9647
0 1214
0 1723
0 9895
0 9112
0 4016
0 1344
0 3045
0 9697
0 3631
0 4487
0 715
0 8809
0 2934
0 2316
0 8994
0 2229
0 3101
0 979
0 9220
0 3816
0 2628
0 3288
0 9900
0 2058
0 1612
0 3990
0 2277
0 8423
0 8579
0 169
0 3448
0 2534
0 3217
0 1383
0 3957
0 4142
0 3642
0 9989
0 8912
0 3533
0 1985
0 8065
0 3569
0 4390
0 1155
0 8263
0 3300
0 2514
0 4546
0 4283
0 2728
0 9976
0 1024
0 8453
0 8428
0 2301
0 9387
0 9305
0 3048
0 2102
0 3771
0 1106
0 1841
0 1259
0 2421
0 8970
0 8077
0 251
0 9345
0 8563
0 8933
0 3133
0 8013
0 8720
0 8625
0 3091
0 4403
0 490
0 3064
0 4372
0 1272
0 7774
0 8867
0 8535
0 8801
0 9992
0 2911
0 2318
0 3689
0 4047
0 228
0 4320
0 3955
0 4514
0 3396
0 641
0 363
0 859
0 2580
0 1872
0 2919
0 7981
0 9770
0 8365
0 4040
0 2546
0 9855
0 3486
0 1152
0 9802
0 74
0 3753
0 4441
0 4286
0 2016
0 817
0 8481
0 8184
0 4136
0 9265
0 8002
0 9978
0 9501
0 2825
0 4109
0 2324
0 2496
0 3155
0 1318
0 4345
0 1332
0 9956
0 9377
0 709
0 3380
0 4367
0 8269
0 1882
0 9814
0 4128
0 2220
0 2338
0 9961
0 9525
0 315
0 3976
0 3372
0 4293
0 2456
0 9440
0 7784
0 2612
0 1490
0 1400
0 1960
0 4059
0 283
0 4555
0 2643
0 8167
0 911
0 3357
0 9710
0 7789
0 8144
0 8951
0 4473
0 7979
0 115
0 8089
0 1568
0 3649
0 9414
0 8214
0 448
0 9497
0 4192
0 2745
0 141
0 4114
0 3447
0 1986
0 9123
0 455
0 9167
0 9105
0 1192
0 4107
0 3272
0 7723
0 2717
0 4032
0 9063
0 2870
0 8825
0 3009
0 8534
0 3354
0 8648
0 4147
0 949
0 1825
0 20
0 3081
0 8892
0 4371
0 898
0 1472
0 2693
0 334
0 148
0 4451
0 9027
0 9868
0 4258
0 3065
0 427
0 2210
0 4527
0 9075
0 4262
0 309
0 3429
0 3708
0 8247
0 3671
0 1298
0 4208
0 8617
0 821
0 2106
0 9530
0 3506
0 1087
0 2243
0 9214
0 9144
0 2535
0 1785
0 2148
0 2252
0 867
0 9256
0 8359
0 4526
0 4236
0 1011
0 3683
0 8088
0 8694
0 285
0 1473
0 2394
0 2124
0 8565
0 8883
0 8929
0 9742
0 1334
0 4585
0 8665
0 3636
0 8919
0 3490
0 885
0 70
0 4175
0 2939
0 3440
0 2180
0 7706
0 9375
0 1413
0 1873
0 444
0 209
0 3935
0 2581
0 9403
0 3898
0 3181
0 3600
0 10
0 1009
0 1774
0 2888
0 8521
0 4313
0 3864
0 8999
0 93
0 2789
0 432
0 1963
0 2530
0 8760
0 9032
0 2184
0 926
0 731
0 8920
0 2272
0 9689
0 2448
0 9551
0 2170
0 7872
0 9024
0 9049
0 9164
0 3383
0 8829
0 1185
0 1932
0 3301
0 1942
0 1480
0 1906
0 8754
0 116
0 426
0 9229
0 9610
0 3208
0 9515
0 3123
0 8291
0 385
0 8266
0 1285
0 662
0 9856
0 8692
0 4429
0 536
0 8568
0 7974
0 1595
0 2052
0 2279
0 2249
0 2658
0 716
0 9520
0 1790
0 9122
0 1754
0 233
0 8358
0 3312
0 4233
0 2986
0 3871
0 3911
0 3899
0 1863
0 7955
0 1425
0 8139
0 9391
0 976
0 4479
0 2174
0 4410
0 2367
0 8800
0 8295
0 3585
0 2032
0 2057
0 8614
0 8744
0 1885
0 9286
0 4139
0 8479
0 3997
0 3473
0 1176
0 4090
0 9398
0 437
0 9238
0 3270
0 2858
0 8930
0 1683
0 674
0 805
0 1181
0 1111
0 7782
0 2024
0 8644
0 9378
0 7963
0 8049
0 2996
0 9452
0 9871
0 2731
0 713
0 8459
0 4223
0 8080
0 2797
0 2711
0 7957
0 3049
0 8710
0 9595
0 3031
0 8731
0 1834
0 9542
0 526
0 9146
0 9386
0 683
0 9910
0 438
0 4456
0 8726
0 7801
0 747
0 8022
0 4174
0 3324
0 1421
0 2809
0 830
0 2283
0 3412
0 4330
0 4481
0 8312
0 633
0 2796
0 8347
0 2537
0 9390
0 7878
0 4225
0 7921
0 2246
0 8998
0 8557
0 9255
0 8243
0 2618
0 2125
0 2765
0 463
0 7882
0 1378
0 118
0 8774
0 9442
0 2333
0 124
0 1898
0 8108
0 1730
0 7950
0 4193
0 4356
0 7696
0 9929
0 2384
0 8738
0 603
0 2348
0 2863
0 2425
0 8426
0 1140
0 1283
0 9362
0 2929
0 3729
0 1284
0 4316
0 644
0 1903
0 1206
0 8045
0 9204
0 3087
0 2260
0 2821
0 8040
0 4153
0 9959
0 2143
0 900
0 3425
0 7911
0 4595
0 389
0 1710
0 2405
0 9848
0 2647
0 750
0 9725
0 69
0 8627
0 1677
0 3705
0 4229
0 797
0 3874
0 420
0 1374
0 4424
0 1426
0 856
0 1105
0 8280
0 421
0 7736
0 8048
0 1768
0 9224
0 9188
0 9657
0 9420
0 3803
0 9615
0 9917
0 569
0 90
0 7967
0 480
0 3199
0 8878
0 9349
0 1200
0 9087
0 2885
0 3410
0 7930
0 4089
0 8036
0 9865
0 7829
0 7932
0 2144
0 4535
0 2879
0 9418
0 4151
0 8486
0 4365
0 2806
0 8864
0 8285
0 8456
0 8966
0 3943
0 887
0 7961
0 8626
0 4287
0 1189
0 3964
0 8380
0 941
0 3504
0 8770
0 1581
0 216
0 3595
0 3505
0 1046
0 2959
0 4197
0 2140
0 2596
0 610
0 3441
0 8833
0 9636
0 9246
0 9850
0 1197
0 946
0 2788
0 8153
0 1051
0 8051
0 3318
0 9494
0 3006
0 4416
0 2757
0 3139
0 8662
0 3928
0 1540
0 3152
0 9670
0 3590
0 9488
0 3098
0 9400
0 8611
0 958
0 532
0 3751
0 1596
0 8187
0 3060
0 9495
0 1187
0 8664
0 8842
0 2519
0 932
0 2645
0 7994
0 3850
0 9561
0 2778
0 2538
0 9631
0 886
0 9693
0 2819
0 2595
0 8439
0 8392
0 208
0 2269
0 3670
0 3478
0 1390
0 3679
0 621
0 2533
0 4426
0 1529
0 1094
0 727
0 3195
0 8780
0 3891
0 3834
0 9430
0 3725
0 9320
0 595
0 7885
0 8265
0 4591
0 4041
0 4022
0 467
0 4280
0 7919
0 4328
0 2614
0 1749
0 9264
0 9522
0 2380
0 8336
0 494
0 1487
0 3077
0 9486
0 1287
0 3975
0 39
0 1816
0 3337
0 9916
0 9158
0 9966
0 9699
0 3001
0 8896
0 2564
0 8593
0 1264
0 9786
0 7773
0 2791
0 8737
0 62
0 858
0 8420
0 868
0 8634
0 9325
0 7732
0 258
0 8583
0 2420
0 8067
0 616
0 712
0 2716
0 1796
0 4325
0 7895
0 4343
0 2547
0 8384
0 580
0 1917
0 7768
0 4520
0 2655
0 3784
0 8903
0 2475
0 2698
0 2108
0 7925
0 2813
0 8893
0 959
0 1249
0 1878
0 2130
0 2414
0 2369
0 3234
0 929
0 3329
0 956
0 2275
0 8766
0 9209
0 1786
0 2416
0 1261
0 4054
0 9589
0 1178
0 3525
0 1546
0 316
0 1968
0 4584
0 8366
0 854
0 1756
0 7682
0 2077
0 472
0 8600
0 2362
0 9026
0 1778
0 4587
0 2227
0 14
0 1887
0 4323
0 3343
0 4604
0 1914
0 23
0 3046
0 899
0 1515
0 9823
0 9481
0 2404
0 300
0 3456
0 4249
0 9845
0 9862
0 818
0 2742
0 8891
0 7927
0 1302
0 9468
0 4190
0 1346
0 2458
0 2228
0 3356
0 1667
0 8812
0 4500
0 3939
0 1678
0 521
0 408
0 181
0 3994
0 9805
0 4513
0 270
0 2917
0 9360
0 7741
0 8725
0 9361
0 190
0 3170
0 9192
0 9288
0 9822
0 1357
0 3598
0 2669
0 8233
0 3665
0 2460
0 8613
0 102
0 9846
0 9521
0 1974
0 579
0 9461
0 1929
0 624
0 871
0 3785
0 8232
0 66
0 9796
0 8787
0 8476
0 4134
0 3185
0 1352
0 9964
0 4130
0 9526
0 9730
0 3536
0 611
0 945
0 9180
0 4207
0 8498
0 3250
0 4094
0 8010
0 3040
0 9011
0 411
0 2886
0 4076
0 7965
0 7781
0 3932
0 8907
0 2721
0 493
0 2436
0 8887
0 192
0 7814
0 488
0 3759
0 717
0 8180
0 2123
0 2480
0 3650
0 4023
0 2256
0 9355
0 1650
0 2094
0 8978
0 2126
0 2278
0 1405
0 9933
0 9190
0 8458
0 8054
0 2620
0 4261
0 4515
0 7854
0 3238
0 2240
0 1747
0 3470
0 4034
0 1590
0 2706
0 3768
0 1415
0 656
0 606
0 7817
0 2443
0 7897
0 2262
0 1977
0 9986
0 7712
0 2122
0 8335
0 218
0 8517
0 3393
0 528
0 1506
0 2232
0 8297
0 2185
0 8357
0 3810
0 9981
0 168
0 3896
0 3209
0 9529
0 4084
0 9601
0 3926
0 8133
0 3295
0 4379
0 8070
0 3148
0 1173
0 7980
0 2103
0 2906
0 1975
0 1350
0 962
0 8367
0 4097
0 8137
0 1935
0 1690
0 524
0 9807
0 598
0 4412
0 8501
0 3004
0 1852
0 2684
0 2053
0 1033
0 4478
0 3592
0 8407
0 2178
0 1522
0 3684
0 3142
0 8990
0 9409
0 1823
0 1876
0 2785
0 9563
0 2605
0 8159
0 8704
0 4407
0 2741
0 109
0 4523
0 4017
0 1810
0 307
0 846
0 2023
0 1225
0 3038
0 4571
0 8069
0 7951
0 1793
0 3676
0 1475
0 2113
0 170
0 3863
0 8053
0 8163
0 8268
0 3838
0 2238
0 1164
0 4298
0 4300
0 9949
0 9843
0 8337
0 1769
0 495
0 4272
0 7917
0 3400
0 8890
0 8409
0 8115
0 4030
0 749
0 8981
0 3156
0 9484
0 2082
0 3710
0 3198
0 873
0 4469
0 2191
0 3773
0 8813
0 1384
0 7910
0 9763
0 7993
0 1700
0 8980
0 1636
0 8577
0 874
0 9332
0 832
0 9337
0 4552
0 1537
0 9625
0 2737
0 8674
0 8118
0 3171
0 9716
0 3391
0 3909
0 8595
0 4531
0 8284
0 9857
0 2582
0 809
0 7764
0 9798
0 8251
0 7870
0 3494
0 8441
0 9104
0 8176
0 1269
0 281
0 2916
0 1580
0 1133
0 9036
0 9534
0 4129
0 3160
0 2231
0 1273
0 894
0 3546
0 8781
0 8454
0 4021
0 9587
0 2979
0 1010
0 3316
0 3686
0 2295
0 848
0 4305
0 8511
0 9281
0 2159
0 9499
0 7679
0 1297
0 1884
0 2923
0 1959
0 7868
0 1063
0 9306
0 9951
0 4539
0 4186
0 9215
0 189
0 9671
0 8415
0 4173
0 9841
0 9812
0 4154
0 2492
0 9646
0 8997
0 1320
0 3814
0 669
0 1270
0 3099
0 7826
0 2838
0 591
0 8597
0 255
0 3230
0 2403
0 8094
0 9117
0 3809
0 7996
0 1417
0 8584
0 2340
0 396
0 4123
0 9079
0 2163
0 1669
0 8116
0 8594
0 2593
0 7828
0 1651
0 743
0 394
0 7861
0 7953
0 8556
0 8838
0 8494
0 7884
0 9258
0 1496
0 3963
0 8362
0 4013
0 8424
0 103
0 1966
0 9395
0 8329
0 665
0 9867
0 9111
0 7691
0 441
0 552
0 1248
0 1915
0 3978
0 9091
0 3342
0 508
0 7975
0 3145
0 2364
0 1767
0 4187
0 667
0 613
0 884
0 3853
0 1844
0 767
0 7737
0 1666
0 1068
0 9731
0 850
0 8616
0 9084
0 346
0 1712
0 513
0 3196
0 9580
0 3950
0 2933
0 1233
0 790
0 47
0 4315
0 7934
0 1514
0 397
0 4388
0 8183
0 988
0 2599
0 4549
0 8125
0 9127
0 8759
0 4072
0 8853
0 689
0 9704
0 2854
0 8425
0 2111
0 9088
0 2062
0 2541
0 7744
0 3562
0 1459
0 8846
0 1802
0 7831
0 3886
0 3659
0 64
0 24
0 8730
0 296
0 9583
0 505
0 2370
0 2820
0 687
0 9168
0 1709
0 2303
0 1934
0 9057
0 7825
0 1331
0 2261
0 87
0 2490
0 3176
0 2954
0 3286
0 343
0 1172
0 3516
0 1108
0 1513
0 9186
0 3467
0 7962
0 8818
0 2263
0 8635
0 1992
0 3920
0 3052
0 592
0 8947
0 4496
0 172
0 8386
0 9940
0 7896
0 2350
0 3977
0 8152
0 4103
0 1646
0 3667
0 7711
0 1688
0 1466
0 4409
0 1839
0 8477
0 1993
0 1655
0 2762
0 4214
0 2482
0 554
0 9076
0 9768
0 1927
0 1401
0 2168
0 1528
0 9759
0 3584
0 9621
0 4419
0 2927
0 1505
0 1055
0 2127
0 1937
0 1930
0 8491
0 2059
0 2021
0 330
0 9094
0 1159
0 3711
0 2013
0 269
0 1654
0 4053
0 922
0 9750
0 7998
0 465
0 306
0 9354
0 1803
0 3399
0 9593
0 9245
0 8559
0 851
0 1330
0 1082
0 4209
0 2188
0 3879
0 942
0 2080
0 8938
0 8885
0 7837
0 331
0 8879
0 8897
0 9899
0 9510
0 2624
0 2644
0 8461
0 1608
0 4414
0 2418
0 9002
0 2439
0 3258
0 7757
0 40
0 2389
0 9108
0 3897
0 9839
0 4045
0 9260
0 3692
0 1815
0 1153
0 4570
0 9373
0 2662
0 7858
0 9749
0 2290
0 2589
0 4317
0 1558
0 8104
0 7944
0 1534
0 8227
0 1363
0 608
0 1360
0 7707
0 3373
0 3940
0 9065
0 1180
0 838
0 8068
0 8503
0 3501
0 4318
0 8741
0 9365
0 8974
0 1609
0 3172
0 2922
0 3062
0 497
0 7765
0 8404
0 1624
0 2984
0 995
0 3894
0 1040
0 2908
0 1324
0 9576
0 2009
0 2332
0 7769
0 4255
0 3050
0 4246
0 2075
0 3553
0 3893
0 8288
0 2801
0 1728
0 8509
0 9509
0 3082
0 2119
0 1736
0 96
0 1861
0 3944
0 1853
0 1268
0 3677
0 2957
0 8657
0 2089
0 8849
0 1343
0 7688
0 9892
0 104
0 9714
0 3548
0 2994
0 8165
0 1079
0 2966
0 1902
0 8041
0 2438
0 1943
0 3394
0 1379
0 2339
0 3980
0 3566
0 3281
0 8552
0 2069
0 4188
0 1717
0 9552
0 9558
0 1345
0 1102
0 8636
0 9431
0 3820
0 2286
0 2470
0 8666
0 2481
0 2690
0 1168
0 948
0 8465
0 8803
0 559
0 1755
0 4019
0 8775
0 1266
0 8618
0 9847
0 8097
0 9803
0 2862
0 735
0 1443
0 3721
0 2424
0 1029
0 2091
0 8761
0 2790
0 9762
0 3762
0 831
0 9012
0 2357
0 782
0 8173
0 8524
0 8272
0 1403
0 777
0 3924
0 8529
0 453
0 604
0 760
0 829
0 3735
0 973
0 4599
0 1781
0 7742
0 2890
0 227
0 7946
0 8675
0 8845
0 1165
0 2995
0 8732
0 9424
0 8572
0 3056
0 812
0 4430
0 2679
0 2386
0 1124
0 1961
0 9290
0 3999
0 8457
0 9718
0 3241
0 8785
0 3511
0 1479
0 738
0 9056
0 3134
0 114
0 4135
0 8242
0 3983
0 2112
0 2761
0 9668
0 2257
0 130
0 9297
0 1939
0 1970
0 3435
0 4598
0 2836
0 1294
0 3463
0 9259
0 2529
0 659
0 8713
0 9308
0 2807
0 8467
0 2985
0 681
0 9283
0 8551
0 9927
0 4066
0 1202
0 3229
0 4404
0 8043
0 1097
0 8918
0 9
0 2827
0 1614
0 8083
0 3641
0 2104
0 3693
0 1674
0 2192
0 3648
0 9019
0 567
0 8701
0 1557
0 1053
0 7906
0 4352
0 2215
0 8550
0 2940
0 1847
0 8448
0 8587
0 557
0 9831
0 8154
0 9140
0 9336
0 4014
0 8205
0 8356
0 2943
0 8372
0 7933
0 1604
0 3179
0 3107
0 3385
0 1623
0 9454
0 326
0 2609
0 2410
0 2676
0 9333
0 95
0 2752
0 761
0 8750
0 2763
0 1245
0 8841
0 1457
0 2138
0 3042
0 3028
0 8098
0 2714
0 8258
0 1032
0 3522
0 1996
0 1470
0 1634
0 8847
0 2411
0 3795
0 1999
0 310
0 625
0 2636
0 8156
0 3996
0 8464
0 2517
0 8138
0 303
0 8532
0 9328
0 3232
0 9339
0 1671
0 2509
0 1450
0 272
0 2666
0 3662
0 4433
0 2054
0 1251
0 8413
0 8316
0 122
0 9546
0 3647
0 2120
0 8941
0 8822
0 312
0 4068
0 1693
0 3024
0 9837
0 3942
0 9578
0 1191
0 7835
0 3723
0 3109
0 338
0 2642
0 9507
0 8484
0 3067
0 2047
0 9211
0 2287
0 8319
0 7990
0 9473
0 1365
0 4357
0 9979
0 8916
0 204
0 2709
0 1740
0 3002
0 8554
0 3033
0 9962
0 3960
0 971
0 8148
0 446
0 8791
0 3214
0 8341
0 2893
0 4569
0 2202
0 425
0 368
0 1290
0 7865
0 2042
0 3032
0 1889
0 496
0 9417
0 648
0 8143
0 2494
0 1366
0 7941
0 8211
0 3119
0 1656
0 8976
0 9249
0 9767
0 690
0 9708
0 8259
0 2527
0 1862
0 3138
0 1088
0 9078
0 9566
0 9455
0 1120
0 1958
0 9641
0 8783
0 8683
0 4304
0 8696
0 1928
0 1998
0 36
0 8064
0 596
0 704
0 9833
0 1611
0 1393
0 2196
0 3786
0 8131
0 7788
0 4201
0 7886
0 3703
0 242
0 3444
0 3717
0 9156
0 9182
0 2266
0 784
0 4302
0 8969
0 3125
0 1509
0 8117
0 1948
0 7890
0 2319
0 1824
0 8776
0 1058
0 3910
0 4000
0 2036
0 4603
0 650
0 1626
0 4183
0 3537
0 2282
0 9514
0 1631
0 2989
0 4277
0 337
0 553
0 9826
0 3158
0 7803
0 9289
0 1250
0 4118
0 31
0 3736
0 8984
0 1708
0 1556
0 3161
0 3363
0 3605
0 8592
0 9296
0 8962
0 8736
0 7989
0 1633
0 88
0 3644
0 4536
0 3747
0 3559
0 8527
0 25
0 9206
0 1721
0 3947
0 280
0 1081
0 1883
0 2777
0 4488
0 1582
0 3731
0 1763
0 2918
0 8161
0 1867
0 1
0 923
0 2830
0 9492
0 2974
0 8637
0 586
0 7923
0 8151
0 2920
0 375
0 9627
0 7698
0 9502
0 1151
0 9781
0 9285
0 8345
0 655
0 3089
0 3450
0 3687
0 515
0 2965
0 9707
0 7892
0 42
0 8164
0 3117
0 3190
0 8174
0 8539
0 1141
0 8500
0 1103
0 2828
0 534
0 1299
0 8230
0 4133
0 374
0 8142
0 3842
0 857
0 3869
0 4254
0 3645
0 8124
0 9364
0 3758
0 8076
0 7806
0 2899
0 9316
0 9448
0 1169
0 9131
0 9092
0 3724
0 2907
0 3542
0 150
0 2073
0 3438
0 8575
0 8081
0 3597
0 2137
0 2072
0 8411
0 1387
0 3748
0 8889
0 4125
0 4566
0 4482
0 2051
0 3365
0 1856
0 7819
0 4434
0 3704
0 3454
0 1925
0 2224
0 194
0 8449
0 9842
0 2702
0 3276
0 1707
0 4465
0 2193
0 9844
0 751
0 9178
0 1931
0 4228
0 7939
0 4495
0 8790
0 7793
0 9577
0 313
0 7834
0 8197
0 840
0 2296
0 955
0 3414
0 9557
0 9055
0 2577
0 1865
0 2539
0 1295
0 1988
0 2100
0 7810
0 4344
0 2766
0 8389
0 4289
0 8784
0 288
0 9569
0 4182
0 27
0 2351
0 3175
0 8446
0 2241
0 9737
0 2020
0 2250
0 9099
0 1130
0 4050
0 3370
0 961
0 3720
0 4206
0 8132
0 3664
0 9357
0 8959
0 3530
0 1115
0 3085
0 8512
0 2590
0 1107
0 2505
0 9489
0 2953
0 9385
0 2802
0 1253
0 1288
0 9293
0 9928
0 627
0 83
0 3743
0 1061
0 7856
0 8157
0 8881
0 9445
0 4148
0 8385
0 9415
0 1323
0 2441
0 3309
0 3574
0 1492
0 9659
0 9097
0 3221
0 8854
0 9785
0 3349
0 1702
0 1622
0 2740
0 2508
0 4074
0 9273
0 3265
0 8875
0 7999
0 9932
0 2548
0 445
0 3933
0 9367
0 16
0 4538
0 9809
0 9754
0 7807
0 9516
0 770
0 897
0 9043
0 3290
0 2300
0 615
0 1447
0 123
0 1715
0 9096
0 9890
0 8278
0 1894
0 3111
0 149
0 2477
0 9009
0 3991
0 8427
0 9147
0 45
0 1434
0 8561
0 1701
0 3913
0 9093
0 8349
0 1280
0 8303
0 7725
0 1625
0 3231
0 1265
0 9068
0 2219
0 8596
0 3274
0 8996
0 8804
0 1071
0 4037
0 178
0 1576
0 8119
0 352
0 3496
0 4164
0 3787
0 710
0 9887
0 664
0 1919
0 1354
0 8236
0 2670
0 9135
0 9663
0 1236
0 1750
0 7973
0 2948
0 155
0 2391
0 126
0 9422
0 2001
0 4088
0 1621
0 7840
0 643
0 9825
0 9176
0 1737
0 8902
0 963
0 4071
0 916
0 9047
0 3347
0 1145
0 852
0 8368
0 7700
0 351
0 384
0 9664
0 3862
0 4096
0 8255
0 1060
0 1113
0 1782
0 3633
0 3654
0 8447
0 9937
0 2671
0 8805
0 2909
0 9133
0 4301
0 8438
0 2622
0 8182
0 9457
0 7889
0 828
0 2039
0 2760
0 3127
0 1638
0 1429
0 2479
0 834
0 443
0 523
0 3652
0 3193
0 4137
0 8567
0 3415
0 2355
0 2956
0 1869
0 1843
0 4594
0 3880
0 2207
0 152
0 9506
0 9743
0 845
0 2627
0 8199
0 9165
0 4194
0 354
0 7843
0 1752
0 4369
0 8582
0 3949
0 966
0 541
0 2254
0 249
0 1687
0 3058
0 4202
0 304
0 3732
0 390
0 8052
0 8270
0 468
0 8333
0 8866
0 1028
0 2848
0 9930
0 3397
0 9603
0 4038
0 2668
0 4525
0 1949
0 937
0 2061
0 1293
0 7795
0 2267
0 1223
0 8678
0 3524
0 8326
0 2617
0 3582
0 8945
0 2079
0 3709
0 8670
0 1732
0 2672
0 550
0 1896
0 936
0 451
0 4314
0 7860
0 1177
0 1442
0 9137
0 698
0 1741
0 8979
0 2960
0 8851
0 7977
0 4083
0 3698
0 3798
0 9207
0 1504
0 3460
0 2115
0 2641
0 8134
0 2776
0 2875
0 4152
0 8112
0 2675
0 8074
0 9977
0 7767
0 4593
0 8480
0 9853
0 8430
0 3233
0 8711
0 9533
0 8960
0 7986
0 1954
0 590
0 439
0 646
0 9575
0 3124
0 2738
0 2002
0 2313
0 8768
0 825
0 1030
0 9160
0 2056
0 733
0 1773
0 8681
0 201
0 8029
0 1679
0 3801
0 3266
0 967
0 3766
0 2048
0 986
0 3375
0 2691
0 9014
0 9637
0 3054
0 4392
0 1419
0 8444
0 2902
0 1639
0 348
0 1511
0 252
0 314
0 8075
0 800
0 1583
0 631
0 998
0 3782
0 1007
0 458
0 7808
0 893
0 9938
0 2374
0 9003
0 4005
0 3096
0 3541
0 82
0 2510
0 3498
0 1510
0 9052
0 1175
0 8339
0 7836
0 8210
0 3948
0 1857
0 9323
0 4307
0 435
0 355
0 1538
0 3715
0 3901
0 1681
0 1895
0 768
0 8281
0 4554
0 4308
0 2656
0 9030
0 7695
0 3293
0 9570
0 2097
0 135
0 266
0 3047
0 2429
0 9678
0 9885
0 4113
0 9624
0 4020
0 3653
0 3821
0 8130
0 1503
0 1813
0 2297
0 8128
0 1722
0 8145
0 2980
0 1560
0 8146
0 3280
0 3989
0 8721
0 695
0 1494
0 4291
0 1158
0 2513
0 3835
0 2205
0 1341
0 9539
0 3637
0 1317
0 1532
0 906
0 7771
0 4544
0 483
0 762
0 507
0 117
0 1137
0 4028
0 2259
0 8547
0 8641
0 1561
0 3292
0 7876
0 3836
0 1913
0 1775
0 1207
0 92
0 4376
0 9458
0 3279
0 8274
0 1658
0 9996
0 9947
0 2194
0 3430
0 934
0 2518
0 3545
0 9239
0 9972
0 2004
0 4503
0 3843
0 402
0 3622
0 3875
0 3540
0 1904
0 335
0 7746
0 9090
0 3411
0 2028
0 1880
0 9907
0 504
0 4507
0 9225
0 9276
0 8382
0 3352
0 2652
0 1892
0 535
0 9441
0 3675
0 2181
0 9048
0 1549
0 9524
0 623
0 9560
0 8779
0 2167
0 8516
0 1073
0 960
0 2633
0 8388
0 4240
0 1553
0 9757
0 9793
0 3577
0 794
0 419
0 1194
0 4351
0 4029
0 539
0 776
0 274
0 2397
0 1647
0 1038
0 9775
0 9198
0 9413
0 9679
0 9356
0 722
0 8106
0 8431
0 1275
0 8414
0 1854
0 2550
0 165
0 1406
0 2099
0 7754
0 8338
0 1606
0 2216
0 4336
0 8604
0 714
0 9588
0 3716
0 9997
0 73
0 7909
0 587
0 2133
0 7851
0 1337
0 8553
0 1139
0 651
0 1665
0 4270
0 9564
0 3407
0 3130
0 9126
0 128
0 1575
0 7838
0 2555
0 3126
0 746
0 8381
0 2650
0 112
0 2637
0 7693
0 8231
0 4024
0 4033
0 2237
0 9183
0 46
0 8819
0 4348
0 755
0 1720
0 1689
0 3500
0 1204
0 11
0 7779
0 3339
0 4418
0 9319
0 629
0 4112
0 1842
0 7816
0 8569
0 9275
0 4079
0 8452
0 3738
0 1430
0 4055
0 4562
0 1871
0 2798
0 1829
0 1918
0 8110
0 8876
0 1972
0 8654
0 4306
0 8651
0 3379
0 3090
0 3465
0 7997
0 9331
0 3015
0 9152
0 9801
0 2524
0 9550
0 9141
0 7970
0 72
0 9041
0 2812
0 4191
0 9735
0 3754
0 4353
0 2708
0 449
0 677
0 2445
0 630
0 558
0 9543
0 3207
0 1154
0 8659
0 382
0 4075
0 2244
0 436
0 2221
0 7866
0 2304
0 1601
0 628
0 9173
0 974
0 7750
0 607
0 9388
0 1525
0 4205
0 3017
0 2822
0 9518
0 3607
0 8795
0 2129
0 9536
0 8412
0 2145
0 262
0 9503
0 7776
0 358
0 2446
0 3010
0 9605
0 3459
0 1827
0 4349
0 9203
0 9383
0 9523
0 1217
0 1076
0 1110
0 4035
0 7687
0 9511
0 2880
0 8213
0 125
0 7740
0 1212
0 8873
0 1672
0 3377
0 3612
0 8483
0 3481
0 3741
0 9309
0 2567
0 3740
0 139
0 8038
0 7894
0 647
0 8815
0 4501
0 3245
0 896
0 3923
0 8975
0 1477
0 2462
0 286
0 4106
0 8660
0 8914
0 9779
0 8311
0 29
0 9456
0 200
0 1759
0 2321
0 1070
0 8528
0 8310
0 8
0 1309
0 1460
0 3334
0 4547
0 8096
0 775
0 1000
0 1587
0 9722
0 653
0 1243
0 9914
0 742
0 3635
0 8433
0 7729
0 3922
0 673
0 8021
0 1001
0 8073
0 9021
0 9284
0 3358
0 748
0 3565
0 8320
0 9789
0 1699
0 4511
0 8823
0 8432
0 4358
0 282
0 8396
0 3697
0 7697
0 9705
0 993
0 576
0 8395
0 4366
0 1157
0 3070
0 697
0 2683
0 479
0 560
0 3453
0 8024
0 3656
0 2531
0 1093
0 1008
0 8777
0 3866
0 1422
0 2400
0 9681
0 9329
0 2199
0 1355
0 4354
0 637
0 2085
0 2149
0 7762
0 1899
0 9269
0 8039
0 1552
0 3474
0 1062
0 1845
0 1218
0 7891
0 2469
0 4448
0 3132
0 876
0 8956
0 362
0 3613
0 8033
0 2818
0 8757
0 8234
0 2852
0 4062
0 4211
0 4213
0 243
0 8323
0 2165
0 3714
0 7935
0 8537
0 3908
0 8884
0 3885
0 9662
0 2315
0 9771
0 1128
0 8239
0 9774
0 2871
0 999
0 4077
0 3900
0 8746
0 8599
0 699
0 3480
0 2619
0 3369
0 889
0 2523
0 3043
0 4504
0 2947
0 635
0 2736
0 3003
0 841
0 3837
0 588
0 1850
0 9072
0 3666
0 9447
0 2753
0 9834
0 8623
0 4368
0 9696
0 9240
0 2484
0 9651
0 9931
0 9294
0 2783
0 8313
0 3701
0 4399
0 185
0 3593
0 3150
0 1428
0 4405
0 1116
0 1808
0 7842
0 4579
0 2146
0 3261
0 4119
0 8007
0 9904
0 2346
0 9695
0 9893
0 1282
0 4375
0 2381
0 2764
0 3539
0 8946
0 9744
0 9154
0 9611
0 2029
0 1263
0 572
0 3041
0 2396
0 376
0 1967
0 8688
0 9347
0 2426
0 502
0 2648
0 4181
0 1772
0 8570
0 9302
0 2876
0 7798
0 3007
0 3206
0 4377
0 3783
0 1371
0 3021
0 2449
0 3902
0 1256
0 788
0 3873
0 1397
0 2253
0 2926
0 9163
0 60
0 542
0 8649
0 9098
0 8008
0 2824
0 2455
0 2921
0 1059
0 8158
0 383
0 9067
0 3192
0 4259
0 1994
0 232
0 1279
0 8793
0 3159
0 9813
0 8244
0 8466
0 8689
0 8012
0 8905
0 9148
0 1562
0 3422
0 4256
0 1368
0 7681
0 8958
0 267
0 3515
0 9153
0 4462
0 8640
0 4444
0 4436
0 2804
0 8047
0 4170
0 8944
1 7661
1 5331
1 6304
1 5485
1 5156
1 4845
1 6266
1 7578
1 7358
1 6647
1 7429
1 5353
1 4925
1 7137
1 5330
1 5774
1 7246
1 6262
1 7650
1 5684
1 6060
1 7362
1 5044
1 6493
1 5446
1 5544
1 5127
1 6152
1 6997
1 6575
1 5245
1 4974
1 5504
1 7222
1 5861
1 6944
1 4736
1 5408
1 6286
1 5153
1 6389
1 4817
1 5143
1 6988
1 6589
1 5048
1 5813
1 4847
1 5702
1 5810
1 5009
1 5423
1 7502
1 6227
1 4990
1 5198
1 4657
1 4665
1 7449
1 7165
1 5233
1 6527
1 5064
1 7473
1 4804
1 6157
1 7351
1 5604
1 6661
1 6637
1 7538
1 6280
1 6818
1 5301
1 7332
1 7624
1 5984
1 6409
1 6711
1 5537
1 4760
1 6685
1 4827
1 5687
1 6376
1 6500
1 7370
1 4953
1 5590
1 5867
1 6829
1 4807
1 5806
1 5278
1 6277
1 7547
1 5466
1 5717
1 6538
1 6894
1 6910
1 6998
1 5180
1 6541
1 6457
1 7148
1 6048
1 5509
1 7059
1 7425
1 6320
1 6288
1 5680
1 5721
1 7671
1 4741
1 4853
1 5081
1 5706
1 5445
1 7015
1 7182
1 6878
1 5231
1 7096
1 5307
1 5072
1 6065
1 5802
1 5165
1 5024
1 6125
1 5730
1 6514
1 6408
1 6627
1 5292
1 7551
1 6455
1 5420
1 7293
1 5676
1 7188
1 7122
1 7140
1 4826
1 6667
1 7284
1 4634
1 6895
1 6050
1 5417
1 6259
1 6055
1 6494
1 5621
1 6688
1 6632
1 6905
1 7181
1 5488
1 4722
1 7533
1 5508
1 6434
1 6223
1 7576
1 5924
1 4783
1 7278
1 6872
1 6004
1 6906
1 6186
1 7336
1 6518
1 6253
1 7009
1 5289
1 5716
1 7077
1 6488
1 6099
1 7644
1 6283
1 7154
1 6919
1 6141
1 5505
1 4719
1 6440
1 5125
1 5980
1 6665
1 7642
1 5213
1 4868
1 5896
1 4794
1 5885
1 6379
1 6984
1 5873
1 5465
1 4880
1 6383
1 7535
1 5955
1 7419
1 6032
1 7205
1 5658
1 6832
1 4682
1 7595
1 6369
1 5693
1 5152
1 5965
1 7032
1 6198
1 7418
1 6722
1 5494
1 4999
1 7469
1 5360
1 5683
1 4855
1 6625
1 7464
1 6880
1 6367
1 6483
1 7227
1 7317
1 4768
1 7366
1 6567
1 6329
1 6999
1 4921
1 7174
1 4787
1 6043
1 5070
1 6275
1 7625
1 6693
1 5071
1 5916
1 5209
1 6726
1 7202
1 6615
1 7169
1 6533
1 5689
1 5502
1 5781
1 4664
1 4897
1 6677
1 5119
1 5280
1 7367
1 6741
1 4901
1 4612
1 6029
1 6901
1 4846
1 5576
1 7295
1 6752
1 6126
1 6156
1 7055
1 4894
1 5609
1 7348
1 6110
1 5103
1 7191
1 5715
1 4832
1 5750
1 6747
1 7143
1 5703
1 7220
1 5696
1 6316
1 5075
1 6810
1 6801
1 7561
1 6859
1 5911
1 6924
1 7588
1 6808
1 7301
1 5606
1 4849
1 5879
1 6197
1 5211
1 5309
1 4774
1 6195
1 4678
1 7106
1 6392
1 5944
1 5788
1 5804
1 6382
1 6996
1 6451
1 5901
1 6022
1 5473
1 6220
1 6183
1 7408
1 6842
1 4940
1 7034
1 6593
1 6431
1 4684
1 7581
1 6441
1 4646
1 6601
1 4856
1 6609
1 7592
1 5792
1 6489
1 5512
1 7522
1 5800
1 5805
1 7092
1 6690
1 5041
1 6422
1 5479
1 6081
1 5065
1 5845
1 6942
1 7589
1 5705
1 5586
1 5822
1 6063
1 7158
1 6176
1 6590
1 4625
1 7416
1 6205
1 5819
1 6264
1 6714
1 7674
1 6203
1 7141
1 5214
1 6007
1 6821
1 6526
1 5389
1 6616
1 7647
1 6444
1 6083
1 6592
1 6119
1 6456
1 5928
1 5581
1 7257
1 4810
1 6044
1 6005
1 6854
1 5540
1 6412
1 4685
1 6717
1 6328
1 5401
1 6917
1 7600
1 7075
1 6479
1 7439
1 7457
1 7146
1 6163
1 6660
1 6694
1 6532
1 7311
1 6287
1 6650
1 7516
1 5820
1 5714
1 6145
1 7230
1 6879
1 7184
1 5900
1 5132
1 5848
1 6133
1 7494
1 5089
1 5105
1 4706
1 7179
1 5519
1 6745
1 6357
1 5295
1 5529
1 7204
1 6148
1 7495
1 6659
1 4708
1 5393
1 6686
1 6049
1 5091
1 7269
1 7066
1 5842
1 4667
1 6174
1 6341
1 5108
1 4812
1 5895
1 5237
1 5467
1 5733
1 7036
1 4642
1 6983
1 5966
1 6014
1 7173
1 7656
1 6936
1 7638
1 6833
1 7283
1 5574
1 7657
1 7098
1 7613
1 6605
1 6946
1 6492
1 6506
1 5450
1 6546
1 4820
1 5905
1 5480
1 6114
1 4971
1 7493
1 4757
1 6926
1 6586
1 6884
1 5043
1 7097
1 6792
1 5520
1 7510
1 7163
1 6921
1 5631
1 4651
1 6939
1 6274
1 5409
1 6297
1 6168
1 6013
1 5243
1 5239
1 6635
1 5876
1 4649
1 7041
1 5002
1 4688
1 4694
1 4796
1 5314
1 5476
1 5601
1 7326
1 4622
1 5949
1 4998
1 5234
1 7626
1 5678
1 7453
1 4857
1 5637
1 4946
1 6920
1 5475
1 6812
1 7525
1 6720
1 5517
1 5498
1 6103
1 7499
1 5318
1 4662
1 4639
1 7475
1 5827
1 5368
1 7472
1 6938
1 5847
1 4973
1 7114
1 7053
1 4699
1 5232
1 6845
1 5754
1 6847
1 7526
1 6109
1 4723
1 5648
1 5337
1 6159
1 7352
1 5735
1 5775
1 7054
1 4861
1 5771
1 6018
1 6073
1 6572
1 5814
1 5010
1 7623
1 6782
1 6071
1 7357
1 4813
1 5012
1 5261
1 6294
1 7316
1 7585
1 4900
1 4700
1 7168
1 7411
1 7251
1 6918
1 5362
1 5927
1 5230
1 6271
1 7542
1 7125
1 7496
1 4955
1 4785
1 7353
1 5023
1 7481
1 7527
1 5052
1 5736
1 5596
1 5553
1 6849
1 7628
1 5828
1 5080
1 6643
1 7540
1 6026
1 7047
1 5832
1 6570
1 4629
1 6733
1 7444
1 6011
1 7479
1 6436
1 4637
1 5579
1 6214
1 5640
1 5773
1 5894
1 7008
1 5398
1 5017
1 5310
1 6915
1 7166
1 6437
1 5866
1 5028
1 4930
1 4672
1 5653
1 7267
1 4892
1 6624
1 6038
1 5941
1 6958
1 6155
1 7309
1 4765
1 6354
1 7000
1 4730
1 5068
1 5737
1 6365
1 6225
1 7456
1 4912
1 6826
1 5104
1 6047
1 7618
1 6502
1 5469
1 7378
1 6269
1 6816
1 6194
1 6368
1 5838
1 5692
1 6511
1 6318
1 6247
1 6474
1 5329
1 7070
1 6985
1 7285
1 5671
1 6876
1 6862
1 7643
1 4876
1 6689
1 5991
1 7590
1 6861
1 7447
1 6770
1 6020
1 5252
1 6914
1 5387
1 5711
1 5935
1 5300
1 6735
1 7633
1 7575
1 6657
1 6727
1 5835
1 6943
1 5416
1 6093
1 4803
1 7245
1 4944
1 6244
1 5086
1 7504
1 6387
1 6305
1 6888
1 7572
1 5016
1 7636
1 7468
1 7463
1 6737
1 5626
1 4680
1 6040
1 6940
1 4617
1 6085
1 6664
1 5333
1 4718
1 7268
1 6520
1 5221
1 5709
1 7108
1 5972
1 5907
1 5588
1 6889
1 6743
1 4889
1 4918
1 7330
1 4614
1 7260
1 5085
1 7536
1 6094
1 5274
1 6234
1 5726
1 5634
1 6803
1 6613
1 6683
1 7360
1 7088
1 7258
1 5339
1 7201
1 4697
1 4800
1 4937
1 5729
1 6443
1 7414
1 6074
1 7313
1 6102
1 5670
1 5755
1 5164
1 5038
1 5262
1 5159
1 6817
1 7603
1 6477
1 5939
1 4837
1 6721
1 7506
1 6150
1 5471
1 7614
1 7406
1 5094
1 6139
1 4904
1 5258
1 7237
1 4686
1 5510
1 5374
1 5377
1 7610
1 5798
1 7594
1 7474
1 5370
1 4753
1 6840
1 6169
1 5163
1 6154
1 7253
1 6466
1 6935
1 7025
1 5286
1 5661
1 5647
1 4839
1 6965
1 6340
1 5462
1 4679
1 4641
1 5284
1 5386
1 7288
1 7673
1 6260
1 7354
1 5184
1 6542
1 7373
1 5138
1 6019
1 5297
1 6362
1 7573
1 4626
1 6284
1 7392
1 4969
1 5915
1 6302
1 7667
1 7040
1 5087
1 5925
1 6335
1 7152
1 5061
1 6188
1 5190
1 7310
1 5630
1 5135
1 6278
1 6805
1 5317
1 6967
1 7003
1 6380
1 6452
1 5536
1 5929
1 7524
1 5176
1 5303
1 5430
1 6797
1 5833
1 7570
1 6324
1 4709
1 6978
1 7467
1 5555
1 5400
1 4618
1 6435
1 5840
1 5145
1 7273
1 5869
1 7219
1 5958
1 5677
1 5146
1 5662
1 7276
1 6674
1 5598
1 5384
1 5768
1 6058
1 5099
1 6403
1 7061
1 7043
1 6281
1 6886
1 6097
1 5950
1 6957
1 6800
1 4775
1 4958
1 6807
1 6406
1 7282
1 6881
1 7170
1 6366
1 5852
1 5413
1 6246
1 5335
1 6413
1 6243
1 7050
1 5220
1 6523
1 5681
1 7259
1 7243
1 7218
1 7436
1 6349
1 6232
1 5263
1 5055
1 7026
1 7454
1 7279
1 6746
1 5887
1 7229
1 6024
1 6251
1 5556
1 5345
1 6359
1 6343
1 5448
1 5589
1 5425
1 7583
1 7080
1 5559
1 5298
1 4687
1 6091
1 6036
1 6937
1 6507
1 5853
1 5415
1 4726
1 6528
1 4767
1 4659
1 6430
1 4961
1 5526
1 6241
1 7308
1 6814
1 5095
1 6095
1 6648
1 7485
1 6131
1 7565
1 5996
1 6122
1 5459
1 6941
1 7235
1 6644
1 7424
1 4648
1 5635
1 4693
1 5404
1 5361
1 6360
1 7194
1 7200
1 5622
1 5786
1 7338
1 5549
1 4914
1 5451
1 5158
1 5453
1 6932
1 5150
1 5639
1 7017
1 6691
1 4635
1 4850
1 4732
1 5688
1 5987
1 4865
1 7632
1 5728
1 7256
1 7442
1 6866
1 5037
1 5380
1 6853
1 6598
1 5891
1 7549
1 5383
1 6303
1 5388
1 5952
1 6388
1 6576
1 6579
1 7634
1 4919
1 5359
1 7012
1 5161
1 7240
1 6870
1 6211
1 6769
1 6432
1 5120
1 4781
1 7361
1 5291
1 7577
1 7569
1 4831
1 6008
1 5397
1 6373
1 5366
1 6899
1 6892
1 4844
1 5006
1 5253
1 6384
1 6105
1 6994
1 6301
1 6107
1 5563
1 4887
1 4981
1 6442
1 4705
1 5518
1 5129
1 7052
1 7459
1 5765
1 6010
1 6603
1 6581
1 7281
1 4710
1 6353
1 6306
1 6585
1 6525
1 4727
1 5592
1 5922
1 6212
1 6846
1 7323
1 6704
1 5020
1 7553
1 5919
1 5109
1 5200
1 6270
1 6554
1 5685
1 5561
1 5013
1 6207
1 7007
1 6806
1 6811
1 5744
1 5373
1 6089
1 4945
1 4650
1 6372
1 5101
1 6900
1 6134
1 6315
1 5283
1 4941
1 7448
1 6830
1 5699
1 5489
1 6378
1 7546
1 6185
1 5181
1 6439
1 5363
1 5212
1 5355
1 7056
1 4988
1 5281
1 5830
1 4632
1 5117
1 6347
1 6760
1 7635
1 5710
1 6108
1 7180
1 4948
1 7252
1 6268
1 5463
1 7023
1 7487
1 7334
1 7344
1 7209
1 7073
1 7434
1 6858
1 4943
1 6713
1 4882
1 6118
1 5050
1 7266
1 4714
1 5155
1 7639
1 6090
1 5259
1 5254
1 6584
1 4936
1 7476
1 5912
1 5496
1 6724
1 7480
1 5272
1 7580
1 5242
1 6308
1 5522
1 4799
1 7315
1 7159
1 5011
1 7063
1 5610
1 5033
1 4859
1 5433
1 5560
1 6028
1 5858
1 6631
1 5201
1 4862
1 5902
1 6987
1 6768
1 6515
1 5627
1 7233
1 6556
1 7612
1 6692
1 5722
1 5801
1 7543
1 6016
1 5027
1 5824
1 7431
1 7067
1 5492
1 7144
1 6748
1 7175
1 6180
1 4829
1 6272
1 6066
1 6252
1 7616
1 6400
1 4607
1 6569
1 7596
1 4993
1 6146
1 6404
1 4797
1 6700
1 5324
1 6868
1 5743
1 4956
1 5872
1 6240
1 5226
1 6662
1 7397
1 5166
1 5267
1 6192
1 6976
1 5914
1 6323
1 4660
1 6599
1 6039
1 5690
1 6424
1 6041
1 5808
1 6970
1 6356
1 6336
1 6170
1 5623
1 4744
1 5614
1 7503
1 7324
1 5994
1 4608
1 4823
1 5582
1 7142
1 6137
1 6035
1 6078
1 5472
1 5188
1 6200
1 6843
1 6397
1 6885
1 4777
1 5956
1 7556
1 6857
1 5167
1 7113
1 5749
1 5803
1 5175
1 6577
1 6564
1 7544
1 6929
1 7208
1 6190
1 6221
1 7294
1 7455
1 6679
1 7568
1 7094
1 6877
1 4628
1 4983
1 5382
1 6033
1 6772
1 6106
1 5148
1 7072
1 6182
1 6475
1 7035
1 6358
1 5988
1 7192
1 5668
1 6753
1 5470
1 4888
1 6610
1 7263
1 6588
1 7305
1 5628
1 5954
1 5426
1 6949
1 5674
1 7038
1 7655
1 4809
1 5746
1 5551
1 5428
1 5003
1 5057
1 7333
1 5666
1 5942
1 5795
1 7630
1 4833
1 6682
1 5629
1 5182
1 7121
1 7409
1 6964
1 5308
1 6543
1 7010
1 7302
1 5344
1 6111
1 6521
1 6104
1 6402
1 6473
1 5047
1 6755
1 7346
1 6513
1 6699
1 4653
1 5727
1 7228
1 7528
1 5741
1 5865
1 7331
1 5823
1 4922
1 4923
1 6396
1 4915
1 5191
1 5874
1 6934
1 6393
1 7120
1 7384
1 5663
1 7079
1 6715
1 5975
1 5947
1 6472
1 6922
1 7652
1 6641
1 5790
1 6248
1 5276
1 5222
1 5358
1 5945
1 6706
1 4836
1 6716
1 6739
1 5565
1 7178
1 7640
1 7164
1 6663
1 4906
1 6096
1 7085
1 4867
1 4711
1 6636
1 4683
1 7508
1 5943
1 6736
1 5403
1 5734
1 5745
1 5812
1 4701
1 5758
1 5460
1 7466
1 7562
1 5046
1 5899
1 5357
1 7564
1 6612
1 7136
1 6728
1 5375
1 4645
1 7532
1 5514
1 6448
1 6086
1 5326
1 6061
1 4992
1 4966
1 5171
1 6508
1 6346
1 7185
1 6310
1 7289
1 6597
1 6121
1 6809
1 5495
1 5870
1 5322
1 6330
1 6512
1 4698
1 4801
1 6561
1 7018
1 7379
1 6143
1 6960
1 5826
1 7369
1 6788
1 6490
1 6229
1 6757
1 7608
1 4782
1 6128
1 5092
1 5235
1 5997
1 7402
1 4690
1 6952
1 6333
1 6827
1 7048
1 7153
1 5402
1 6219
1 6215
1 6762
1 6282
1 5926
1 6464
1 5141
1 7057
1 6204
1 5440
1 6237
1 6758
1 6982
1 7062
1 7427
1 6017
1 6594
1 7086
1 5032
1 7437
1 4913
1 5978
1 7193
1 6992
1 7171
1 6165
1 4805
1 5882
1 6160
1 7435
1 5612
1 5646
1 6462
1 5452
1 7216
1 7518
1 5856
1 4656
1 4863
1 6184
1 4935
1 6596
1 7550
1 5100
1 7557
1 7134
1 5957
1 6129
1 7186
1 5904
1 7297
1 6778
1 6352
1 7328
1 5351
1 7662
1 5063
1 5054
1 6331
1 7151
1 5441
1 7678
1 5846
1 4752
1 7296
1 4926
1 6405
1 5655
1 4899
1 5225
1 4627
1 7376
1 6774
1 7325
1 5783
1 6669
1 4692
1 4631
1 7515
1 5652
1 5986
1 6729
1 5248
1 6031
1 5348
1 6450
1 5913
1 6471
1 7554
1 7127
1 7343
1 7505
1 7400
1 7471
1 5780
1 6350
1 7319
1 6075
1 5084
1 6216
1 5439
1 6791
1 5133
1 6173
1 4834
1 4858
1 5491
1 7102
1 5573
1 5018
1 7566
1 6618
1 5779
1 6823
1 5304
1 6875
1 4838
1 6972
1 6953
1 5371
1 7247
1 6898
1 4821
1 5107
1 5983
1 4979
1 6675
1 5321
1 7675
1 6445
1 4638
1 6629
1 7198
1 4843
1 6671
1 7033
1 7498
1 5172
1 5123
1 4670
1 6009
1 6793
1 4852
1 5005
1 4769
1 5651
1 6695
1 7385
1 5724
1 5026
1 5455
1 6446
1 5977
1 5568
1 6776
1 5921
1 4954
1 6242
1 4871
1 5110
1 4743
1 7221
1 4874
1 5825
1 6756
1 6261
1 5342
1 7078
1 5930
1 6045
1 7126
1 4658
1 7093
1 6651
1 6257
1 4816
1 6127
1 5667
1 6838
1 7599
1 6828
1 7609
1 5963
1 7410
1 4814
1 6547
1 6887
1 7513
1 5883
1 7234
1 6882
1 6606
1 6361
1 5302
1 7462
1 5007
1 7597
1 6224
1 5557
1 6497
1 5967
1 7065
1 5122
1 5643
1 5040
1 5888
1 6796
1 7654
1 4860
1 4884
1 5320
1 6054
1 4746
1 5515
1 6783
1 5794
1 4929
1 5343
1 7663
1 4640
1 7451
1 5364
1 6705
1 5325
1 5974
1 5435
1 6968
1 7241
1 7530
1 7629
1 7274
1 5275
1 5053
1 6206
1 5436
1 7579
1 4989
1 7264
1 4982
1 5642
1 4934
1 7428
1 5195
1 7509
1 7280
1 7299
1 5035
1 7531
1 6912
1 6642
1 7020
1 4835
1 4907
1 4748
1 7511
1 6023
1 7380
1 6084
1 7028
1 6191
1 6626
1 6822
1 4960
1 7117
1 6587
1 7430
1 5933
1 5850
1 6751
1 5203
1 7541
1 6517
1 7381
1 5186
1 7287
1 6334
1 7399
1 5731
1 7225
1 4890
1 7271
1 6062
1 5098
1 6789
1 7292
1 4959
1 6401
1 5603
1 6790
1 5701
1 6516
1 4784
1 5421
1 7119
1 4737
1 7197
1 7620
1 4893
1 7132
1 4733
1 7492
1 5669
1 6763
1 6161
1 6566
1 5673
1 6313
1 7239
1 7363
1 6824
1 6646
1 6765
1 5909
1 4841
1 5558
1 6681
1 5535
1 6591
1 4972
1 6754
1 5431
1 7147
1 6307
1 5968
1 5411
1 5208
1 5031
1 6761
1 5422
1 4995
1 5837
1 7130
1 4661
1 5507
1 6565
1 5998
1 5282
1 7482
1 5993
1 7345
1 6537
1 5349
1 7607
1 6672
1 5083
1 6428
1 5908
1 6327
1 5854
1 5118
1 7587
1 7001
1 5789
1 6496
1 5881
1 5796
1 4636
1 7637
1 5137
1 7058
1 7602
1 6851
1 5650
1 5022
1 4713
1 7432
1 6850
1 7483
1 5144
1 5897
1 4771
1 5093
1 6835
1 6292
1 5937
1 6178
1 7356
1 6465
1 7340
1 5752
1 5067
1 5817
1 6574
1 5157
1 7460
1 5976
1 6867
1 5169
1 7517
1 7118
1 7286
1 6802
1 4691
1 6189
1 4742
1 6172
1 6623
1 5539
1 7660
1 6398
1 7387
1 6764
1 4910
1 6645
1 4780
1 5855
1 7393
1 7395
1 7306
1 7250
1 6871
1 7242
1 5456
1 6993
1 4902
1 5458
1 6954
1 6864
1 4759
1 7574
1 4987
1 5090
1 7341
1 5255
1 5266
1 5793
1 5534
1 4963
1 5106
1 7190
1 6230
1 4933
1 7649
1 4674
1 4620
1 6467
1 6928
1 5385
1 7452
1 6519
1 7672
1 5270
1 4881
1 5365
1 5437
1 5247
1 5251
1 6933
1 7082
1 5695
1 5285
1 5742
1 6374
1 5116
1 7019
1 4755
1 6628
1 6903
1 5136
1 7133
1 5114
1 5418
1 6971
1 5859
1 7110
1 6558
1 6916
1 5287
1 5073
1 6580
1 6863
1 7196
1 4739
1 5764
1 5898
1 6115
1 5860
1 4798
1 5982
1 4950
1 7203
1 6484
1 5000
1 7489
1 7099
1 5747
1 6725
1 6420
1 5992
1 5934
1 6263
1 6780
1 6529
1 6199
1 6068
1 5791
1 5777
1 5474
1 7049
1 5173
1 6460
1 6837
1 5960
1 4808
1 4615
1 4644
1 6416
1 6505
1 6069
1 6911
1 4707
1 7521
1 7375
1 5227
1 6415
1 5271
1 7666
1 6676
1 5569
1 5049
1 6977
1 5004
1 5757
1 4825
1 6067
1 5644
1 5583
1 6256
1 6703
1 6718
1 7377
1 6076
1 5718
1 7111
1 7014
1 6734
1 5250
1 5185
1 5577
1 7563
1 5412
1 7145
1 6433
1 4621
1 4931
1 5564
1 5841
1 6653
1 5511
1 6927
1 5481
1 7076
1 6411
1 6969
1 5238
1 5414
1 5778
1 6319
1 5532
1 5434
1 6620
1 5341
1 7478
1 6573
1 7183
1 5454
1 5296
1 6656
1 7112
1 5884
1 4895
1 5039
1 7446
1 4772
1 7359
1 5277
1 4896
1 7374
1 4905
1 5140
1 4947
1 6345
1 6495
1 7149
1 5611
1 5257
1 6852
1 5062
1 5920
1 6364
1 6560
1 5530
1 6980
1 5490
1 6925
1 4677
1 6707
1 4824
1 7450
1 4655
1 7150
1 5493
1 6407
1 6254
1 6233
1 6046
1 7670
1 6371
1 6196
1 4702
1 6117
1 7084
1 5392
1 4873
1 5546
1 7261
1 5269
1 6539
1 4720
1 7207
1 4795
1 5665
1 6210
1 7046
1 5356
1 7029
1 5183
1 6504
1 5372
1 4747
1 6913
1 6856
1 6844
1 6255
1 7391
1 4792
1 7115
1 5906
1 7677
1 7627
1 5279
1 7303
1 6355
1 7100
1 5410
1 5444
1 5273
1 5060
1 7320
1 5115
1 5584
1 4609
1 5293
1 7372
1 5541
1 5197
1 5542
1 7401
1 7213
1 6666
1 4815
1 6786
1 7254
1 5299
1 7123
1 5550
1 7322
1 5097
1 7318
1 7101
1 7520
1 5001
1 5917
1 5405
1 7404
1 6779
1 5880
1 7042
1 6116
1 4738
1 4671
1 6604
1 7039
1 7601
1 6427
1 6314
1 5748
1 6290
1 5580
1 6950
1 5499
1 4878
1 7156
1 6981
1 4676
1 5712
1 6177
1 5903
1 5407
1 4806
1 5113
1 7491
1 7060
1 4949
1 7138
1 5151
1 5391
1 6948
1 4630
1 4773
1 5570
1 6673
1 7064
1 4909
1 6617
1 6381
1 5334
1 6463
1 7470
1 4668
1 7021
1 6487
1 5844
1 5056
1 7582
1 5102
1 5199
1 6001
1 6931
1 4938
1 4818
1 4750
1 4675
1 4975
1 7051
1 7598
1 7484
1 7248
1 6326
1 7558
1 5548
1 5468
1 7593
1 5785
1 6153
1 5461
1 7398
1 5675
1 5419
1 5739
1 5429
1 4877
1 6258
1 6002
1 6503
1 4879
1 7390
1 4886
1 6332
1 7445
1 6621
1 6338
1 5672
1 4611
1 6321
1 6568
1 5893
1 4997
1 6759
1 6869
1 6825
1 7135
1 4724
1 6238
1 5543
1 6226
1 4729
1 5174
1 4980
1 4920
1 5525
1 5962
1 5751
1 6217
1 5088
1 6995
1 6744
1 5131
1 5381
1 7586
1 7676
1 6680
1 4654
1 5708
1 5390
1 6312
1 6891
1 5538
1 6530
1 6202
1 5875
1 4851
1 5482
1 7443
1 6545
1 6394
1 5328
1 4984
1 7438
1 4864
1 5352
1 6113
1 5578
1 5142
1 7189
1 4830
1 6951
1 5931
1 6633
1 7314
1 5432
1 4932
1 6136
1 4740
1 6317
1 7176
1 7002
1 7071
1 7262
1 5112
1 7139
1 6804
1 6162
1 7074
1 5594
1 5134
1 7488
1 5527
1 6860
1 5379
1 5886
1 5892
1 5759
1 5336
1 6276
1 6339
1 4970
1 5323
1 6100
1 6534
1 5066
1 6027
1 4916
1 5516
1 7231
1 7405
1 6239
1 5740
1 5851
1 6293
1 4819
1 5700
1 5591
1 7224
1 7291
1 5256
1 7081
1 7004
1 6611
1 5760
1 7312
1 6583
1 5394
1 6848
1 5654
1 5477
1 5691
1 5918
1 6426
1 6668
1 4793
1 5776
1 5756
1 7440
1 7215
1 5600
1 4704
1 7420
1 7124
1 5599
1 6785
1 4978
1 6839
1 6531
1 7497
1 4758
1 6414
1 6025
1 5979
1 6348
1 7403
1 4652
1 4763
1 5597
1 4789
1 7027
1 6702
1 6087
1 5501
1 5217
1 5545
1 7160
1 5831
1 6712
1 4703
1 7433
1 7560
1 5616
1 7249
1 6486
1 5656
1 7604
1 4745
1 7044
1 5720
1 5249
1 5036
1 6730
1 6777
1 5210
1 5799
1 7013
1 4610
1 5319
1 6697
1 7407
1 4666
1 5449
1 5079
1 5224
1 7651
1 6037
1 5763
1 6057
1 6034
1 6454
1 6551
1 6476
1 7441
1 6820
1 6563
1 5327
1 7161
1 7206
1 5868
1 5595
1 6956
1 6130
1 7199
1 5500
1 7669
1 6562
1 6158
1 7665
1 6149
1 7321
1 6077
1 6187
1 6417
1 7024
1 7355
1 5971
1 4927
1 7426
1 5179
1 4967
1 7523
1 5215
1 5762
1 6795
1 5076
1 4951
1 6166
1 5613
1 5124
1 6164
1 5396
1 5552
1 5126
1 4725
1 7386
1 6966
1 6732
1 6101
1 5121
1 6395
1 7631
1 6536
1 5528
1 5694
1 6634
1 4717
1 6578
1 4721
1 7349
1 7617
1 7622
1 4828
1 4681
1 7658
1 6831
1 6548
1 5021
1 6082
1 4616
1 5399
1 7339
1 6784
1 5547
1 6550
1 5288
1 7534
1 7091
1 6245
1 6092
1 7103
1 5506
1 6296
1 7255
1 7458
1 6124
1 5147
1 6608
1 5019
1 7327
1 7514
1 5617
1 4957
1 5951
1 4728
1 6228
1 6098
1 6142
1 5807
1 5625
1 7371
1 6962
1 5562
1 6279
1 5981
1 6897
1 6309
1 5857
1 4712
1 6510
1 5862
1 6209
1 5218
1 5797
1 5008
1 4770
1 5077
1 4761
1 5607
1 6865
1 7396
1 7477
1 6421
1 5034
1 7177
1 6003
1 6787
1 6342
1 7490
1 6418
1 4766
1 6766
1 6079
1 7646
1 6193
1 7214
1 6923
1 5029
1 4964
1 6600
1 7621
1 6399
1 5679
1 6250
1 7648
1 6167
1 6557
1 4689
1 7668
1 5769
1 5923
1 7006
1 7412
1 4898
1 6873
1 7529
1 6478
1 4917
1 4985
1 5936
1 5948
1 6655
1 6974
1 7365
1 6218
1 6799
1 6351
1 7421
1 5486
1 7083
1 7275
1 6855
1 5638
1 6000
1 6930
1 4842
1 7131
1 6535
1 7664
1 6582
1 7270
1 7659
1 6979
1 4903
1 6132
1 7335
1 6991
1 7277
1 6698
1 5605
1 5620
1 6819
1 4756
1 5442
1 6571
1 4791
1 6042
1 6908
1 6201
1 5618
1 4991
1 6273
1 5216
1 4749
1 7342
1 5664
1 6947
1 6088
1 6622
1 5051
1 5995
1 5585
1 6322
1 5821
1 4965
1 6961
1 6595
1 6544
1 5878
1 5074
1 6138
1 4840
1 4908
1 4731
1 4872
1 7107
1 6684
1 6053
1 5058
1 5767
1 5189
1 5424
1 6794
1 6709
1 6375
1 6749
1 5571
1 7217
1 6151
1 4623
1 7539
1 6299
1 7068
1 7545
1 5953
1 6222
1 5770
1 7571
1 5316
1 6363
1 6291
1 5753
1 6955
1 5738
1 6135
1 7413
1 6236
1 5660
1 6639
1 7548
1 5645
1 4734
1 5193
1 6708
1 5192
1 5725
1 7555
1 7090
1 6059
1 5202
1 5686
1 5268
1 5160
1 6649
1 5306
1 6447
1 5707
1 6499
1 4776
1 5503
1 6370
1 7567
1 5849
1 5204
1 7382
1 5772
1 6012
1 6120
1 6468
1 5111
1 4976
1 6231
1 5228
1 6813
1 6975
1 4891
1 7300
1 7519
1 5521
1 6006
1 6482
1 5244
1 7045
1 5990
1 7552
1 4822
1 4942
1 7223
1 4663
1 5641
1 6267
1 6555
1 5194
1 5406
1 4854
1 6874
1 5513
1 5723
1 5973
1 6249
1 4977
1 7383
1 4716
1 6051
1 4778
1 5457
1 6171
1 6670
1 4994
1 7307
1 7606
1 7619
1 7022
1 4928
1 7011
1 5246
1 4624
1 5636
1 4643
1 5206
1 6337
1 7611
1 4996
1 7069
1 7095
1 5264
1 6080
1 6285
1 6815
1 7016
1 5205
1 5969
1 4673
1 6453
1 5877
1 7653
1 6112
1 6771
1 6710
1 7031
1 6607
1 6485
1 6052
1 7304
1 5531
1 7236
