0 398
0 255
0 318
0 222
0 361
0 307
0 434
0 376
0 359
0 314
0 312
0 340
0 472
0 399
0 263
0 250
0 224
0 334
0 450
0 309
0 445
0 462
0 408
0 350
0 259
0 342
0 469
0 412
0 336
0 269
0 380
0 226
0 426
0 246
0 366
0 298
0 413
0 310
0 466
0 353
0 223
0 371
0 348
0 370
0 397
0 257
0 357
0 325
0 383
0 337
0 452
0 265
0 335
0 379
0 239
0 232
0 373
0 432
0 262
0 443
0 268
0 247
0 386
0 329
0 291
0 276
0 364
0 301
0 455
0 352
0 211
0 356
0 295
0 326
0 252
0 294
0 260
0 471
0 231
0 283
0 332
0 410
0 339
0 354
0 420
0 421
0 234
0 441
0 303
0 228
0 439
0 305
0 311
0 453
0 470
0 381
0 428
0 344
0 456
0 435
0 377
0 437
0 392
0 238
0 414
0 396
0 440
0 315
0 258
0 358
0 264
0 422
0 253
0 403
0 375
0 409
0 214
0 237
0 327
0 248
0 271
0 464
0 427
0 460
0 360
0 362
0 425
0 404
0 343
0 281
0 394
0 221
0 227
0 473
0 475
0 347
0 244
0 324
0 316
0 351
0 341
0 430
0 261
0 406
0 213
0 296
0 313
0 467
0 388
0 433
0 400
0 275
0 378
0 405
0 446
0 465
0 438
0 363
0 444
0 459
0 233
0 300
0 424
0 215
0 419
0 277
0 442
0 280
0 346
0 272
0 328
0 302
0 210
0 389
0 461
0 416
0 385
0 454
0 299
0 365
0 212
0 393
0 474
0 274
0 320
0 390
0 407
0 279
0 229
0 431
0 270
0 207
0 355
0 411
0 267
0 284
0 436
0 448
0 401
0 235
0 330
0 241
0 245
0 402
0 285
0 304
0 333
0 391
0 256
0 417
0 319
0 216
0 254
0 429
0 289
0 217
0 218
0 331
0 447
0 322
0 395
0 288
0 266
0 463
0 286
0 372
0 278
0 323
0 367
0 457
0 368
0 306
0 287
0 225
0 220
0 321
0 415
0 219
0 369
0 242
0 451
0 293
1 143
1 206
1 172
1 109
1 71
1 179
1 106
1 107
1 41
1 187
1 202
1 7
1 66
1 93
1 40
1 140
1 156
1 32
1 94
1 120
1 0
1 153
1 162
1 144
1 85
1 54
1 116
1 127
1 67
1 13
1 200
1 62
1 69
1 164
1 78
1 131
1 145
1 48
1 64
1 112
1 159
1 14
1 174
1 165
1 15
1 203
1 72
1 11
1 193
1 34
1 53
1 77
1 119
1 166
1 98
1 91
1 124
1 59
1 36
1 148
1 176
1 114
1 110
1 115
1 135
1 92
1 16
1 51
1 58
1 126
1 189
1 168
1 90
1 81
1 47
1 89
1 178
1 82
1 37
1 201
1 139
1 31
1 163
1 12
1 198
1 188
1 52
1 122
1 147
1 4
1 138
1 146
1 204
1 76
1 158
1 25
1 43
1 199
1 86
1 24
1 103
1 182
1 125
1 83
1 33
1 113
1 184
1 50
1 155
1 100
1 9
1 22
1 177
1 46
1 88
1 44
1 180
1 28
1 80
1 170
1 123
1 152
1 157
1 56
1 39
1 2
1 149
1 111
1 101
1 108
1 49
1 185
1 171
1 151
1 196
1 27
1 8
1 141
1 87
1 99
1 161
1 195
1 75
1 133
1 18
1 181
1 190
1 73
1 68
1 142
1 63
1 70
1 26
1 20
1 29
1 173
1 6
1 23
1 104
1 79
1 117
1 205
1 160
1 129
1 17
1 191
1 60
1 45
1 97
1 1
1 169
1 102
1 121
1 197
1 95
1 10
1 128
1 183
1 175
1 192
1 74
1 134
1 19
1 150
1 105
1 167
