0 64
0 57
0 94
0 39
0 2
0 5
0 126
0 130
0 22
0 108
0 47
0 95
0 163
0 152
0 118
0 7
0 84
0 9
0 174
0 48
0 77
0 129
0 175
0 59
0 172
0 70
0 146
0 63
0 196
0 74
0 56
0 200
0 203
0 36
0 134
0 51
0 168
0 61
0 34
0 32
0 40
0 160
0 143
0 73
0 90
0 194
0 27
0 14
0 122
0 173
0 93
0 181
0 157
0 89
0 99
0 24
0 19
0 201
0 123
0 17
0 208
0 187
0 88
0 65
0 44
0 12
0 83
0 54
0 150
0 162
0 137
0 128
0 199
0 140
0 119
0 193
0 10
0 79
0 121
0 144
0 206
0 180
0 156
0 16
0 15
0 102
0 183
0 67
0 104
0 161
0 114
0 4
0 50
0 113
0 29
0 33
0 209
0 198
0 37
0 142
0 192
0 6
0 171
0 158
0 197
0 45
0 110
0 182
0 147
0 155
0 141
0 87
0 91
0 92
0 80
0 190
0 176
0 135
0 185
0 178
0 100
0 58
0 35
0 43
0 153
0 154
0 127
0 189
0 115
0 1
0 68
0 98
0 148
0 97
0 42
0 136
0 111
0 131
0 117
0 31
0 85
0 124
0 149
0 106
0 66
0 21
0 11
0 52
0 26
0 116
0 69
0 188
0 8
0 20
0 13
0 205
0 177
0 55
0 46
0 167
0 112
0 170
0 186
0 184
0 107
0 145
0 3
0 82
0 138
0 18
0 62
0 25
0 105
0 120
0 166
0 132
0 151
0 165
0 76
0 0
0 86
0 133
0 202
0 125
0 30
0 195
0 179
0 164
0 109
1 221
1 277
1 266
1 249
1 290
1 269
1 280
1 272
1 235
1 233
1 282
1 279
1 234
1 245
1 244
1 287
1 229
1 283
1 226
1 301
1 227
1 247
1 225
1 250
1 281
1 286
1 295
1 223
1 255
1 228
1 265
1 260
1 275
1 307
1 292
1 276
1 240
1 254
1 237
1 258
1 300
1 214
1 241
1 238
1 293
1 261
1 230
1 217
1 213
1 268
1 296
1 294
1 289
1 288
1 271
1 278
1 309
1 285
1 216
1 291
1 256
1 298
1 212
1 232
1 259
1 304
1 308
1 248
1 264
1 251
1 303
1 270
1 239
1 306
1 210
1 305
1 236
1 263
1 220
1 211
1 302
1 219
1 218
1 252
1 215
1 246
1 262
1 242
1 224
1 243
