0 610
0 752
0 861
0 902
0 1023
0 798
0 996
0 774
0 1020
0 909
0 925
0 859
0 527
0 649
0 875
0 719
0 715
0 930
0 882
0 833
0 756
0 806
0 915
0 530
0 547
0 770
0 819
0 728
0 638
0 659
0 748
0 616
0 784
0 943
0 799
0 841
0 968
0 984
0 835
0 1015
0 598
0 625
0 539
0 639
0 767
0 682
0 641
0 585
0 758
0 660
0 700
0 860
0 735
0 565
0 817
0 926
0 844
0 570
0 911
0 783
0 831
0 559
0 683
0 593
0 904
0 587
0 656
0 987
0 582
0 545
0 1034
0 608
0 613
0 901
0 869
0 976
0 601
0 826
0 924
0 541
0 736
0 630
0 765
0 978
0 631
0 1001
0 689
0 536
0 837
0 1016
0 965
0 594
0 780
0 665
0 957
0 1013
0 982
0 951
0 637
0 642
0 692
0 792
0 563
0 1019
0 543
0 677
0 937
0 709
0 1038
0 714
0 1006
0 797
0 648
0 741
0 678
0 942
0 627
0 688
0 988
0 636
0 620
0 691
0 555
0 891
0 607
0 538
0 830
0 971
0 764
0 584
0 852
0 733
0 834
0 537
0 919
0 557
0 812
0 704
0 980
0 757
0 618
0 525
0 747
0 945
0 873
0 894
0 698
0 807
0 829
0 881
0 702
0 681
0 825
0 580
0 644
0 1014
0 710
0 597
0 647
0 788
0 931
0 612
0 556
0 595
0 994
0 707
0 777
0 694
0 534
0 932
0 958
0 939
0 854
0 893
0 789
0 954
0 560
0 969
0 661
0 867
0 963
0 781
0 662
0 950
0 671
0 933
0 886
0 651
0 611
0 591
0 663
0 949
0 628
0 773
0 794
0 573
0 699
0 725
0 810
0 786
0 1028
0 528
0 938
0 947
0 577
0 961
0 1036
0 568
0 948
0 548
0 712
0 908
0 723
0 1037
0 983
0 540
0 535
0 941
0 609
0 684
0 900
0 997
0 805
0 934
0 766
0 838
0 921
0 768
0 749
0 857
0 687
0 849
0 940
0 1018
0 564
0 674
0 870
0 874
0 1032
0 668
0 726
0 646
0 890
0 848
0 776
0 529
0 575
0 604
0 966
0 544
0 1011
0 1029
0 745
0 551
0 701
0 746
0 624
0 903
0 734
0 713
0 622
0 917
0 696
0 991
0 928
0 956
0 946
0 955
0 697
0 653
0 840
0 634
0 621
0 533
0 602
0 722
0 579
0 918
0 791
0 1021
0 520
0 887
0 884
0 803
0 693
0 574
0 1004
0 729
0 599
0 645
0 993
0 986
0 1022
0 850
0 583
0 738
0 913
0 962
0 975
0 801
0 778
0 546
0 763
0 992
0 724
0 896
0 820
0 872
0 596
0 864
0 972
0 588
0 619
0 800
0 907
0 916
0 1017
0 542
0 592
0 523
0 690
0 839
0 843
0 785
0 818
0 632
0 883
0 1012
0 868
0 666
0 761
0 753
0 920
0 804
0 569
0 1010
0 672
0 1035
0 762
0 967
0 816
0 603
0 912
0 846
0 879
0 744
0 654
0 685
0 675
0 732
0 658
0 679
0 614
0 521
0 889
0 906
0 802
0 811
0 775
0 524
0 862
0 590
0 815
0 823
0 623
0 532
0 782
0 550
0 863
0 977
0 635
0 730
0 554
0 670
0 552
0 755
0 705
0 750
0 856
0 808
0 898
0 828
0 1031
0 1005
0 998
0 936
0 779
0 905
0 673
0 944
0 989
0 739
0 836
0 754
0 995
0 772
0 1003
0 740
0 643
0 964
0 953
0 657
0 1033
0 578
0 888
0 605
0 871
0 922
0 553
0 676
0 1007
0 703
0 711
0 845
0 1009
0 985
0 531
0 914
0 952
0 960
0 652
0 549
0 606
0 589
0 793
0 727
0 566
0 708
0 832
0 721
0 664
0 1030
0 910
0 880
0 795
0 809
0 572
0 771
0 742
0 716
0 581
0 990
0 979
0 876
0 1026
0 571
0 626
0 822
0 562
0 814
0 717
0 759
0 821
0 927
0 897
0 737
0 970
0 853
0 629
0 895
0 667
0 796
0 706
0 855
0 522
0 526
0 827
0 851
1 79
1 210
1 507
1 360
1 60
1 309
1 374
1 330
1 251
1 295
1 116
1 34
1 511
1 196
1 377
1 173
1 475
1 312
1 172
1 333
1 322
1 124
1 470
1 217
1 123
1 63
1 328
1 331
1 311
1 23
1 95
1 107
1 362
1 487
1 429
1 338
1 277
1 408
1 65
1 111
1 481
1 1
1 327
1 293
1 324
1 240
1 248
1 368
1 388
1 365
1 421
1 249
1 228
1 276
1 218
1 504
1 239
1 278
1 76
1 345
1 121
1 67
1 427
1 493
1 74
1 444
1 45
1 506
1 354
1 54
1 440
1 250
1 179
1 411
1 59
1 190
1 177
1 194
1 307
1 226
1 495
1 336
1 352
1 344
1 369
1 147
1 156
1 363
1 184
1 512
1 289
1 56
1 253
1 25
1 8
1 478
1 266
1 417
1 358
1 497
1 329
1 261
1 10
1 453
1 4
1 431
1 114
1 62
1 257
1 385
1 503
1 66
1 437
1 436
1 202
1 384
1 340
1 232
1 280
1 391
1 434
1 463
1 394
1 259
1 292
1 516
1 211
1 367
1 168
1 313
1 258
1 31
1 55
1 372
1 3
1 371
1 305
1 468
1 132
1 271
1 451
1 84
1 320
1 389
1 439
1 376
1 89
1 186
1 469
1 87
1 402
1 103
1 125
1 297
1 443
1 187
1 446
1 430
1 380
1 399
1 215
1 514
1 489
1 231
1 178
1 64
1 508
1 113
1 466
1 438
1 366
1 163
1 435
1 403
1 398
1 119
1 44
1 22
1 20
1 230
1 387
1 146
1 42
1 310
1 383
1 73
1 229
1 137
1 302
1 274
1 109
1 90
1 342
1 510
1 422
1 160
1 145
1 170
1 441
1 75
1 28
1 474
1 462
1 245
1 323
1 142
1 409
1 373
1 390
1 284
1 335
1 151
1 317
1 120
1 505
1 287
1 490
1 301
1 88
1 464
1 355
1 483
1 242
1 77
1 294
1 348
1 339
1 185
1 303
1 138
1 128
1 7
1 141
1 200
1 275
1 212
1 501
1 221
1 382
1 220
1 341
1 224
1 57
1 502
1 268
1 110
1 319
1 148
1 93
1 349
1 459
1 392
1 47
1 254
1 118
1 157
1 326
1 189
1 477
1 457
1 81
1 263
1 69
1 406
1 183
1 343
1 180
1 334
1 393
1 315
1 308
1 492
1 379
1 375
1 126
1 166
1 204
1 465
1 255
1 496
1 13
1 347
1 205
1 325
1 171
1 214
1 252
1 491
1 169
1 471
1 426
1 458
1 296
1 488
1 17
1 267
1 486
1 299
1 117
1 2
1 290
1 407
1 243
1 94
1 420
1 236
1 223
1 300
1 80
1 112
1 161
1 98
1 306
1 191
1 413
1 91
1 209
1 256
1 395
1 136
1 213
1 304
1 332
1 314
1 152
1 143
1 291
1 222
1 70
1 99
1 283
1 193
1 476
1 58
1 265
1 108
1 19
1 78
1 15
1 454
1 83
1 29
1 51
1 131
1 482
1 285
1 318
1 197
1 272
1 480
1 158
1 351
1 353
1 234
1 452
1 97
1 175
1 494
1 9
1 432
1 96
1 416
1 450
1 282
1 18
1 176
1 134
1 216
1 16
1 401
1 378
1 337
1 140
1 238
1 27
1 53
1 49
1 485
1 346
1 419
1 61
1 225
1 227
1 415
1 425
1 472
1 32
1 519
1 92
1 233
1 262
1 247
1 479
1 85
1 208
1 144
1 5
1 449
1 400
1 38
1 518
1 316
1 370
1 364
1 269
1 513
1 159
1 350
1 404
1 68
1 165
1 33
1 264
1 82
1 270
1 104
1 356
1 442
1 153
1 133
1 71
1 167
1 182
1 203
1 37
1 0
1 445
1 386
1 40
1 115
1 428
1 219
1 396
1 498
1 6
1 260
1 35
1 361
1 21
1 246
1 164
1 24
1 279
1 397
1 499
1 235
1 48
1 381
1 418
1 484
1 467
1 433
1 286
1 50
1 101
1 106
1 139
1 188
1 321
1 36
1 298
1 199
1 72
1 237
1 405
1 414
1 288
1 43
