0 0
0 1
0 2
0 3
0 4
0 5
0 6
0 7
0 8
0 9
0 10
0 11
0 12
0 13
0 14
0 15
0 16
0 17
0 18
0 19
0 20
0 21
0 22
0 23
0 24
0 25
0 26
0 27
0 28
0 29
0 30
0 31
0 32
0 33
0 34
0 35
0 36
0 37
0 38
0 39
0 40
0 41
0 42
0 43
0 44
0 45
0 46
0 47
0 48
0 49
0 50
0 51
0 52
0 53
0 54
0 55
0 56
0 57
0 58
0 59
0 60
0 61
0 62
0 63
0 64
0 65
0 66
0 67
0 68
0 69
0 70
0 71
0 72
0 73
0 74
0 75
0 76
0 77
0 78
0 79
0 80
0 81
0 82
0 83
0 84
0 85
0 86
0 87
0 88
0 89
0 90
0 91
0 92
0 93
0 94
0 95
0 96
0 97
0 98
0 99
0 100
0 101
0 102
0 103
0 104
0 105
0 106
0 107
0 108
0 109
0 110
0 111
0 112
0 113
0 114
0 115
0 116
0 117
0 118
0 119
0 120
0 121
0 122
0 123
0 124
0 125
0 126
0 127
0 128
0 129
0 130
0 131
0 132
0 133
0 134
0 135
0 136
0 137
0 138
0 139
0 140
0 141
0 142
0 143
0 144
0 145
0 146
0 147
0 148
0 149
0 150
0 151
0 152
0 153
0 154
0 155
0 156
0 157
0 158
0 159
0 160
0 161
0 162
0 163
0 164
0 165
0 166
0 167
0 168
0 169
0 170
0 171
0 172
0 173
0 174
0 175
0 176
0 177
0 178
0 179
0 180
0 181
0 182
0 183
0 184
0 185
0 186
0 187
1 188
1 189
1 190
1 191
1 192
1 193
1 194
1 195
1 196
1 197
1 198
1 199
1 200
1 201
1 202
1 203
1 204
1 205
1 206
1 207
1 208
1 209
1 210
1 211
1 212
1 213
1 214
1 215
1 216
1 217
1 218
1 219
1 220
1 221
1 222
1 223
1 224
1 225
1 226
1 227
1 228
1 229
1 230
1 231
1 232
1 233
1 234
1 235
1 236
1 237
1 238
1 239
1 240
1 241
1 242
1 243
1 244
1 245
1 246
1 247
1 248
1 249
1 250
1 251
1 252
1 253
1 254
1 255
1 256
1 257
1 258
1 259
1 260
1 261
1 262
1 263
1 264
1 265
1 266
1 267
1 268
1 269
1 270
1 271
1 272
1 273
1 274
1 275
1 276
1 277
1 278
1 279
1 280
1 281
1 282
1 283
1 284
1 285
1 286
1 287
1 288
1 289
1 290
1 291
1 292
1 293
1 294
1 295
1 296
1 297
1 298
1 299
1 300
1 301
1 302
1 303
1 304
1 305
1 306
1 307
1 308
1 309
1 310
1 311
1 312
1 313
1 314
1 315
1 316
1 317
1 318
1 319
1 320
1 321
1 322
1 323
1 324
1 325
1 326
1 327
1 328
1 329
1 330
1 331
1 332
1 333
1 334
1 335
1 336
1 337
1 338
1 339
1 340
1 341
1 342
1 343
1 344
1 345
1 346
1 347
1 348
1 349
1 350
1 351
1 352
1 353
1 354
1 355
1 356
1 357
1 358
1 359
1 360
1 361
1 362
1 363
1 364
1 365
1 366
1 367
1 368
1 369
1 370
1 371
1 372
1 373
1 374
1 375
1 376
1 377
1 378
1 379
1 380
1 381
1 382
1 383
1 384
1 385
1 386
1 387
1 388
1 389
1 390
1 391
1 392
1 393
1 394
1 395
1 396
1 397
1 398
1 399
1 400
1 401
1 402
1 403
1 404
1 405
1 406
1 407
1 408
1 409
1 410
1 411
1 412
1 413
1 414
1 415
1 416
1 417
1 418
1 419
1 420
1 421
1 422
1 423
1 424
1 425
1 426
1 427
1 428
1 429
1 430
1 431
1 432
1 433
1 434
1 435
1 436
1 437
1 438
1 439
1 440
1 441
1 442
1 443
1 444
1 445
1 446
1 447
1 448
1 449
1 450
1 451
1 452
1 453
1 454
1 455
1 456
1 457
1 458
1 459
1 460
1 461
1 462
1 463
1 464
1 465
1 466
1 467
1 468
1 469
1 470
1 471
1 472
1 473
1 474
1 475
1 476
1 477
1 478
1 479
1 480
1 481
1 482
1 483
1 484
1 485
1 486
1 487
1 488
1 489
1 490
1 491
1 492
1 493
1 494
1 495
1 496
1 497
1 498
1 499
1 500
1 501
1 502
1 503
1 504
1 505
1 506
1 507
1 508
1 509
1 510
1 511
1 512
1 513
1 514
1 515
1 516
1 517
1 518
1 519
1 520
1 521
1 522
1 523
1 524
1 525
1 526
1 527
1 528
1 529
1 530
1 531
1 532
1 533
1 534
1 535
1 536
1 537
1 538
1 539
1 540
1 541
1 542
1 543
1 544
1 545
1 546
1 547
1 548
1 549
1 550
1 551
1 552
1 553
1 554
1 555
1 556
1 557
1 558
1 559
1 560
1 561
1 562
1 563
1 564
1 565
1 566
1 567
1 568
1 569
1 570
1 571
1 572
1 573
1 574
1 575
1 576
1 577
1 578
1 579
1 580
1 581
1 582
1 583
1 584
1 585
1 586
1 587
1 588
1 589
1 590
1 591
1 592
1 593
1 594
1 595
1 596
1 597
1 598
1 599
1 600
1 601
1 602
1 603
1 604
1 605
1 606
1 607
1 608
1 609
1 610
1 611
1 612
1 613
1 614
1 615
1 616
1 617
1 618
1 619
1 620
1 621
1 622
1 623
1 624
1 625
1 626
1 627
1 628
1 629
1 630
1 631
1 632
1 633
1 634
1 635
1 636
1 637
1 638
1 639
1 640
1 641
1 642
1 643
1 644
1 645
1 646
1 647
1 648
1 649
1 650
1 651
1 652
1 653
1 654
1 655
1 656
1 657
1 658
1 659
1 660
1 661
1 662
1 663
1 664
1 665
1 666
1 667
1 668
1 669
1 670
1 671
1 672
1 673
1 674
1 675
1 676
1 677
1 678
1 679
1 680
1 681
1 682
1 683
1 684
1 685
1 686
1 687
1 688
1 689
1 690
1 691
1 692
1 693
1 694
1 695
1 696
1 697
1 698
1 699
1 700
1 701
1 702
1 703
1 704
1 705
1 706
1 707
1 708
1 709
1 710
1 711
1 712
1 713
1 714
1 715
1 716
1 717
1 718
1 719
1 720
1 721
1 722
1 723
1 724
1 725
1 726
1 727
1 728
1 729
1 730
1 731
1 732
1 733
1 734
1 735
1 736
1 737
1 738
1 739
1 740
1 741
1 742
1 743
1 744
1 745
1 746
1 747
1 748
1 749
1 750
1 751
1 752
1 753
1 754
1 755
1 756
1 757
1 758
1 759
1 760
1 761
1 762
1 763
1 764
1 765
1 766
1 767
1 768
1 769
1 770
1 771
1 772
1 773
1 774
1 775
1 776
1 777
1 778
1 779
1 780
1 781
1 782
1 783
1 784
1 785
1 786
1 787
1 788
1 789
1 790
1 791
1 792
1 793
1 794
1 795
1 796
1 797
1 798
1 799
1 800
1 801
1 802
1 803
1 804
1 805
1 806
1 807
1 808
1 809
1 810
1 811
1 812
1 813
1 814
1 815
1 816
1 817
1 818
1 819
1 820
1 821
1 822
1 823
1 824
1 825
1 826
1 827
1 828
1 829
1 830
1 831
1 832
1 833
1 834
1 835
1 836
1 837
1 838
1 839
1 840
1 841
1 842
1 843
1 844
1 845
1 846
1 847
1 848
1 849
1 850
1 851
1 852
1 853
1 854
1 855
1 856
1 857
1 858
1 859
1 860
1 861
1 862
1 863
1 864
1 865
1 866
1 867
1 868
1 869
1 870
0 871
0 872
0 873
0 874
0 875
0 876
0 877
0 878
0 879
0 880
0 881
0 882
0 883
0 884
0 885
0 886
0 887
0 888
0 889
0 890
0 891
0 892
0 893
0 894
0 895
0 896
0 897
0 898
0 899
0 900
0 901
0 902
0 903
0 904
0 905
0 906
0 907
0 908
0 909
0 910
0 911
0 912
0 913
0 914
0 915
0 916
0 917
0 918
0 919
0 920
0 921
0 922
0 923
0 924
0 925
0 926
0 927
0 928
0 929
0 930
0 931
0 932
0 933
0 934
0 935
0 936
0 937
0 938
0 939
0 940
0 941
0 942
0 943
0 944
0 945
0 946
0 947
0 948
0 949
0 950
0 951
0 952
0 953
0 954
0 955
0 956
0 957
0 958
0 959
0 960
0 961
0 962
0 963
0 964
0 965
0 966
0 967
0 968
0 969
0 970
0 971
0 972
0 973
0 974
0 975
0 976
0 977
0 978
0 979
0 980
0 981
0 982
0 983
0 984
0 985
0 986
0 987
0 988
0 989
0 990
0 991
0 992
0 993
0 994
0 995
0 996
0 997
0 998
0 999
0 1000
0 1001
0 1002
0 1003
0 1004
0 1005
0 1006
0 1007
0 1008
0 1009
0 1010
0 1011
0 1012
0 1013
0 1014
0 1015
0 1016
0 1017
0 1018
0 1019
0 1020
0 1021
0 1022
0 1023
0 1024
0 1025
0 1026
0 1027
0 1028
0 1029
0 1030
0 1031
0 1032
0 1033
0 1034
0 1035
0 1036
0 1037
0 1038
0 1039
0 1040
0 1041
0 1042
0 1043
0 1044
0 1045
0 1046
0 1047
0 1048
0 1049
0 1050
0 1051
0 1052
0 1053
0 1054
0 1055
0 1056
0 1057
0 1058
0 1059
0 1060
0 1061
0 1062
0 1063
0 1064
0 1065
0 1066
0 1067
0 1068
0 1069
0 1070
0 1071
0 1072
0 1073
0 1074
0 1075
0 1076
0 1077
0 1078
0 1079
0 1080
0 1081
0 1082
0 1083
0 1084
0 1085
0 1086
0 1087
0 1088
0 1089
0 1090
0 1091
0 1092
0 1093
0 1094
0 1095
0 1096
0 1097
0 1098
0 1099
0 1100
0 1101
0 1102
0 1103
0 1104
0 1105
0 1106
0 1107
0 1108
0 1109
0 1110
0 1111
0 1112
0 1113
0 1114
0 1115
0 1116
0 1117
0 1118
0 1119
0 1120
0 1121
0 1122
0 1123
0 1124
0 1125
0 1126
0 1127
0 1128
0 1129
0 1130
0 1131
0 1132
0 1133
0 1134
0 1135
0 1136
0 1137
0 1138
0 1139
0 1140
0 1141
0 1142
0 1143
0 1144
0 1145
0 1146
0 1147
0 1148
0 1149
0 1150
0 1151
0 1152
0 1153
0 1154
0 1155
0 1156
0 1157
0 1158
0 1159
0 1160
0 1161
0 1162
0 1163
0 1164
0 1165
0 1166
0 1167
0 1168
0 1169
0 1170
0 1171
0 1172
0 1173
0 1174
0 1175
0 1176
0 1177
0 1178
0 1179
0 1180
0 1181
0 1182
0 1183
0 1184
0 1185
0 1186
0 1187
0 1188
0 1189
0 1190
0 1191
0 1192
0 1193
0 1194
0 1195
0 1196
0 1197
0 1198
0 1199
0 1200
0 1201
0 1202
0 1203
0 1204
0 1205
0 1206
0 1207
0 1208
0 1209
0 1210
0 1211
0 1212
0 1213
0 1214
0 1215
0 1216
0 1217
0 1218
0 1219
0 1220
0 1221
0 1222
0 1223
0 1224
0 1225
0 1226
0 1227
0 1228
0 1229
0 1230
0 1231
0 1232
0 1233
0 1234
0 1235
0 1236
0 1237
0 1238
0 1239
0 1240
0 1241
0 1242
0 1243
0 1244
0 1245
0 1246
0 1247
0 1248
0 1249
0 1250
0 1251
0 1252
0 1253
0 1254
0 1255
0 1256
0 1257
0 1258
0 1259
0 1260
0 1261
0 1262
0 1263
0 1264
0 1265
0 1266
0 1267
0 1268
0 1269
0 1270
0 1271
0 1272
0 1273
0 1274
0 1275
0 1276
0 1277
0 1278
0 1279
0 1280
0 1281
0 1282
0 1283
0 1284
0 1285
0 1286
0 1287
0 1288
0 1289
0 1290
0 1291
0 1292
0 1293
0 1294
0 1295
0 1296
0 1297
0 1298
0 1299
0 1300
0 1301
0 1302
0 1303
0 1304
0 1305
0 1306
0 1307
0 1308
0 1309
0 1310
0 1311
0 1312
0 1313
0 1314
0 1315
0 1316
0 1317
0 1318
0 1319
0 1320
0 1321
0 1322
0 1323
0 1324
0 1325
0 1326
0 1327
0 1328
0 1329
0 1330
0 1331
0 1332
0 1333
0 1334
0 1335
1 1336
1 1337
1 1338
1 1339
1 1340
1 1341
1 1342
1 1343
1 1344
1 1345
1 1346
1 1347
1 1348
1 1349
1 1350
1 1351
1 1352
1 1353
1 1354
1 1355
1 1356
1 1357
1 1358
1 1359
1 1360
1 1361
1 1362
1 1363
1 1364
1 1365
1 1366
1 1367
1 1368
1 1369
1 1370
1 1371
1 1372
1 1373
1 1374
1 1375
1 1376
1 1377
1 1378
1 1379
1 1380
1 1381
1 1382
1 1383
1 1384
1 1385
1 1386
1 1387
1 1388
1 1389
1 1390
1 1391
1 1392
1 1393
1 1394
1 1395
1 1396
1 1397
1 1398
1 1399
1 1400
1 1401
1 1402
1 1403
1 1404
1 1405
1 1406
1 1407
1 1408
1 1409
1 1410
1 1411
1 1412
1 1413
1 1414
1 1415
1 1416
1 1417
1 1418
1 1419
1 1420
1 1421
1 1422
1 1423
1 1424
1 1425
1 1426
1 1427
1 1428
1 1429
1 1430
1 1431
1 1432
1 1433
1 1434
1 1435
1 1436
1 1437
1 1438
1 1439
1 1440
1 1441
1 1442
1 1443
1 1444
1 1445
1 1446
1 1447
1 1448
1 1449
1 1450
1 1451
1 1452
1 1453
1 1454
1 1455
1 1456
1 1457
1 1458
1 1459
1 1460
1 1461
1 1462
1 1463
1 1464
1 1465
1 1466
1 1467
1 1468
1 1469
1 1470
1 1471
1 1472
1 1473
1 1474
1 1475
1 1476
1 1477
1 1478
1 1479
1 1480
1 1481
1 1482
1 1483
1 1484
1 1485
1 1486
1 1487
1 1488
1 1489
1 1490
1 1491
1 1492
1 1493
1 1494
1 1495
1 1496
1 1497
1 1498
1 1499
1 1500
1 1501
1 1502
1 1503
1 1504
1 1505
1 1506
1 1507
1 1508
1 1509
1 1510
1 1511
1 1512
1 1513
1 1514
1 1515
1 1516
1 1517
1 1518
1 1519
1 1520
1 1521
1 1522
1 1523
1 1524
1 1525
1 1526
1 1527
1 1528
1 1529
1 1530
1 1531
1 1532
1 1533
1 1534
1 1535
1 1536
1 1537
1 1538
1 1539
1 1540
1 1541
1 1542
1 1543
1 1544
1 1545
1 1546
1 1547
1 1548
1 1549
1 1550
1 1551
1 1552
1 1553
1 1554
1 1555
1 1556
1 1557
1 1558
1 1559
1 1560
1 1561
1 1562
1 1563
1 1564
1 1565
1 1566
1 1567
1 1568
1 1569
1 1570
1 1571
1 1572
1 1573
1 1574
1 1575
1 1576
1 1577
1 1578
1 1579
1 1580
1 1581
1 1582
1 1583
1 1584
1 1585
1 1586
1 1587
1 1588
1 1589
1 1590
1 1591
1 1592
1 1593
1 1594
1 1595
1 1596
1 1597
1 1598
1 1599
1 1600
1 1601
1 1602
1 1603
1 1604
1 1605
1 1606
1 1607
1 1608
1 1609
1 1610
1 1611
1 1612
1 1613
1 1614
1 1615
1 1616
1 1617
1 1618
1 1619
1 1620
1 1621
1 1622
1 1623
1 1624
1 1625
1 1626
1 1627
1 1628
1 1629
1 1630
1 1631
1 1632
1 1633
1 1634
1 1635
1 1636
1 1637
0 1638
0 1639
0 1640
0 1641
0 1642
0 1643
0 1644
0 1645
0 1646
0 1647
0 1648
0 1649
0 1650
0 1651
0 1652
0 1653
0 1654
0 1655
0 1656
0 1657
0 1658
0 1659
0 1660
0 1661
0 1662
0 1663
0 1664
0 1665
0 1666
0 1667
0 1668
0 1669
0 1670
0 1671
0 1672
0 1673
0 1674
0 1675
0 1676
0 1677
0 1678
0 1679
0 1680
0 1681
0 1682
0 1683
0 1684
0 1685
0 1686
0 1687
0 1688
0 1689
0 1690
0 1691
0 1692
0 1693
0 1694
0 1695
0 1696
0 1697
0 1698
0 1699
0 1700
0 1701
0 1702
0 1703
0 1704
0 1705
0 1706
0 1707
0 1708
0 1709
0 1710
0 1711
0 1712
0 1713
0 1714
0 1715
0 1716
0 1717
0 1718
0 1719
0 1720
0 1721
0 1722
0 1723
0 1724
0 1725
0 1726
0 1727
0 1728
0 1729
0 1730
0 1731
0 1732
0 1733
0 1734
0 1735
0 1736
0 1737
0 1738
0 1739
0 1740
0 1741
0 1742
0 1743
0 1744
0 1745
0 1746
0 1747
0 1748
0 1749
0 1750
0 1751
0 1752
0 1753
0 1754
0 1755
0 1756
0 1757
0 1758
0 1759
0 1760
0 1761
0 1762
0 1763
0 1764
0 1765
0 1766
0 1767
0 1768
0 1769
0 1770
0 1771
0 1772
0 1773
0 1774
0 1775
0 1776
0 1777
0 1778
0 1779
0 1780
0 1781
0 1782
0 1783
0 1784
0 1785
0 1786
0 1787
0 1788
0 1789
0 1790
0 1791
0 1792
0 1793
0 1794
0 1795
0 1796
0 1797
0 1798
0 1799
0 1800
0 1801
0 1802
0 1803
0 1804
0 1805
0 1806
0 1807
0 1808
0 1809
0 1810
0 1811
0 1812
0 1813
0 1814
0 1815
0 1816
0 1817
0 1818
0 1819
0 1820
0 1821
0 1822
0 1823
0 1824
0 1825
0 1826
0 1827
0 1828
0 1829
0 1830
0 1831
0 1832
0 1833
0 1834
0 1835
0 1836
0 1837
0 1838
0 1839
0 1840
0 1841
0 1842
0 1843
0 1844
0 1845
0 1846
0 1847
0 1848
0 1849
0 1850
0 1851
0 1852
0 1853
0 1854
0 1855
0 1856
0 1857
0 1858
0 1859
0 1860
0 1861
0 1862
0 1863
0 1864
0 1865
0 1866
0 1867
0 1868
0 1869
0 1870
0 1871
0 1872
0 1873
0 1874
0 1875
0 1876
0 1877
0 1878
0 1879
0 1880
0 1881
0 1882
0 1883
0 1884
0 1885
0 1886
0 1887
0 1888
0 1889
0 1890
0 1891
0 1892
0 1893
0 1894
0 1895
0 1896
0 1897
0 1898
0 1899
0 1900
0 1901
0 1902
0 1903
0 1904
0 1905
0 1906
0 1907
0 1908
0 1909
0 1910
0 1911
0 1912
0 1913
0 1914
0 1915
0 1916
0 1917
0 1918
0 1919
0 1920
0 1921
0 1922
0 1923
0 1924
0 1925
0 1926
0 1927
0 1928
0 1929
0 1930
0 1931
0 1932
0 1933
0 1934
0 1935
0 1936
0 1937
0 1938
0 1939
0 1940
0 1941
0 1942
0 1943
0 1944
0 1945
0 1946
0 1947
0 1948
0 1949
0 1950
0 1951
0 1952
0 1953
0 1954
0 1955
0 1956
0 1957
0 1958
0 1959
0 1960
0 1961
0 1962
0 1963
0 1964
0 1965
0 1966
0 1967
0 1968
0 1969
0 1970
0 1971
0 1972
0 1973
0 1974
0 1975
0 1976
0 1977
0 1978
0 1979
0 1980
0 1981
0 1982
0 1983
0 1984
0 1985
0 1986
0 1987
0 1988
0 1989
0 1990
0 1991
0 1992
0 1993
0 1994
0 1995
0 1996
0 1997
0 1998
0 1999
0 2000
0 2001
0 2002
0 2003
0 2004
0 2005
0 2006
0 2007
0 2008
0 2009
0 2010
0 2011
0 2012
0 2013
0 2014
0 2015
0 2016
0 2017
0 2018
0 2019
0 2020
0 2021
0 2022
0 2023
0 2024
0 2025
0 2026
0 2027
0 2028
0 2029
0 2030
0 2031
0 2032
0 2033
0 2034
0 2035
0 2036
0 2037
0 2038
0 2039
0 2040
0 2041
0 2042
0 2043
0 2044
0 2045
0 2046
0 2047
0 2048
0 2049
0 2050
0 2051
0 2052
0 2053
0 2054
0 2055
0 2056
0 2057
0 2058
0 2059
0 2060
0 2061
0 2062
0 2063
0 2064
0 2065
0 2066
0 2067
0 2068
0 2069
0 2070
0 2071
0 2072
0 2073
0 2074
0 2075
0 2076
0 2077
0 2078
0 2079
0 2080
0 2081
0 2082
0 2083
0 2084
0 2085
0 2086
0 2087
0 2088
0 2089
0 2090
0 2091
0 2092
0 2093
0 2094
0 2095
0 2096
0 2097
0 2098
0 2099
0 2100
0 2101
0 2102
0 2103
0 2104
0 2105
0 2106
0 2107
0 2108
0 2109
0 2110
0 2111
0 2112
0 2113
0 2114
0 2115
0 2116
0 2117
0 2118
0 2119
0 2120
0 2121
0 2122
0 2123
0 2124
0 2125
0 2126
0 2127
0 2128
0 2129
0 2130
0 2131
0 2132
0 2133
0 2134
0 2135
0 2136
0 2137
0 2138
0 2139
0 2140
0 2141
0 2142
0 2143
0 2144
0 2145
0 2146
0 2147
0 2148
0 2149
0 2150
0 2151
0 2152
0 2153
0 2154
0 2155
0 2156
0 2157
0 2158
0 2159
0 2160
0 2161
0 2162
0 2163
0 2164
0 2165
0 2166
0 2167
0 2168
0 2169
0 2170
0 2171
0 2172
0 2173
0 2174
0 2175
1 2176
1 2177
1 2178
1 2179
1 2180
1 2181
1 2182
1 2183
1 2184
1 2185
1 2186
1 2187
1 2188
1 2189
1 2190
1 2191
1 2192
1 2193
1 2194
1 2195
1 2196
1 2197
1 2198
1 2199
1 2200
1 2201
1 2202
1 2203
1 2204
1 2205
1 2206
1 2207
1 2208
1 2209
1 2210
1 2211
1 2212
1 2213
1 2214
1 2215
1 2216
1 2217
1 2218
1 2219
1 2220
1 2221
1 2222
1 2223
1 2224
1 2225
1 2226
1 2227
1 2228
1 2229
1 2230
1 2231
1 2232
1 2233
1 2234
1 2235
1 2236
1 2237
1 2238
1 2239
1 2240
1 2241
1 2242
1 2243
1 2244
1 2245
1 2246
1 2247
1 2248
1 2249
1 2250
1 2251
1 2252
1 2253
1 2254
1 2255
1 2256
1 2257
1 2258
1 2259
1 2260
1 2261
1 2262
1 2263
1 2264
1 2265
1 2266
1 2267
1 2268
1 2269
1 2270
1 2271
1 2272
1 2273
1 2274
1 2275
1 2276
1 2277
1 2278
1 2279
1 2280
1 2281
1 2282
1 2283
1 2284
1 2285
1 2286
1 2287
1 2288
1 2289
1 2290
1 2291
1 2292
1 2293
1 2294
1 2295
1 2296
1 2297
1 2298
1 2299
1 2300
1 2301
1 2302
1 2303
1 2304
1 2305
1 2306
1 2307
1 2308
1 2309
1 2310
1 2311
1 2312
1 2313
1 2314
1 2315
1 2316
1 2317
1 2318
1 2319
1 2320
1 2321
1 2322
1 2323
1 2324
1 2325
1 2326
1 2327
1 2328
1 2329
1 2330
1 2331
1 2332
1 2333
1 2334
1 2335
1 2336
1 2337
1 2338
1 2339
1 2340
1 2341
1 2342
1 2343
1 2344
1 2345
1 2346
1 2347
1 2348
1 2349
1 2350
1 2351
1 2352
1 2353
1 2354
1 2355
1 2356
1 2357
1 2358
1 2359
1 2360
1 2361
1 2362
1 2363
1 2364
1 2365
1 2366
1 2367
1 2368
1 2369
1 2370
1 2371
1 2372
1 2373
1 2374
1 2375
1 2376
1 2377
1 2378
1 2379
1 2380
1 2381
1 2382
1 2383
1 2384
1 2385
1 2386
1 2387
1 2388
1 2389
1 2390
1 2391
1 2392
1 2393
1 2394
1 2395
1 2396
1 2397
1 2398
1 2399
1 2400
1 2401
1 2402
1 2403
1 2404
1 2405
1 2406
1 2407
1 2408
1 2409
1 2410
1 2411
1 2412
1 2413
1 2414
1 2415
1 2416
1 2417
1 2418
1 2419
1 2420
1 2421
1 2422
1 2423
1 2424
1 2425
1 2426
1 2427
1 2428
1 2429
1 2430
1 2431
1 2432
1 2433
1 2434
1 2435
1 2436
1 2437
1 2438
1 2439
1 2440
1 2441
1 2442
1 2443
1 2444
1 2445
1 2446
1 2447
1 2448
1 2449
1 2450
1 2451
1 2452
1 2453
1 2454
1 2455
1 2456
1 2457
1 2458
1 2459
1 2460
1 2461
1 2462
1 2463
1 2464
1 2465
1 2466
1 2467
1 2468
1 2469
1 2470
1 2471
1 2472
1 2473
1 2474
1 2475
1 2476
1 2477
1 2478
1 2479
1 2480
1 2481
1 2482
1 2483
1 2484
1 2485
1 2486
1 2487
1 2488
1 2489
1 2490
1 2491
1 2492
1 2493
1 2494
1 2495
1 2496
1 2497
1 2498
1 2499
1 2500
1 2501
1 2502
1 2503
1 2504
1 2505
1 2506
1 2507
1 2508
1 2509
1 2510
1 2511
1 2512
1 2513
1 2514
1 2515
1 2516
1 2517
1 2518
1 2519
1 2520
1 2521
1 2522
1 2523
1 2524
1 2525
1 2526
1 2527
1 2528
1 2529
1 2530
1 2531
1 2532
1 2533
1 2534
1 2535
1 2536
1 2537
1 2538
1 2539
1 2540
1 2541
1 2542
1 2543
1 2544
1 2545
1 2546
1 2547
1 2548
1 2549
1 2550
1 2551
1 2552
1 2553
1 2554
1 2555
1 2556
1 2557
1 2558
1 2559
1 2560
1 2561
1 2562
1 2563
1 2564
1 2565
1 2566
1 2567
1 2568
1 2569
1 2570
1 2571
1 2572
1 2573
1 2574
1 2575
1 2576
1 2577
1 2578
1 2579
1 2580
1 2581
1 2582
1 2583
1 2584
1 2585
1 2586
1 2587
1 2588
1 2589
1 2590
1 2591
1 2592
1 2593
1 2594
1 2595
1 2596
1 2597
1 2598
1 2599
1 2600
1 2601
1 2602
1 2603
1 2604
1 2605
1 2606
1 2607
1 2608
1 2609
1 2610
1 2611
1 2612
1 2613
1 2614
1 2615
1 2616
1 2617
1 2618
1 2619
1 2620
1 2621
1 2622
1 2623
1 2624
1 2625
1 2626
1 2627
1 2628
1 2629
1 2630
1 2631
1 2632
0 2633
0 2634
0 2635
0 2636
0 2637
0 2638
0 2639
0 2640
0 2641
0 2642
0 2643
0 2644
0 2645
0 2646
0 2647
0 2648
0 2649
0 2650
0 2651
0 2652
0 2653
0 2654
0 2655
0 2656
0 2657
0 2658
0 2659
0 2660
0 2661
0 2662
0 2663
0 2664
0 2665
0 2666
0 2667
0 2668
0 2669
0 2670
0 2671
0 2672
0 2673
0 2674
0 2675
0 2676
0 2677
0 2678
0 2679
0 2680
0 2681
0 2682
0 2683
0 2684
0 2685
0 2686
0 2687
0 2688
0 2689
0 2690
0 2691
0 2692
0 2693
0 2694
0 2695
0 2696
0 2697
0 2698
0 2699
0 2700
0 2701
0 2702
0 2703
0 2704
0 2705
0 2706
0 2707
0 2708
0 2709
0 2710
0 2711
0 2712
0 2713
0 2714
0 2715
0 2716
0 2717
0 2718
0 2719
0 2720
0 2721
0 2722
0 2723
0 2724
0 2725
0 2726
0 2727
0 2728
0 2729
0 2730
0 2731
0 2732
0 2733
0 2734
0 2735
0 2736
0 2737
0 2738
0 2739
0 2740
0 2741
0 2742
0 2743
0 2744
0 2745
0 2746
0 2747
0 2748
0 2749
0 2750
0 2751
0 2752
0 2753
0 2754
0 2755
0 2756
0 2757
0 2758
0 2759
0 2760
0 2761
0 2762
0 2763
0 2764
0 2765
0 2766
0 2767
0 2768
0 2769
0 2770
0 2771
0 2772
0 2773
0 2774
0 2775
0 2776
0 2777
0 2778
0 2779
0 2780
0 2781
0 2782
0 2783
0 2784
0 2785
0 2786
0 2787
0 2788
0 2789
0 2790
0 2791
0 2792
0 2793
0 2794
0 2795
0 2796
0 2797
0 2798
0 2799
0 2800
0 2801
0 2802
0 2803
0 2804
0 2805
0 2806
0 2807
0 2808
0 2809
0 2810
0 2811
0 2812
0 2813
0 2814
0 2815
0 2816
0 2817
0 2818
0 2819
0 2820
0 2821
0 2822
0 2823
0 2824
0 2825
0 2826
0 2827
0 2828
0 2829
0 2830
0 2831
0 2832
0 2833
0 2834
0 2835
0 2836
0 2837
0 2838
0 2839
0 2840
0 2841
0 2842
0 2843
0 2844
0 2845
0 2846
0 2847
0 2848
0 2849
0 2850
0 2851
0 2852
0 2853
0 2854
0 2855
0 2856
0 2857
0 2858
0 2859
0 2860
0 2861
0 2862
0 2863
0 2864
0 2865
0 2866
0 2867
0 2868
0 2869
0 2870
0 2871
0 2872
0 2873
0 2874
0 2875
0 2876
0 2877
0 2878
0 2879
0 2880
0 2881
0 2882
0 2883
0 2884
0 2885
0 2886
0 2887
0 2888
0 2889
0 2890
0 2891
0 2892
0 2893
0 2894
0 2895
0 2896
0 2897
0 2898
0 2899
1 2900
1 2901
1 2902
1 2903
1 2904
1 2905
1 2906
1 2907
1 2908
1 2909
1 2910
1 2911
1 2912
1 2913
1 2914
1 2915
1 2916
1 2917
1 2918
1 2919
1 2920
1 2921
1 2922
1 2923
1 2924
1 2925
1 2926
0 2927
0 2928
0 2929
0 2930
0 2931
0 2932
0 2933
0 2934
0 2935
0 2936
0 2937
0 2938
0 2939
0 2940
0 2941
0 2942
0 2943
0 2944
0 2945
0 2946
0 2947
0 2948
0 2949
0 2950
0 2951
0 2952
0 2953
0 2954
0 2955
0 2956
0 2957
0 2958
0 2959
0 2960
0 2961
0 2962
0 2963
0 2964
0 2965
0 2966
0 2967
0 2968
0 2969
0 2970
0 2971
0 2972
0 2973
0 2974
0 2975
0 2976
0 2977
0 2978
0 2979
0 2980
0 2981
0 2982
0 2983
0 2984
0 2985
0 2986
0 2987
0 2988
0 2989
0 2990
0 2991
0 2992
0 2993
0 2994
0 2995
0 2996
0 2997
0 2998
0 2999
0 3000
0 3001
0 3002
0 3003
0 3004
0 3005
0 3006
0 3007
0 3008
0 3009
0 3010
0 3011
0 3012
0 3013
0 3014
0 3015
0 3016
0 3017
0 3018
0 3019
0 3020
0 3021
0 3022
0 3023
0 3024
0 3025
0 3026
0 3027
0 3028
0 3029
0 3030
0 3031
0 3032
0 3033
0 3034
0 3035
0 3036
0 3037
0 3038
0 3039
0 3040
0 3041
0 3042
0 3043
0 3044
0 3045
0 3046
0 3047
0 3048
0 3049
0 3050
0 3051
0 3052
0 3053
0 3054
0 3055
0 3056
0 3057
0 3058
0 3059
0 3060
0 3061
0 3062
0 3063
0 3064
0 3065
0 3066
0 3067
0 3068
0 3069
0 3070
0 3071
0 3072
0 3073
0 3074
0 3075
0 3076
0 3077
0 3078
0 3079
0 3080
0 3081
0 3082
0 3083
0 3084
0 3085
0 3086
0 3087
0 3088
0 3089
0 3090
0 3091
0 3092
0 3093
0 3094
0 3095
0 3096
0 3097
0 3098
0 3099
0 3100
0 3101
0 3102
0 3103
0 3104
0 3105
0 3106
0 3107
0 3108
0 3109
0 3110
0 3111
0 3112
0 3113
0 3114
0 3115
0 3116
0 3117
0 3118
0 3119
0 3120
0 3121
0 3122
0 3123
0 3124
0 3125
0 3126
0 3127
0 3128
0 3129
0 3130
0 3131
0 3132
0 3133
0 3134
0 3135
0 3136
0 3137
0 3138
0 3139
0 3140
0 3141
0 3142
0 3143
0 3144
0 3145
0 3146
0 3147
0 3148
0 3149
0 3150
0 3151
0 3152
0 3153
0 3154
0 3155
0 3156
0 3157
0 3158
0 3159
0 3160
0 3161
0 3162
0 3163
0 3164
0 3165
0 3166
0 3167
0 3168
0 3169
0 3170
0 3171
0 3172
0 3173
0 3174
0 3175
0 3176
0 3177
0 3178
0 3179
0 3180
0 3181
0 3182
0 3183
0 3184
0 3185
0 3186
0 3187
0 3188
0 3189
0 3190
0 3191
0 3192
0 3193
0 3194
0 3195
0 3196
0 3197
0 3198
0 3199
0 3200
0 3201
0 3202
0 3203
0 3204
0 3205
0 3206
0 3207
0 3208
0 3209
0 3210
0 3211
0 3212
0 3213
0 3214
0 3215
0 3216
0 3217
0 3218
0 3219
0 3220
0 3221
0 3222
0 3223
0 3224
0 3225
0 3226
0 3227
0 3228
0 3229
0 3230
0 3231
0 3232
0 3233
0 3234
0 3235
0 3236
0 3237
0 3238
0 3239
0 3240
0 3241
0 3242
0 3243
0 3244
0 3245
0 3246
0 3247
0 3248
0 3249
0 3250
0 3251
0 3252
0 3253
0 3254
0 3255
0 3256
0 3257
0 3258
0 3259
0 3260
0 3261
0 3262
0 3263
0 3264
0 3265
0 3266
0 3267
0 3268
0 3269
0 3270
0 3271
0 3272
0 3273
0 3274
0 3275
0 3276
0 3277
0 3278
0 3279
0 3280
0 3281
0 3282
0 3283
0 3284
0 3285
0 3286
0 3287
0 3288
0 3289
0 3290
0 3291
0 3292
0 3293
0 3294
0 3295
0 3296
0 3297
0 3298
0 3299
0 3300
0 3301
0 3302
0 3303
0 3304
0 3305
0 3306
0 3307
0 3308
0 3309
0 3310
0 3311
0 3312
0 3313
0 3314
0 3315
0 3316
0 3317
0 3318
0 3319
0 3320
0 3321
0 3322
0 3323
0 3324
0 3325
0 3326
0 3327
0 3328
0 3329
0 3330
0 3331
0 3332
0 3333
0 3334
0 3335
0 3336
0 3337
0 3338
0 3339
0 3340
0 3341
1 3342
1 3343
1 3344
1 3345
1 3346
1 3347
1 3348
1 3349
1 3350
1 3351
1 3352
1 3353
1 3354
1 3355
1 3356
1 3357
1 3358
1 3359
1 3360
1 3361
1 3362
1 3363
1 3364
1 3365
1 3366
1 3367
1 3368
1 3369
1 3370
1 3371
1 3372
1 3373
1 3374
1 3375
1 3376
1 3377
1 3378
1 3379
1 3380
1 3381
1 3382
1 3383
1 3384
1 3385
1 3386
1 3387
1 3388
1 3389
1 3390
1 3391
1 3392
1 3393
1 3394
1 3395
1 3396
1 3397
1 3398
1 3399
1 3400
1 3401
1 3402
1 3403
1 3404
1 3405
1 3406
1 3407
1 3408
1 3409
1 3410
1 3411
1 3412
1 3413
1 3414
1 3415
1 3416
1 3417
1 3418
1 3419
1 3420
1 3421
1 3422
1 3423
1 3424
1 3425
1 3426
1 3427
1 3428
1 3429
1 3430
1 3431
1 3432
1 3433
1 3434
1 3435
1 3436
1 3437
1 3438
1 3439
1 3440
1 3441
1 3442
1 3443
1 3444
1 3445
1 3446
1 3447
1 3448
1 3449
1 3450
1 3451
1 3452
1 3453
1 3454
1 3455
1 3456
1 3457
1 3458
1 3459
1 3460
1 3461
1 3462
1 3463
1 3464
1 3465
1 3466
1 3467
1 3468
1 3469
1 3470
1 3471
1 3472
1 3473
1 3474
1 3475
1 3476
1 3477
1 3478
1 3479
1 3480
1 3481
1 3482
1 3483
1 3484
1 3485
1 3486
1 3487
1 3488
1 3489
1 3490
1 3491
1 3492
1 3493
1 3494
1 3495
1 3496
1 3497
1 3498
1 3499
1 3500
1 3501
1 3502
1 3503
1 3504
1 3505
1 3506
1 3507
1 3508
1 3509
1 3510
1 3511
1 3512
1 3513
1 3514
1 3515
1 3516
1 3517
1 3518
1 3519
1 3520
1 3521
1 3522
1 3523
1 3524
1 3525
1 3526
1 3527
1 3528
1 3529
1 3530
1 3531
1 3532
1 3533
1 3534
1 3535
1 3536
1 3537
1 3538
1 3539
1 3540
1 3541
1 3542
1 3543
1 3544
1 3545
1 3546
1 3547
1 3548
1 3549
1 3550
1 3551
1 3552
1 3553
1 3554
1 3555
1 3556
1 3557
1 3558
1 3559
1 3560
1 3561
1 3562
1 3563
1 3564
1 3565
1 3566
1 3567
1 3568
1 3569
1 3570
1 3571
1 3572
1 3573
1 3574
1 3575
1 3576
1 3577
1 3578
1 3579
1 3580
1 3581
1 3582
1 3583
1 3584
1 3585
1 3586
1 3587
1 3588
1 3589
1 3590
1 3591
1 3592
1 3593
1 3594
1 3595
1 3596
1 3597
1 3598
1 3599
1 3600
1 3601
1 3602
1 3603
1 3604
1 3605
1 3606
1 3607
1 3608
1 3609
1 3610
1 3611
1 3612
1 3613
1 3614
1 3615
1 3616
1 3617
1 3618
1 3619
1 3620
1 3621
1 3622
1 3623
1 3624
1 3625
1 3626
1 3627
1 3628
1 3629
1 3630
1 3631
1 3632
1 3633
1 3634
1 3635
1 3636
1 3637
1 3638
1 3639
1 3640
1 3641
1 3642
1 3643
1 3644
1 3645
1 3646
1 3647
1 3648
1 3649
1 3650
1 3651
1 3652
1 3653
1 3654
1 3655
1 3656
1 3657
1 3658
1 3659
1 3660
1 3661
1 3662
1 3663
1 3664
1 3665
1 3666
1 3667
1 3668
1 3669
1 3670
1 3671
1 3672
1 3673
1 3674
1 3675
1 3676
1 3677
1 3678
1 3679
1 3680
1 3681
1 3682
1 3683
1 3684
1 3685
1 3686
1 3687
1 3688
1 3689
1 3690
1 3691
1 3692
1 3693
1 3694
1 3695
1 3696
1 3697
1 3698
1 3699
1 3700
1 3701
1 3702
1 3703
1 3704
1 3705
1 3706
1 3707
1 3708
1 3709
1 3710
1 3711
1 3712
1 3713
1 3714
1 3715
1 3716
1 3717
1 3718
1 3719
1 3720
1 3721
1 3722
1 3723
1 3724
1 3725
1 3726
1 3727
1 3728
1 3729
1 3730
1 3731
1 3732
1 3733
1 3734
1 3735
1 3736
1 3737
1 3738
1 3739
1 3740
1 3741
1 3742
1 3743
1 3744
1 3745
1 3746
1 3747
1 3748
1 3749
1 3750
1 3751
1 3752
1 3753
1 3754
1 3755
1 3756
1 3757
1 3758
1 3759
1 3760
1 3761
1 3762
1 3763
1 3764
1 3765
1 3766
1 3767
1 3768
1 3769
1 3770
1 3771
1 3772
1 3773
1 3774
1 3775
1 3776
1 3777
1 3778
1 3779
1 3780
1 3781
1 3782
1 3783
1 3784
1 3785
1 3786
1 3787
1 3788
1 3789
1 3790
1 3791
1 3792
1 3793
1 3794
1 3795
1 3796
1 3797
1 3798
1 3799
1 3800
1 3801
1 3802
1 3803
1 3804
1 3805
1 3806
1 3807
1 3808
1 3809
1 3810
1 3811
1 3812
1 3813
1 3814
1 3815
1 3816
1 3817
1 3818
1 3819
1 3820
1 3821
1 3822
1 3823
1 3824
1 3825
1 3826
1 3827
1 3828
1 3829
1 3830
1 3831
1 3832
1 3833
1 3834
1 3835
1 3836
1 3837
1 3838
1 3839
1 3840
1 3841
1 3842
1 3843
1 3844
1 3845
1 3846
1 3847
1 3848
1 3849
1 3850
1 3851
1 3852
1 3853
1 3854
1 3855
1 3856
1 3857
1 3858
1 3859
1 3860
1 3861
1 3862
1 3863
1 3864
1 3865
1 3866
1 3867
1 3868
1 3869
1 3870
1 3871
1 3872
1 3873
1 3874
1 3875
1 3876
1 3877
1 3878
1 3879
1 3880
1 3881
1 3882
1 3883
1 3884
1 3885
1 3886
1 3887
1 3888
1 3889
1 3890
1 3891
1 3892
1 3893
1 3894
1 3895
1 3896
1 3897
1 3898
1 3899
1 3900
1 3901
1 3902
1 3903
1 3904
1 3905
1 3906
1 3907
1 3908
1 3909
1 3910
1 3911
1 3912
1 3913
1 3914
1 3915
1 3916
1 3917
1 3918
1 3919
1 3920
1 3921
1 3922
1 3923
1 3924
1 3925
1 3926
1 3927
1 3928
1 3929
1 3930
1 3931
1 3932
1 3933
1 3934
1 3935
1 3936
1 3937
1 3938
1 3939
1 3940
1 3941
1 3942
1 3943
1 3944
1 3945
1 3946
1 3947
1 3948
1 3949
1 3950
1 3951
1 3952
1 3953
1 3954
1 3955
1 3956
1 3957
1 3958
1 3959
1 3960
1 3961
1 3962
1 3963
1 3964
1 3965
1 3966
1 3967
1 3968
1 3969
1 3970
1 3971
1 3972
1 3973
1 3974
1 3975
1 3976
1 3977
1 3978
1 3979
1 3980
1 3981
1 3982
1 3983
1 3984
1 3985
1 3986
1 3987
1 3988
1 3989
1 3990
1 3991
1 3992
1 3993
1 3994
1 3995
1 3996
1 3997
1 3998
1 3999
1 4000
1 4001
1 4002
1 4003
1 4004
1 4005
1 4006
1 4007
1 4008
1 4009
1 4010
1 4011
1 4012
1 4013
1 4014
1 4015
1 4016
1 4017
1 4018
1 4019
1 4020
1 4021
1 4022
1 4023
1 4024
1 4025
1 4026
1 4027
1 4028
1 4029
1 4030
1 4031
1 4032
1 4033
1 4034
1 4035
1 4036
1 4037
1 4038
1 4039
1 4040
1 4041
1 4042
1 4043
1 4044
1 4045
1 4046
1 4047
1 4048
1 4049
1 4050
1 4051
1 4052
1 4053
1 4054
1 4055
1 4056
1 4057
1 4058
1 4059
1 4060
1 4061
1 4062
1 4063
1 4064
1 4065
1 4066
1 4067
1 4068
1 4069
1 4070
1 4071
1 4072
1 4073
1 4074
1 4075
1 4076
1 4077
1 4078
1 4079
1 4080
1 4081
1 4082
1 4083
1 4084
1 4085
1 4086
1 4087
1 4088
1 4089
1 4090
1 4091
1 4092
1 4093
1 4094
1 4095
1 4096
1 4097
1 4098
1 4099
1 4100
1 4101
1 4102
1 4103
1 4104
1 4105
1 4106
1 4107
1 4108
1 4109
1 4110
1 4111
1 4112
1 4113
1 4114
1 4115
1 4116
1 4117
1 4118
1 4119
1 4120
1 4121
1 4122
1 4123
1 4124
1 4125
1 4126
1 4127
1 4128
1 4129
1 4130
1 4131
1 4132
1 4133
1 4134
1 4135
1 4136
1 4137
1 4138
1 4139
1 4140
1 4141
1 4142
1 4143
1 4144
1 4145
1 4146
1 4147
1 4148
1 4149
1 4150
1 4151
1 4152
1 4153
1 4154
1 4155
1 4156
1 4157
1 4158
1 4159
1 4160
1 4161
1 4162
1 4163
1 4164
1 4165
1 4166
1 4167
1 4168
1 4169
1 4170
1 4171
1 4172
1 4173
1 4174
1 4175
1 4176
1 4177
1 4178
1 4179
1 4180
1 4181
1 4182
1 4183
1 4184
1 4185
1 4186
1 4187
1 4188
1 4189
1 4190
1 4191
1 4192
1 4193
1 4194
1 4195
1 4196
1 4197
1 4198
1 4199
1 4200
1 4201
1 4202
1 4203
1 4204
1 4205
1 4206
1 4207
1 4208
1 4209
1 4210
1 4211
1 4212
1 4213
1 4214
1 4215
1 4216
1 4217
1 4218
1 4219
1 4220
1 4221
1 4222
1 4223
1 4224
1 4225
1 4226
1 4227
1 4228
1 4229
1 4230
1 4231
1 4232
1 4233
1 4234
1 4235
1 4236
1 4237
1 4238
1 4239
1 4240
1 4241
1 4242
1 4243
1 4244
1 4245
1 4246
1 4247
1 4248
1 4249
1 4250
1 4251
1 4252
1 4253
1 4254
1 4255
1 4256
1 4257
1 4258
1 4259
1 4260
1 4261
1 4262
1 4263
1 4264
1 4265
1 4266
1 4267
1 4268
1 4269
1 4270
1 4271
1 4272
1 4273
1 4274
1 4275
1 4276
1 4277
1 4278
1 4279
1 4280
1 4281
1 4282
1 4283
1 4284
1 4285
1 4286
1 4287
1 4288
1 4289
1 4290
1 4291
1 4292
1 4293
1 4294
1 4295
1 4296
1 4297
1 4298
1 4299
1 4300
1 4301
1 4302
1 4303
1 4304
1 4305
1 4306
1 4307
1 4308
1 4309
1 4310
1 4311
1 4312
1 4313
1 4314
1 4315
1 4316
1 4317
1 4318
1 4319
1 4320
1 4321
1 4322
1 4323
1 4324
1 4325
1 4326
1 4327
1 4328
1 4329
1 4330
1 4331
1 4332
1 4333
1 4334
1 4335
1 4336
1 4337
1 4338
1 4339
1 4340
1 4341
1 4342
1 4343
1 4344
1 4345
1 4346
1 4347
1 4348
1 4349
1 4350
1 4351
0 4352
0 4353
0 4354
0 4355
0 4356
0 4357
0 4358
0 4359
0 4360
0 4361
0 4362
0 4363
0 4364
0 4365
0 4366
0 4367
0 4368
0 4369
0 4370
0 4371
0 4372
0 4373
0 4374
0 4375
0 4376
0 4377
0 4378
0 4379
0 4380
0 4381
0 4382
0 4383
0 4384
0 4385
0 4386
0 4387
0 4388
0 4389
0 4390
0 4391
0 4392
0 4393
0 4394
0 4395
0 4396
0 4397
0 4398
0 4399
0 4400
0 4401
0 4402
0 4403
0 4404
0 4405
0 4406
0 4407
0 4408
0 4409
0 4410
0 4411
0 4412
0 4413
0 4414
0 4415
0 4416
0 4417
0 4418
0 4419
0 4420
0 4421
0 4422
0 4423
0 4424
0 4425
0 4426
0 4427
0 4428
0 4429
0 4430
0 4431
0 4432
0 4433
0 4434
0 4435
0 4436
0 4437
0 4438
0 4439
0 4440
0 4441
0 4442
0 4443
0 4444
0 4445
0 4446
0 4447
0 4448
0 4449
0 4450
0 4451
0 4452
0 4453
0 4454
0 4455
0 4456
0 4457
0 4458
0 4459
0 4460
0 4461
0 4462
0 4463
0 4464
0 4465
0 4466
0 4467
0 4468
0 4469
0 4470
0 4471
0 4472
0 4473
0 4474
0 4475
0 4476
0 4477
0 4478
0 4479
0 4480
0 4481
0 4482
0 4483
0 4484
0 4485
0 4486
0 4487
0 4488
0 4489
0 4490
0 4491
0 4492
0 4493
0 4494
0 4495
0 4496
0 4497
0 4498
0 4499
0 4500
0 4501
0 4502
0 4503
0 4504
0 4505
0 4506
0 4507
0 4508
0 4509
0 4510
0 4511
0 4512
0 4513
0 4514
0 4515
0 4516
0 4517
0 4518
0 4519
0 4520
0 4521
0 4522
0 4523
0 4524
0 4525
0 4526
0 4527
0 4528
0 4529
0 4530
0 4531
0 4532
0 4533
0 4534
0 4535
0 4536
0 4537
0 4538
0 4539
0 4540
0 4541
0 4542
0 4543
0 4544
0 4545
0 4546
0 4547
0 4548
0 4549
0 4550
0 4551
0 4552
0 4553
0 4554
0 4555
0 4556
0 4557
0 4558
0 4559
0 4560
0 4561
0 4562
0 4563
0 4564
0 4565
0 4566
0 4567
0 4568
0 4569
0 4570
0 4571
0 4572
0 4573
0 4574
0 4575
0 4576
0 4577
0 4578
0 4579
0 4580
0 4581
0 4582
0 4583
0 4584
0 4585
0 4586
0 4587
0 4588
0 4589
0 4590
0 4591
0 4592
0 4593
0 4594
0 4595
0 4596
0 4597
0 4598
0 4599
0 4600
0 4601
0 4602
0 4603
0 4604
0 4605
0 4606
0 4607
0 4608
0 4609
0 4610
0 4611
0 4612
0 4613
0 4614
0 4615
0 4616
0 4617
0 4618
0 4619
0 4620
0 4621
0 4622
0 4623
0 4624
0 4625
0 4626
0 4627
0 4628
0 4629
0 4630
0 4631
0 4632
0 4633
0 4634
0 4635
0 4636
0 4637
0 4638
0 4639
0 4640
0 4641
0 4642
0 4643
0 4644
0 4645
0 4646
0 4647
0 4648
0 4649
0 4650
0 4651
0 4652
0 4653
0 4654
0 4655
0 4656
0 4657
0 4658
0 4659
0 4660
0 4661
0 4662
0 4663
0 4664
0 4665
0 4666
0 4667
0 4668
0 4669
0 4670
0 4671
0 4672
0 4673
0 4674
0 4675
0 4676
0 4677
0 4678
0 4679
0 4680
0 4681
0 4682
0 4683
0 4684
0 4685
0 4686
0 4687
0 4688
0 4689
0 4690
0 4691
0 4692
0 4693
0 4694
0 4695
0 4696
0 4697
0 4698
0 4699
0 4700
0 4701
0 4702
0 4703
0 4704
0 4705
0 4706
0 4707
0 4708
0 4709
0 4710
0 4711
0 4712
0 4713
0 4714
0 4715
0 4716
0 4717
0 4718
0 4719
0 4720
0 4721
0 4722
0 4723
0 4724
0 4725
0 4726
0 4727
0 4728
0 4729
0 4730
0 4731
0 4732
0 4733
0 4734
0 4735
0 4736
0 4737
0 4738
0 4739
0 4740
0 4741
0 4742
0 4743
0 4744
0 4745
0 4746
0 4747
0 4748
0 4749
0 4750
0 4751
0 4752
0 4753
0 4754
0 4755
0 4756
0 4757
0 4758
0 4759
0 4760
0 4761
0 4762
0 4763
0 4764
0 4765
0 4766
0 4767
0 4768
0 4769
0 4770
0 4771
0 4772
0 4773
0 4774
0 4775
0 4776
0 4777
0 4778
0 4779
0 4780
0 4781
0 4782
0 4783
0 4784
0 4785
0 4786
0 4787
0 4788
0 4789
0 4790
0 4791
0 4792
0 4793
0 4794
0 4795
0 4796
0 4797
0 4798
0 4799
0 4800
0 4801
0 4802
0 4803
0 4804
0 4805
0 4806
0 4807
0 4808
0 4809
0 4810
0 4811
0 4812
0 4813
0 4814
0 4815
0 4816
0 4817
0 4818
0 4819
0 4820
0 4821
0 4822
0 4823
0 4824
0 4825
0 4826
0 4827
0 4828
0 4829
0 4830
0 4831
0 4832
0 4833
0 4834
0 4835
0 4836
0 4837
0 4838
0 4839
0 4840
0 4841
0 4842
0 4843
0 4844
0 4845
0 4846
0 4847
0 4848
0 4849
0 4850
0 4851
0 4852
0 4853
0 4854
0 4855
0 4856
0 4857
0 4858
0 4859
0 4860
0 4861
0 4862
0 4863
0 4864
0 4865
0 4866
0 4867
0 4868
0 4869
0 4870
0 4871
0 4872
0 4873
0 4874
0 4875
0 4876
0 4877
0 4878
0 4879
0 4880
0 4881
0 4882
0 4883
0 4884
0 4885
0 4886
0 4887
0 4888
0 4889
0 4890
0 4891
0 4892
0 4893
0 4894
0 4895
0 4896
0 4897
0 4898
0 4899
0 4900
0 4901
0 4902
0 4903
0 4904
0 4905
0 4906
0 4907
0 4908
0 4909
0 4910
0 4911
0 4912
0 4913
0 4914
0 4915
0 4916
0 4917
0 4918
0 4919
0 4920
0 4921
0 4922
0 4923
0 4924
0 4925
0 4926
0 4927
0 4928
0 4929
0 4930
0 4931
0 4932
0 4933
0 4934
0 4935
0 4936
0 4937
0 4938
0 4939
0 4940
0 4941
0 4942
0 4943
0 4944
0 4945
0 4946
0 4947
0 4948
0 4949
0 4950
0 4951
0 4952
0 4953
0 4954
0 4955
0 4956
0 4957
0 4958
0 4959
0 4960
0 4961
0 4962
0 4963
0 4964
0 4965
0 4966
0 4967
0 4968
0 4969
0 4970
0 4971
0 4972
0 4973
0 4974
0 4975
0 4976
0 4977
0 4978
0 4979
0 4980
0 4981
0 4982
0 4983
0 4984
0 4985
0 4986
0 4987
0 4988
0 4989
0 4990
0 4991
0 4992
0 4993
0 4994
0 4995
0 4996
0 4997
0 4998
0 4999
0 5000
0 5001
0 5002
0 5003
0 5004
0 5005
0 5006
0 5007
0 5008
0 5009
0 5010
0 5011
0 5012
0 5013
0 5014
0 5015
0 5016
0 5017
0 5018
0 5019
0 5020
0 5021
0 5022
0 5023
0 5024
0 5025
0 5026
0 5027
0 5028
0 5029
0 5030
0 5031
0 5032
0 5033
0 5034
0 5035
0 5036
0 5037
0 5038
0 5039
0 5040
0 5041
0 5042
0 5043
0 5044
0 5045
0 5046
0 5047
0 5048
0 5049
0 5050
0 5051
0 5052
0 5053
0 5054
0 5055
0 5056
0 5057
0 5058
0 5059
0 5060
0 5061
0 5062
0 5063
0 5064
0 5065
0 5066
0 5067
0 5068
0 5069
0 5070
0 5071
0 5072
0 5073
0 5074
0 5075
0 5076
0 5077
0 5078
0 5079
0 5080
0 5081
0 5082
0 5083
0 5084
0 5085
0 5086
0 5087
0 5088
0 5089
0 5090
0 5091
0 5092
0 5093
0 5094
0 5095
0 5096
0 5097
0 5098
0 5099
0 5100
0 5101
0 5102
0 5103
0 5104
0 5105
0 5106
0 5107
0 5108
0 5109
0 5110
0 5111
0 5112
0 5113
0 5114
0 5115
0 5116
0 5117
0 5118
0 5119
0 5120
0 5121
0 5122
0 5123
0 5124
0 5125
0 5126
0 5127
0 5128
0 5129
0 5130
0 5131
0 5132
0 5133
0 5134
0 5135
0 5136
0 5137
0 5138
0 5139
0 5140
0 5141
0 5142
0 5143
0 5144
0 5145
0 5146
0 5147
0 5148
0 5149
0 5150
0 5151
0 5152
0 5153
0 5154
0 5155
0 5156
0 5157
0 5158
0 5159
0 5160
0 5161
0 5162
0 5163
0 5164
0 5165
0 5166
0 5167
0 5168
0 5169
0 5170
0 5171
0 5172
0 5173
0 5174
0 5175
0 5176
0 5177
0 5178
0 5179
0 5180
0 5181
0 5182
0 5183
0 5184
0 5185
0 5186
0 5187
0 5188
0 5189
0 5190
0 5191
0 5192
0 5193
0 5194
0 5195
0 5196
0 5197
0 5198
0 5199
0 5200
0 5201
0 5202
0 5203
0 5204
0 5205
0 5206
0 5207
0 5208
0 5209
0 5210
0 5211
0 5212
0 5213
0 5214
0 5215
0 5216
0 5217
0 5218
0 5219
0 5220
0 5221
0 5222
0 5223
0 5224
0 5225
0 5226
0 5227
0 5228
0 5229
0 5230
0 5231
0 5232
0 5233
0 5234
0 5235
0 5236
0 5237
0 5238
0 5239
0 5240
0 5241
0 5242
0 5243
1 5244
1 5245
1 5246
1 5247
1 5248
1 5249
1 5250
1 5251
1 5252
1 5253
1 5254
1 5255
1 5256
1 5257
1 5258
1 5259
1 5260
1 5261
1 5262
1 5263
1 5264
1 5265
1 5266
1 5267
1 5268
1 5269
1 5270
1 5271
1 5272
1 5273
1 5274
1 5275
1 5276
1 5277
1 5278
1 5279
1 5280
1 5281
1 5282
1 5283
1 5284
1 5285
1 5286
1 5287
1 5288
1 5289
1 5290
1 5291
1 5292
1 5293
1 5294
1 5295
1 5296
1 5297
1 5298
1 5299
1 5300
1 5301
1 5302
1 5303
1 5304
1 5305
1 5306
1 5307
1 5308
1 5309
1 5310
1 5311
1 5312
1 5313
1 5314
1 5315
1 5316
1 5317
1 5318
1 5319
1 5320
1 5321
1 5322
1 5323
1 5324
1 5325
1 5326
1 5327
1 5328
1 5329
1 5330
1 5331
1 5332
1 5333
1 5334
1 5335
1 5336
1 5337
1 5338
1 5339
1 5340
1 5341
1 5342
1 5343
1 5344
1 5345
1 5346
1 5347
1 5348
1 5349
1 5350
1 5351
1 5352
1 5353
1 5354
1 5355
1 5356
1 5357
1 5358
1 5359
1 5360
1 5361
1 5362
1 5363
1 5364
1 5365
1 5366
1 5367
1 5368
1 5369
1 5370
1 5371
1 5372
1 5373
1 5374
1 5375
1 5376
1 5377
1 5378
1 5379
1 5380
1 5381
1 5382
1 5383
1 5384
1 5385
1 5386
1 5387
1 5388
1 5389
1 5390
1 5391
1 5392
1 5393
1 5394
1 5395
1 5396
1 5397
1 5398
1 5399
1 5400
1 5401
1 5402
1 5403
1 5404
1 5405
1 5406
1 5407
1 5408
1 5409
1 5410
1 5411
1 5412
1 5413
1 5414
1 5415
1 5416
1 5417
1 5418
1 5419
1 5420
1 5421
1 5422
1 5423
1 5424
1 5425
1 5426
1 5427
1 5428
1 5429
1 5430
1 5431
1 5432
1 5433
1 5434
1 5435
1 5436
1 5437
1 5438
1 5439
1 5440
1 5441
1 5442
1 5443
1 5444
1 5445
1 5446
1 5447
1 5448
1 5449
1 5450
1 5451
1 5452
1 5453
1 5454
1 5455
1 5456
1 5457
1 5458
1 5459
1 5460
1 5461
1 5462
1 5463
1 5464
1 5465
1 5466
1 5467
1 5468
1 5469
1 5470
1 5471
1 5472
1 5473
1 5474
1 5475
1 5476
1 5477
1 5478
1 5479
1 5480
1 5481
1 5482
1 5483
1 5484
1 5485
1 5486
1 5487
1 5488
1 5489
1 5490
1 5491
1 5492
1 5493
1 5494
1 5495
1 5496
1 5497
1 5498
1 5499
1 5500
1 5501
1 5502
1 5503
1 5504
1 5505
1 5506
1 5507
1 5508
1 5509
1 5510
1 5511
1 5512
1 5513
1 5514
1 5515
1 5516
1 5517
1 5518
1 5519
1 5520
1 5521
1 5522
1 5523
1 5524
1 5525
1 5526
1 5527
1 5528
1 5529
1 5530
1 5531
1 5532
1 5533
1 5534
1 5535
1 5536
1 5537
1 5538
1 5539
1 5540
1 5541
1 5542
1 5543
1 5544
1 5545
1 5546
1 5547
1 5548
1 5549
1 5550
1 5551
1 5552
1 5553
1 5554
1 5555
1 5556
1 5557
1 5558
1 5559
1 5560
1 5561
1 5562
1 5563
1 5564
1 5565
1 5566
1 5567
1 5568
1 5569
1 5570
1 5571
1 5572
1 5573
1 5574
1 5575
1 5576
1 5577
1 5578
1 5579
1 5580
1 5581
1 5582
1 5583
1 5584
1 5585
1 5586
1 5587
1 5588
1 5589
1 5590
1 5591
1 5592
1 5593
1 5594
1 5595
1 5596
1 5597
1 5598
1 5599
1 5600
1 5601
1 5602
1 5603
1 5604
1 5605
1 5606
1 5607
1 5608
1 5609
1 5610
1 5611
1 5612
1 5613
1 5614
1 5615
1 5616
1 5617
1 5618
1 5619
1 5620
1 5621
1 5622
1 5623
1 5624
1 5625
1 5626
1 5627
1 5628
1 5629
1 5630
1 5631
1 5632
1 5633
1 5634
1 5635
1 5636
1 5637
1 5638
1 5639
1 5640
1 5641
1 5642
1 5643
1 5644
1 5645
1 5646
1 5647
1 5648
1 5649
1 5650
1 5651
1 5652
1 5653
1 5654
1 5655
1 5656
1 5657
1 5658
1 5659
1 5660
1 5661
1 5662
1 5663
1 5664
1 5665
1 5666
1 5667
1 5668
1 5669
1 5670
1 5671
1 5672
1 5673
1 5674
1 5675
1 5676
1 5677
1 5678
1 5679
1 5680
1 5681
1 5682
1 5683
1 5684
1 5685
1 5686
1 5687
1 5688
1 5689
1 5690
1 5691
1 5692
1 5693
1 5694
1 5695
1 5696
1 5697
1 5698
1 5699
1 5700
1 5701
1 5702
1 5703
1 5704
1 5705
1 5706
1 5707
1 5708
1 5709
1 5710
1 5711
1 5712
1 5713
1 5714
1 5715
1 5716
1 5717
1 5718
1 5719
1 5720
1 5721
1 5722
1 5723
1 5724
1 5725
1 5726
1 5727
1 5728
1 5729
1 5730
1 5731
1 5732
1 5733
1 5734
1 5735
1 5736
1 5737
1 5738
1 5739
1 5740
1 5741
1 5742
1 5743
1 5744
1 5745
1 5746
1 5747
1 5748
1 5749
1 5750
1 5751
1 5752
1 5753
1 5754
1 5755
1 5756
1 5757
1 5758
1 5759
1 5760
1 5761
1 5762
1 5763
1 5764
1 5765
1 5766
1 5767
1 5768
1 5769
1 5770
1 5771
1 5772
1 5773
1 5774
1 5775
1 5776
1 5777
1 5778
1 5779
1 5780
1 5781
1 5782
1 5783
1 5784
1 5785
1 5786
1 5787
1 5788
1 5789
1 5790
1 5791
1 5792
1 5793
1 5794
1 5795
1 5796
1 5797
1 5798
1 5799
1 5800
1 5801
1 5802
1 5803
1 5804
1 5805
1 5806
1 5807
1 5808
1 5809
1 5810
1 5811
1 5812
1 5813
1 5814
1 5815
1 5816
1 5817
1 5818
1 5819
1 5820
1 5821
1 5822
1 5823
1 5824
1 5825
1 5826
1 5827
1 5828
1 5829
1 5830
1 5831
1 5832
1 5833
1 5834
1 5835
1 5836
1 5837
1 5838
1 5839
1 5840
1 5841
1 5842
1 5843
1 5844
1 5845
1 5846
1 5847
1 5848
1 5849
1 5850
1 5851
1 5852
1 5853
1 5854
1 5855
1 5856
1 5857
1 5858
1 5859
1 5860
1 5861
1 5862
1 5863
1 5864
1 5865
1 5866
1 5867
1 5868
1 5869
1 5870
1 5871
1 5872
1 5873
1 5874
1 5875
1 5876
1 5877
1 5878
1 5879
1 5880
1 5881
1 5882
1 5883
1 5884
1 5885
1 5886
1 5887
1 5888
1 5889
1 5890
1 5891
1 5892
1 5893
1 5894
1 5895
1 5896
1 5897
1 5898
1 5899
1 5900
1 5901
1 5902
1 5903
1 5904
1 5905
1 5906
1 5907
1 5908
1 5909
1 5910
1 5911
1 5912
1 5913
1 5914
1 5915
1 5916
1 5917
1 5918
1 5919
1 5920
1 5921
1 5922
1 5923
1 5924
1 5925
1 5926
1 5927
0 5928
0 5929
0 5930
0 5931
0 5932
0 5933
0 5934
0 5935
0 5936
0 5937
0 5938
0 5939
0 5940
0 5941
0 5942
0 5943
0 5944
0 5945
0 5946
0 5947
0 5948
0 5949
0 5950
0 5951
0 5952
0 5953
0 5954
0 5955
0 5956
0 5957
0 5958
0 5959
0 5960
0 5961
0 5962
0 5963
0 5964
0 5965
0 5966
0 5967
0 5968
0 5969
0 5970
0 5971
0 5972
0 5973
0 5974
0 5975
0 5976
0 5977
0 5978
0 5979
0 5980
0 5981
0 5982
0 5983
0 5984
0 5985
0 5986
0 5987
0 5988
0 5989
0 5990
0 5991
0 5992
0 5993
0 5994
0 5995
0 5996
0 5997
0 5998
0 5999
0 6000
0 6001
0 6002
0 6003
0 6004
0 6005
0 6006
0 6007
0 6008
0 6009
0 6010
0 6011
0 6012
0 6013
0 6014
0 6015
0 6016
0 6017
0 6018
0 6019
0 6020
0 6021
0 6022
0 6023
0 6024
0 6025
0 6026
0 6027
0 6028
0 6029
0 6030
0 6031
0 6032
0 6033
0 6034
0 6035
0 6036
0 6037
0 6038
0 6039
0 6040
0 6041
0 6042
0 6043
0 6044
0 6045
0 6046
0 6047
0 6048
0 6049
0 6050
0 6051
0 6052
0 6053
0 6054
0 6055
0 6056
0 6057
0 6058
0 6059
0 6060
0 6061
0 6062
0 6063
0 6064
0 6065
0 6066
0 6067
0 6068
0 6069
0 6070
0 6071
0 6072
0 6073
0 6074
0 6075
0 6076
0 6077
0 6078
0 6079
0 6080
0 6081
0 6082
0 6083
0 6084
0 6085
0 6086
0 6087
0 6088
0 6089
0 6090
0 6091
0 6092
0 6093
0 6094
0 6095
0 6096
0 6097
0 6098
0 6099
0 6100
0 6101
0 6102
0 6103
0 6104
0 6105
0 6106
0 6107
0 6108
0 6109
0 6110
0 6111
0 6112
0 6113
0 6114
0 6115
0 6116
0 6117
0 6118
0 6119
0 6120
0 6121
0 6122
0 6123
0 6124
0 6125
0 6126
0 6127
0 6128
0 6129
0 6130
0 6131
0 6132
0 6133
0 6134
0 6135
0 6136
0 6137
0 6138
0 6139
0 6140
0 6141
0 6142
0 6143
0 6144
0 6145
0 6146
0 6147
0 6148
0 6149
0 6150
0 6151
0 6152
0 6153
0 6154
0 6155
0 6156
0 6157
0 6158
0 6159
0 6160
0 6161
0 6162
0 6163
0 6164
0 6165
0 6166
0 6167
0 6168
0 6169
0 6170
0 6171
0 6172
0 6173
0 6174
0 6175
0 6176
0 6177
0 6178
0 6179
0 6180
0 6181
0 6182
0 6183
0 6184
0 6185
0 6186
0 6187
0 6188
0 6189
0 6190
0 6191
0 6192
0 6193
0 6194
0 6195
0 6196
0 6197
0 6198
0 6199
0 6200
0 6201
0 6202
0 6203
0 6204
0 6205
0 6206
0 6207
0 6208
0 6209
0 6210
0 6211
0 6212
0 6213
0 6214
0 6215
0 6216
0 6217
0 6218
0 6219
0 6220
0 6221
0 6222
0 6223
0 6224
0 6225
0 6226
0 6227
0 6228
0 6229
0 6230
0 6231
0 6232
0 6233
0 6234
0 6235
0 6236
0 6237
0 6238
0 6239
0 6240
0 6241
0 6242
0 6243
0 6244
0 6245
0 6246
0 6247
0 6248
0 6249
0 6250
0 6251
0 6252
0 6253
0 6254
0 6255
0 6256
0 6257
0 6258
0 6259
0 6260
0 6261
0 6262
0 6263
0 6264
0 6265
0 6266
0 6267
0 6268
0 6269
0 6270
0 6271
0 6272
0 6273
0 6274
0 6275
0 6276
0 6277
0 6278
0 6279
0 6280
0 6281
0 6282
0 6283
0 6284
0 6285
0 6286
0 6287
0 6288
0 6289
0 6290
0 6291
0 6292
0 6293
0 6294
0 6295
0 6296
0 6297
0 6298
0 6299
0 6300
0 6301
0 6302
0 6303
0 6304
0 6305
0 6306
0 6307
0 6308
0 6309
0 6310
0 6311
0 6312
0 6313
0 6314
0 6315
0 6316
0 6317
0 6318
0 6319
0 6320
0 6321
0 6322
0 6323
0 6324
0 6325
0 6326
0 6327
0 6328
0 6329
0 6330
0 6331
0 6332
0 6333
0 6334
0 6335
0 6336
0 6337
0 6338
0 6339
0 6340
0 6341
0 6342
0 6343
0 6344
0 6345
0 6346
0 6347
0 6348
0 6349
0 6350
0 6351
0 6352
0 6353
0 6354
0 6355
0 6356
0 6357
0 6358
0 6359
0 6360
0 6361
0 6362
0 6363
0 6364
0 6365
0 6366
0 6367
0 6368
0 6369
0 6370
0 6371
0 6372
0 6373
0 6374
0 6375
0 6376
0 6377
0 6378
0 6379
0 6380
0 6381
0 6382
0 6383
0 6384
0 6385
0 6386
0 6387
0 6388
0 6389
0 6390
0 6391
0 6392
0 6393
0 6394
0 6395
0 6396
0 6397
0 6398
0 6399
0 6400
0 6401
0 6402
0 6403
0 6404
0 6405
0 6406
0 6407
0 6408
0 6409
0 6410
0 6411
0 6412
0 6413
0 6414
0 6415
0 6416
0 6417
0 6418
0 6419
0 6420
0 6421
0 6422
0 6423
0 6424
0 6425
0 6426
0 6427
0 6428
0 6429
0 6430
0 6431
0 6432
0 6433
0 6434
0 6435
0 6436
0 6437
0 6438
0 6439
0 6440
0 6441
0 6442
0 6443
0 6444
0 6445
0 6446
0 6447
0 6448
0 6449
0 6450
0 6451
0 6452
0 6453
0 6454
0 6455
0 6456
0 6457
0 6458
0 6459
0 6460
0 6461
0 6462
0 6463
0 6464
0 6465
0 6466
0 6467
0 6468
0 6469
0 6470
0 6471
0 6472
0 6473
0 6474
0 6475
0 6476
0 6477
0 6478
0 6479
0 6480
0 6481
0 6482
0 6483
0 6484
0 6485
0 6486
0 6487
0 6488
0 6489
0 6490
0 6491
0 6492
0 6493
0 6494
0 6495
0 6496
0 6497
0 6498
0 6499
0 6500
0 6501
0 6502
0 6503
0 6504
0 6505
0 6506
0 6507
0 6508
0 6509
0 6510
0 6511
0 6512
0 6513
0 6514
0 6515
0 6516
0 6517
0 6518
0 6519
0 6520
0 6521
0 6522
0 6523
0 6524
0 6525
0 6526
0 6527
0 6528
0 6529
0 6530
0 6531
0 6532
0 6533
0 6534
0 6535
0 6536
0 6537
0 6538
0 6539
0 6540
0 6541
0 6542
0 6543
0 6544
0 6545
0 6546
0 6547
0 6548
0 6549
0 6550
0 6551
0 6552
0 6553
0 6554
0 6555
0 6556
0 6557
0 6558
0 6559
0 6560
0 6561
0 6562
0 6563
0 6564
0 6565
0 6566
0 6567
0 6568
0 6569
0 6570
0 6571
0 6572
0 6573
0 6574
0 6575
0 6576
0 6577
0 6578
0 6579
0 6580
0 6581
0 6582
0 6583
0 6584
0 6585
0 6586
0 6587
0 6588
0 6589
0 6590
0 6591
0 6592
0 6593
0 6594
0 6595
0 6596
0 6597
0 6598
0 6599
0 6600
0 6601
0 6602
0 6603
0 6604
0 6605
0 6606
0 6607
0 6608
0 6609
0 6610
0 6611
0 6612
0 6613
0 6614
0 6615
0 6616
0 6617
0 6618
0 6619
0 6620
0 6621
0 6622
0 6623
0 6624
0 6625
0 6626
0 6627
0 6628
0 6629
0 6630
0 6631
0 6632
0 6633
0 6634
0 6635
0 6636
0 6637
0 6638
0 6639
0 6640
0 6641
0 6642
0 6643
0 6644
0 6645
0 6646
0 6647
0 6648
0 6649
0 6650
0 6651
0 6652
1 6653
1 6654
1 6655
1 6656
1 6657
1 6658
1 6659
1 6660
1 6661
1 6662
1 6663
1 6664
1 6665
1 6666
1 6667
1 6668
1 6669
1 6670
1 6671
1 6672
1 6673
1 6674
1 6675
1 6676
1 6677
1 6678
1 6679
1 6680
1 6681
1 6682
1 6683
1 6684
1 6685
1 6686
1 6687
1 6688
1 6689
1 6690
1 6691
1 6692
1 6693
1 6694
1 6695
1 6696
1 6697
1 6698
1 6699
1 6700
1 6701
1 6702
1 6703
1 6704
1 6705
1 6706
1 6707
1 6708
1 6709
1 6710
1 6711
1 6712
1 6713
1 6714
1 6715
1 6716
1 6717
1 6718
1 6719
1 6720
1 6721
1 6722
1 6723
1 6724
1 6725
1 6726
1 6727
1 6728
1 6729
1 6730
1 6731
1 6732
1 6733
1 6734
1 6735
1 6736
1 6737
1 6738
1 6739
1 6740
1 6741
1 6742
1 6743
1 6744
1 6745
1 6746
1 6747
1 6748
1 6749
1 6750
1 6751
1 6752
1 6753
1 6754
1 6755
1 6756
1 6757
1 6758
1 6759
1 6760
1 6761
1 6762
1 6763
1 6764
1 6765
1 6766
1 6767
1 6768
1 6769
1 6770
1 6771
1 6772
1 6773
1 6774
1 6775
1 6776
1 6777
1 6778
1 6779
1 6780
1 6781
1 6782
1 6783
1 6784
1 6785
1 6786
1 6787
1 6788
1 6789
1 6790
1 6791
1 6792
1 6793
1 6794
1 6795
1 6796
1 6797
1 6798
1 6799
1 6800
1 6801
1 6802
1 6803
1 6804
1 6805
1 6806
1 6807
1 6808
1 6809
1 6810
1 6811
1 6812
1 6813
1 6814
1 6815
1 6816
1 6817
1 6818
1 6819
1 6820
1 6821
1 6822
1 6823
1 6824
1 6825
1 6826
1 6827
1 6828
1 6829
1 6830
1 6831
1 6832
1 6833
1 6834
1 6835
1 6836
1 6837
1 6838
1 6839
1 6840
1 6841
1 6842
1 6843
1 6844
1 6845
1 6846
1 6847
1 6848
1 6849
1 6850
1 6851
1 6852
1 6853
1 6854
1 6855
1 6856
1 6857
1 6858
1 6859
1 6860
1 6861
1 6862
1 6863
1 6864
1 6865
1 6866
1 6867
1 6868
1 6869
1 6870
1 6871
1 6872
1 6873
1 6874
1 6875
1 6876
1 6877
1 6878
1 6879
1 6880
1 6881
1 6882
1 6883
1 6884
1 6885
1 6886
1 6887
1 6888
1 6889
1 6890
1 6891
1 6892
1 6893
1 6894
1 6895
1 6896
1 6897
1 6898
1 6899
1 6900
1 6901
1 6902
1 6903
1 6904
1 6905
1 6906
1 6907
1 6908
1 6909
1 6910
1 6911
1 6912
1 6913
1 6914
1 6915
1 6916
1 6917
1 6918
1 6919
1 6920
1 6921
1 6922
1 6923
1 6924
1 6925
1 6926
1 6927
1 6928
1 6929
1 6930
1 6931
1 6932
1 6933
1 6934
1 6935
1 6936
1 6937
1 6938
1 6939
1 6940
1 6941
1 6942
1 6943
1 6944
1 6945
1 6946
1 6947
1 6948
1 6949
1 6950
1 6951
1 6952
1 6953
1 6954
1 6955
1 6956
1 6957
1 6958
1 6959
1 6960
1 6961
1 6962
1 6963
1 6964
1 6965
1 6966
1 6967
1 6968
1 6969
1 6970
1 6971
1 6972
1 6973
1 6974
1 6975
1 6976
1 6977
1 6978
1 6979
1 6980
1 6981
1 6982
1 6983
1 6984
1 6985
1 6986
1 6987
1 6988
1 6989
1 6990
1 6991
1 6992
1 6993
1 6994
1 6995
1 6996
1 6997
1 6998
1 6999
1 7000
1 7001
1 7002
1 7003
1 7004
1 7005
1 7006
1 7007
1 7008
1 7009
1 7010
1 7011
1 7012
1 7013
1 7014
1 7015
1 7016
1 7017
1 7018
1 7019
1 7020
1 7021
1 7022
1 7023
1 7024
1 7025
1 7026
1 7027
1 7028
1 7029
1 7030
1 7031
1 7032
1 7033
1 7034
1 7035
1 7036
1 7037
1 7038
1 7039
1 7040
1 7041
1 7042
1 7043
1 7044
1 7045
1 7046
1 7047
1 7048
1 7049
1 7050
1 7051
1 7052
1 7053
1 7054
1 7055
1 7056
1 7057
1 7058
1 7059
1 7060
1 7061
1 7062
1 7063
1 7064
1 7065
1 7066
1 7067
1 7068
1 7069
1 7070
1 7071
1 7072
1 7073
1 7074
1 7075
1 7076
1 7077
1 7078
1 7079
1 7080
1 7081
1 7082
1 7083
1 7084
1 7085
1 7086
1 7087
1 7088
1 7089
1 7090
1 7091
1 7092
1 7093
1 7094
1 7095
1 7096
1 7097
1 7098
1 7099
1 7100
1 7101
1 7102
1 7103
1 7104
1 7105
1 7106
1 7107
1 7108
1 7109
1 7110
1 7111
1 7112
1 7113
1 7114
1 7115
1 7116
1 7117
1 7118
1 7119
1 7120
1 7121
1 7122
1 7123
1 7124
1 7125
1 7126
1 7127
1 7128
1 7129
1 7130
1 7131
1 7132
1 7133
1 7134
1 7135
1 7136
1 7137
1 7138
1 7139
1 7140
1 7141
1 7142
1 7143
1 7144
1 7145
1 7146
1 7147
1 7148
1 7149
1 7150
1 7151
1 7152
1 7153
1 7154
1 7155
1 7156
1 7157
1 7158
1 7159
1 7160
1 7161
1 7162
1 7163
1 7164
1 7165
1 7166
1 7167
1 7168
1 7169
1 7170
1 7171
1 7172
1 7173
1 7174
1 7175
1 7176
1 7177
1 7178
1 7179
1 7180
1 7181
1 7182
1 7183
1 7184
1 7185
1 7186
1 7187
1 7188
1 7189
1 7190
1 7191
1 7192
1 7193
1 7194
1 7195
1 7196
1 7197
1 7198
1 7199
1 7200
1 7201
1 7202
1 7203
1 7204
1 7205
1 7206
1 7207
1 7208
1 7209
1 7210
1 7211
1 7212
1 7213
1 7214
1 7215
1 7216
1 7217
1 7218
1 7219
1 7220
1 7221
1 7222
1 7223
1 7224
1 7225
1 7226
1 7227
1 7228
1 7229
1 7230
1 7231
1 7232
1 7233
1 7234
1 7235
1 7236
1 7237
1 7238
1 7239
1 7240
1 7241
1 7242
1 7243
1 7244
1 7245
1 7246
1 7247
1 7248
1 7249
1 7250
1 7251
1 7252
1 7253
1 7254
1 7255
1 7256
1 7257
1 7258
1 7259
1 7260
1 7261
1 7262
1 7263
1 7264
1 7265
1 7266
1 7267
1 7268
1 7269
1 7270
1 7271
1 7272
1 7273
1 7274
1 7275
1 7276
1 7277
1 7278
1 7279
1 7280
1 7281
1 7282
1 7283
1 7284
1 7285
1 7286
1 7287
1 7288
1 7289
1 7290
1 7291
1 7292
1 7293
1 7294
1 7295
1 7296
1 7297
1 7298
1 7299
1 7300
1 7301
1 7302
1 7303
1 7304
1 7305
1 7306
1 7307
1 7308
1 7309
1 7310
1 7311
1 7312
1 7313
1 7314
1 7315
1 7316
1 7317
1 7318
1 7319
1 7320
1 7321
1 7322
1 7323
1 7324
1 7325
1 7326
1 7327
1 7328
1 7329
1 7330
1 7331
1 7332
1 7333
1 7334
1 7335
1 7336
1 7337
1 7338
1 7339
1 7340
1 7341
1 7342
1 7343
1 7344
1 7345
1 7346
1 7347
1 7348
1 7349
1 7350
1 7351
1 7352
1 7353
1 7354
1 7355
1 7356
1 7357
1 7358
1 7359
1 7360
1 7361
1 7362
1 7363
1 7364
1 7365
1 7366
1 7367
1 7368
1 7369
1 7370
1 7371
1 7372
1 7373
1 7374
1 7375
1 7376
1 7377
1 7378
1 7379
1 7380
1 7381
1 7382
1 7383
1 7384
1 7385
1 7386
1 7387
1 7388
1 7389
1 7390
1 7391
1 7392
1 7393
1 7394
1 7395
1 7396
1 7397
1 7398
1 7399
1 7400
1 7401
1 7402
1 7403
1 7404
1 7405
1 7406
1 7407
1 7408
1 7409
1 7410
1 7411
1 7412
1 7413
1 7414
1 7415
1 7416
1 7417
1 7418
1 7419
1 7420
1 7421
1 7422
1 7423
1 7424
1 7425
1 7426
1 7427
1 7428
1 7429
1 7430
1 7431
1 7432
1 7433
1 7434
1 7435
1 7436
1 7437
1 7438
1 7439
1 7440
1 7441
1 7442
1 7443
1 7444
1 7445
1 7446
1 7447
1 7448
1 7449
1 7450
1 7451
1 7452
1 7453
1 7454
1 7455
1 7456
1 7457
1 7458
1 7459
1 7460
1 7461
1 7462
1 7463
1 7464
1 7465
1 7466
1 7467
1 7468
1 7469
1 7470
1 7471
1 7472
1 7473
1 7474
1 7475
1 7476
1 7477
1 7478
1 7479
1 7480
1 7481
1 7482
1 7483
1 7484
1 7485
1 7486
1 7487
1 7488
1 7489
1 7490
1 7491
1 7492
1 7493
1 7494
1 7495
1 7496
1 7497
1 7498
1 7499
1 7500
1 7501
1 7502
1 7503
1 7504
1 7505
1 7506
1 7507
1 7508
1 7509
1 7510
1 7511
1 7512
1 7513
1 7514
1 7515
1 7516
1 7517
1 7518
1 7519
1 7520
1 7521
1 7522
1 7523
1 7524
1 7525
1 7526
1 7527
1 7528
1 7529
1 7530
1 7531
1 7532
1 7533
1 7534
1 7535
1 7536
1 7537
1 7538
1 7539
1 7540
1 7541
1 7542
1 7543
1 7544
1 7545
1 7546
1 7547
1 7548
1 7549
1 7550
1 7551
1 7552
1 7553
1 7554
1 7555
1 7556
1 7557
1 7558
1 7559
1 7560
1 7561
1 7562
1 7563
1 7564
1 7565
1 7566
1 7567
1 7568
1 7569
1 7570
1 7571
1 7572
1 7573
1 7574
1 7575
1 7576
1 7577
1 7578
1 7579
1 7580
1 7581
1 7582
1 7583
1 7584
1 7585
1 7586
1 7587
1 7588
1 7589
1 7590
1 7591
1 7592
1 7593
1 7594
1 7595
1 7596
1 7597
1 7598
1 7599
1 7600
1 7601
1 7602
1 7603
1 7604
1 7605
1 7606
1 7607
1 7608
1 7609
1 7610
1 7611
1 7612
1 7613
1 7614
1 7615
1 7616
1 7617
1 7618
1 7619
1 7620
1 7621
1 7622
1 7623
1 7624
1 7625
1 7626
1 7627
1 7628
1 7629
1 7630
1 7631
1 7632
1 7633
1 7634
1 7635
1 7636
1 7637
1 7638
1 7639
1 7640
1 7641
1 7642
1 7643
1 7644
1 7645
1 7646
1 7647
1 7648
1 7649
1 7650
1 7651
1 7652
1 7653
1 7654
1 7655
1 7656
1 7657
1 7658
1 7659
1 7660
1 7661
1 7662
1 7663
1 7664
1 7665
1 7666
1 7667
1 7668
1 7669
1 7670
1 7671
1 7672
1 7673
1 7674
1 7675
1 7676
1 7677
1 7678
1 7679
1 7680
1 7681
1 7682
1 7683
1 7684
1 7685
1 7686
1 7687
1 7688
1 7689
1 7690
1 7691
1 7692
1 7693
1 7694
1 7695
1 7696
1 7697
1 7698
1 7699
1 7700
1 7701
1 7702
1 7703
1 7704
1 7705
1 7706
1 7707
1 7708
1 7709
1 7710
1 7711
1 7712
1 7713
1 7714
1 7715
1 7716
1 7717
1 7718
1 7719
1 7720
1 7721
1 7722
1 7723
1 7724
1 7725
1 7726
1 7727
1 7728
1 7729
1 7730
1 7731
1 7732
1 7733
1 7734
1 7735
1 7736
1 7737
1 7738
1 7739
1 7740
1 7741
1 7742
1 7743
1 7744
1 7745
1 7746
1 7747
1 7748
1 7749
1 7750
1 7751
1 7752
1 7753
1 7754
1 7755
1 7756
1 7757
1 7758
1 7759
1 7760
1 7761
1 7762
1 7763
1 7764
1 7765
1 7766
1 7767
1 7768
1 7769
1 7770
1 7771
1 7772
1 7773
1 7774
1 7775
1 7776
1 7777
1 7778
1 7779
1 7780
1 7781
1 7782
1 7783
1 7784
1 7785
1 7786
1 7787
1 7788
1 7789
1 7790
1 7791
1 7792
1 7793
1 7794
1 7795
1 7796
1 7797
1 7798
1 7799
1 7800
1 7801
1 7802
1 7803
1 7804
1 7805
1 7806
1 7807
1 7808
1 7809
1 7810
1 7811
1 7812
1 7813
1 7814
1 7815
1 7816
1 7817
1 7818
1 7819
1 7820
1 7821
1 7822
1 7823
1 7824
1 7825
1 7826
1 7827
1 7828
1 7829
1 7830
1 7831
1 7832
1 7833
1 7834
1 7835
1 7836
1 7837
1 7838
1 7839
1 7840
1 7841
1 7842
1 7843
1 7844
1 7845
1 7846
1 7847
1 7848
1 7849
1 7850
1 7851
1 7852
1 7853
1 7854
1 7855
1 7856
1 7857
1 7858
1 7859
1 7860
1 7861
1 7862
1 7863
1 7864
1 7865
1 7866
1 7867
1 7868
1 7869
1 7870
1 7871
1 7872
1 7873
1 7874
1 7875
1 7876
1 7877
1 7878
1 7879
1 7880
1 7881
1 7882
1 7883
1 7884
1 7885
1 7886
1 7887
1 7888
1 7889
1 7890
1 7891
1 7892
1 7893
1 7894
1 7895
1 7896
1 7897
1 7898
1 7899
1 7900
1 7901
1 7902
1 7903
1 7904
1 7905
1 7906
1 7907
1 7908
1 7909
1 7910
1 7911
1 7912
1 7913
1 7914
1 7915
1 7916
1 7917
1 7918
1 7919
1 7920
1 7921
1 7922
1 7923
1 7924
1 7925
1 7926
1 7927
1 7928
1 7929
1 7930
1 7931
1 7932
1 7933
1 7934
1 7935
1 7936
1 7937
1 7938
1 7939
1 7940
1 7941
1 7942
1 7943
1 7944
1 7945
1 7946
1 7947
1 7948
1 7949
1 7950
1 7951
1 7952
1 7953
1 7954
1 7955
1 7956
1 7957
1 7958
1 7959
1 7960
1 7961
1 7962
1 7963
1 7964
1 7965
1 7966
1 7967
1 7968
1 7969
1 7970
1 7971
1 7972
1 7973
1 7974
1 7975
1 7976
1 7977
1 7978
1 7979
1 7980
1 7981
1 7982
1 7983
1 7984
1 7985
1 7986
1 7987
1 7988
1 7989
1 7990
1 7991
1 7992
1 7993
1 7994
1 7995
1 7996
1 7997
1 7998
1 7999
1 8000
1 8001
1 8002
1 8003
1 8004
1 8005
1 8006
1 8007
1 8008
1 8009
1 8010
1 8011
1 8012
1 8013
1 8014
1 8015
1 8016
1 8017
1 8018
1 8019
1 8020
1 8021
1 8022
1 8023
1 8024
1 8025
1 8026
1 8027
1 8028
1 8029
1 8030
1 8031
1 8032
1 8033
1 8034
1 8035
1 8036
1 8037
1 8038
1 8039
1 8040
1 8041
1 8042
1 8043
1 8044
1 8045
1 8046
1 8047
1 8048
1 8049
1 8050
1 8051
1 8052
1 8053
1 8054
1 8055
1 8056
1 8057
1 8058
1 8059
1 8060
1 8061
1 8062
1 8063
1 8064
1 8065
1 8066
1 8067
1 8068
1 8069
1 8070
1 8071
1 8072
1 8073
1 8074
1 8075
1 8076
1 8077
1 8078
1 8079
1 8080
1 8081
1 8082
1 8083
1 8084
1 8085
1 8086
1 8087
1 8088
1 8089
1 8090
1 8091
1 8092
1 8093
1 8094
1 8095
1 8096
1 8097
1 8098
1 8099
1 8100
1 8101
1 8102
1 8103
1 8104
1 8105
1 8106
1 8107
1 8108
1 8109
1 8110
1 8111
1 8112
1 8113
1 8114
1 8115
1 8116
1 8117
1 8118
1 8119
1 8120
1 8121
1 8122
1 8123
1 8124
1 8125
1 8126
1 8127
1 8128
1 8129
1 8130
1 8131
1 8132
1 8133
1 8134
1 8135
1 8136
1 8137
1 8138
1 8139
1 8140
1 8141
1 8142
1 8143
1 8144
1 8145
1 8146
1 8147
1 8148
1 8149
1 8150
1 8151
1 8152
1 8153
1 8154
1 8155
1 8156
1 8157
1 8158
1 8159
1 8160
1 8161
1 8162
1 8163
1 8164
1 8165
1 8166
1 8167
1 8168
1 8169
1 8170
1 8171
1 8172
1 8173
1 8174
1 8175
1 8176
1 8177
1 8178
1 8179
1 8180
1 8181
1 8182
1 8183
1 8184
1 8185
1 8186
1 8187
1 8188
1 8189
1 8190
1 8191
1 8192
1 8193
1 8194
1 8195
1 8196
1 8197
1 8198
1 8199
1 8200
1 8201
1 8202
1 8203
1 8204
1 8205
1 8206
1 8207
1 8208
1 8209
1 8210
1 8211
1 8212
1 8213
1 8214
1 8215
1 8216
1 8217
1 8218
1 8219
1 8220
1 8221
1 8222
1 8223
1 8224
1 8225
1 8226
1 8227
1 8228
1 8229
1 8230
1 8231
1 8232
1 8233
1 8234
1 8235
1 8236
1 8237
1 8238
1 8239
1 8240
1 8241
1 8242
1 8243
1 8244
1 8245
1 8246
1 8247
1 8248
1 8249
1 8250
1 8251
1 8252
1 8253
1 8254
1 8255
1 8256
1 8257
1 8258
1 8259
1 8260
1 8261
1 8262
1 8263
1 8264
1 8265
1 8266
1 8267
1 8268
1 8269
1 8270
1 8271
1 8272
1 8273
1 8274
1 8275
1 8276
1 8277
1 8278
1 8279
1 8280
1 8281
1 8282
1 8283
1 8284
1 8285
1 8286
1 8287
1 8288
1 8289
1 8290
1 8291
1 8292
1 8293
1 8294
1 8295
1 8296
1 8297
1 8298
1 8299
1 8300
1 8301
1 8302
1 8303
1 8304
1 8305
1 8306
1 8307
1 8308
1 8309
1 8310
1 8311
1 8312
1 8313
1 8314
1 8315
1 8316
1 8317
1 8318
1 8319
1 8320
1 8321
1 8322
1 8323
1 8324
1 8325
1 8326
1 8327
1 8328
1 8329
1 8330
1 8331
1 8332
1 8333
1 8334
1 8335
1 8336
1 8337
1 8338
1 8339
1 8340
1 8341
1 8342
1 8343
1 8344
1 8345
1 8346
1 8347
1 8348
1 8349
1 8350
1 8351
1 8352
1 8353
1 8354
1 8355
1 8356
1 8357
1 8358
1 8359
1 8360
1 8361
1 8362
1 8363
1 8364
1 8365
1 8366
1 8367
1 8368
1 8369
1 8370
1 8371
1 8372
1 8373
1 8374
1 8375
1 8376
1 8377
1 8378
1 8379
1 8380
1 8381
1 8382
1 8383
1 8384
1 8385
1 8386
1 8387
1 8388
1 8389
1 8390
1 8391
1 8392
1 8393
1 8394
1 8395
1 8396
1 8397
1 8398
1 8399
1 8400
1 8401
1 8402
1 8403
1 8404
1 8405
1 8406
1 8407
1 8408
1 8409
1 8410
1 8411
1 8412
1 8413
1 8414
1 8415
1 8416
1 8417
1 8418
1 8419
1 8420
1 8421
1 8422
1 8423
1 8424
1 8425
1 8426
1 8427
1 8428
1 8429
1 8430
1 8431
1 8432
1 8433
1 8434
1 8435
1 8436
1 8437
1 8438
1 8439
1 8440
1 8441
1 8442
1 8443
1 8444
1 8445
1 8446
1 8447
1 8448
1 8449
1 8450
1 8451
1 8452
1 8453
1 8454
1 8455
1 8456
1 8457
1 8458
1 8459
1 8460
1 8461
1 8462
1 8463
1 8464
1 8465
1 8466
1 8467
1 8468
1 8469
1 8470
1 8471
1 8472
1 8473
1 8474
1 8475
1 8476
1 8477
1 8478
1 8479
1 8480
1 8481
1 8482
1 8483
1 8484
1 8485
1 8486
1 8487
1 8488
1 8489
1 8490
1 8491
1 8492
1 8493
1 8494
1 8495
1 8496
1 8497
1 8498
1 8499
1 8500
1 8501
1 8502
1 8503
1 8504
1 8505
1 8506
1 8507
1 8508
1 8509
1 8510
1 8511
1 8512
1 8513
1 8514
1 8515
1 8516
1 8517
1 8518
1 8519
1 8520
1 8521
1 8522
1 8523
1 8524
1 8525
1 8526
1 8527
1 8528
1 8529
1 8530
1 8531
1 8532
1 8533
1 8534
1 8535
1 8536
1 8537
1 8538
1 8539
1 8540
1 8541
1 8542
1 8543
1 8544
1 8545
1 8546
1 8547
1 8548
1 8549
1 8550
1 8551
1 8552
1 8553
1 8554
1 8555
1 8556
1 8557
1 8558
1 8559
1 8560
1 8561
1 8562
1 8563
1 8564
1 8565
1 8566
1 8567
1 8568
1 8569
1 8570
1 8571
1 8572
1 8573
1 8574
1 8575
1 8576
1 8577
1 8578
1 8579
1 8580
1 8581
1 8582
1 8583
1 8584
1 8585
1 8586
1 8587
1 8588
1 8589
1 8590
1 8591
1 8592
1 8593
1 8594
1 8595
1 8596
1 8597
1 8598
1 8599
1 8600
1 8601
1 8602
1 8603
1 8604
1 8605
1 8606
1 8607
1 8608
1 8609
1 8610
1 8611
1 8612
1 8613
1 8614
1 8615
1 8616
1 8617
1 8618
1 8619
1 8620
1 8621
1 8622
1 8623
1 8624
1 8625
1 8626
1 8627
1 8628
1 8629
1 8630
1 8631
1 8632
1 8633
1 8634
1 8635
1 8636
1 8637
1 8638
1 8639
1 8640
1 8641
1 8642
1 8643
1 8644
1 8645
1 8646
1 8647
1 8648
1 8649
1 8650
1 8651
1 8652
1 8653
1 8654
1 8655
1 8656
1 8657
1 8658
1 8659
1 8660
1 8661
1 8662
1 8663
1 8664
1 8665
1 8666
1 8667
1 8668
1 8669
1 8670
1 8671
1 8672
1 8673
1 8674
1 8675
1 8676
1 8677
1 8678
1 8679
1 8680
1 8681
1 8682
1 8683
1 8684
1 8685
1 8686
1 8687
1 8688
1 8689
1 8690
1 8691
1 8692
1 8693
1 8694
1 8695
1 8696
1 8697
1 8698
1 8699
1 8700
1 8701
1 8702
1 8703
1 8704
1 8705
1 8706
1 8707
1 8708
1 8709
1 8710
1 8711
1 8712
1 8713
1 8714
1 8715
1 8716
1 8717
1 8718
1 8719
1 8720
1 8721
1 8722
1 8723
1 8724
1 8725
1 8726
1 8727
1 8728
1 8729
1 8730
1 8731
1 8732
1 8733
1 8734
1 8735
1 8736
1 8737
1 8738
1 8739
1 8740
1 8741
1 8742
1 8743
1 8744
1 8745
1 8746
1 8747
1 8748
1 8749
1 8750
1 8751
1 8752
1 8753
1 8754
1 8755
1 8756
1 8757
1 8758
1 8759
1 8760
1 8761
1 8762
1 8763
1 8764
1 8765
1 8766
1 8767
1 8768
1 8769
1 8770
1 8771
1 8772
1 8773
1 8774
1 8775
1 8776
1 8777
1 8778
1 8779
1 8780
1 8781
1 8782
1 8783
1 8784
1 8785
1 8786
1 8787
1 8788
1 8789
1 8790
1 8791
1 8792
1 8793
1 8794
1 8795
1 8796
1 8797
1 8798
1 8799
1 8800
1 8801
1 8802
1 8803
1 8804
1 8805
1 8806
1 8807
1 8808
1 8809
1 8810
1 8811
1 8812
1 8813
1 8814
1 8815
1 8816
1 8817
1 8818
1 8819
1 8820
1 8821
1 8822
1 8823
1 8824
1 8825
1 8826
1 8827
1 8828
1 8829
1 8830
1 8831
1 8832
1 8833
1 8834
1 8835
1 8836
1 8837
1 8838
1 8839
1 8840
1 8841
1 8842
1 8843
1 8844
1 8845
1 8846
1 8847
1 8848
1 8849
1 8850
1 8851
1 8852
1 8853
1 8854
1 8855
1 8856
1 8857
1 8858
1 8859
1 8860
1 8861
1 8862
1 8863
1 8864
1 8865
1 8866
1 8867
1 8868
1 8869
1 8870
1 8871
1 8872
1 8873
1 8874
1 8875
1 8876
1 8877
1 8878
1 8879
1 8880
1 8881
1 8882
1 8883
1 8884
1 8885
1 8886
1 8887
1 8888
1 8889
1 8890
1 8891
1 8892
1 8893
1 8894
1 8895
1 8896
1 8897
1 8898
1 8899
1 8900
1 8901
1 8902
1 8903
1 8904
1 8905
1 8906
1 8907
1 8908
1 8909
1 8910
1 8911
1 8912
1 8913
1 8914
1 8915
1 8916
1 8917
1 8918
1 8919
1 8920
1 8921
1 8922
1 8923
1 8924
1 8925
1 8926
1 8927
1 8928
1 8929
1 8930
1 8931
1 8932
1 8933
1 8934
1 8935
1 8936
1 8937
1 8938
1 8939
1 8940
1 8941
1 8942
1 8943
1 8944
1 8945
1 8946
1 8947
1 8948
1 8949
1 8950
1 8951
1 8952
1 8953
1 8954
1 8955
1 8956
1 8957
1 8958
1 8959
1 8960
1 8961
1 8962
1 8963
1 8964
1 8965
1 8966
1 8967
1 8968
1 8969
1 8970
1 8971
1 8972
1 8973
1 8974
1 8975
1 8976
1 8977
1 8978
1 8979
1 8980
1 8981
1 8982
1 8983
1 8984
1 8985
1 8986
1 8987
1 8988
1 8989
1 8990
1 8991
1 8992
1 8993
1 8994
1 8995
1 8996
1 8997
1 8998
1 8999
1 9000
1 9001
1 9002
1 9003
1 9004
1 9005
1 9006
1 9007
1 9008
1 9009
1 9010
1 9011
1 9012
1 9013
1 9014
1 9015
1 9016
1 9017
1 9018
1 9019
1 9020
1 9021
1 9022
1 9023
1 9024
1 9025
1 9026
1 9027
1 9028
1 9029
1 9030
1 9031
1 9032
1 9033
1 9034
1 9035
1 9036
1 9037
1 9038
1 9039
1 9040
1 9041
1 9042
1 9043
1 9044
1 9045
1 9046
1 9047
1 9048
1 9049
1 9050
1 9051
1 9052
1 9053
0 9054
0 9055
0 9056
0 9057
0 9058
0 9059
0 9060
0 9061
0 9062
0 9063
0 9064
0 9065
0 9066
0 9067
0 9068
0 9069
0 9070
0 9071
0 9072
0 9073
0 9074
0 9075
0 9076
0 9077
0 9078
0 9079
0 9080
0 9081
0 9082
0 9083
0 9084
0 9085
0 9086
0 9087
0 9088
0 9089
0 9090
0 9091
0 9092
0 9093
0 9094
0 9095
0 9096
0 9097
0 9098
0 9099
0 9100
0 9101
0 9102
0 9103
0 9104
0 9105
0 9106
0 9107
0 9108
0 9109
0 9110
0 9111
0 9112
0 9113
0 9114
0 9115
0 9116
0 9117
0 9118
0 9119
0 9120
0 9121
0 9122
0 9123
0 9124
0 9125
0 9126
0 9127
0 9128
0 9129
0 9130
0 9131
0 9132
0 9133
0 9134
0 9135
0 9136
0 9137
0 9138
0 9139
0 9140
0 9141
0 9142
0 9143
0 9144
0 9145
0 9146
0 9147
0 9148
0 9149
0 9150
0 9151
0 9152
0 9153
0 9154
0 9155
0 9156
0 9157
0 9158
0 9159
0 9160
0 9161
0 9162
0 9163
0 9164
0 9165
0 9166
0 9167
0 9168
0 9169
0 9170
0 9171
0 9172
0 9173
0 9174
0 9175
0 9176
0 9177
0 9178
0 9179
0 9180
0 9181
0 9182
0 9183
0 9184
0 9185
0 9186
0 9187
0 9188
0 9189
0 9190
0 9191
0 9192
0 9193
0 9194
0 9195
0 9196
0 9197
0 9198
0 9199
0 9200
0 9201
0 9202
0 9203
0 9204
0 9205
0 9206
0 9207
0 9208
0 9209
0 9210
0 9211
0 9212
0 9213
0 9214
0 9215
0 9216
0 9217
0 9218
0 9219
0 9220
0 9221
0 9222
0 9223
0 9224
0 9225
0 9226
0 9227
0 9228
0 9229
0 9230
0 9231
0 9232
0 9233
0 9234
0 9235
0 9236
0 9237
0 9238
0 9239
0 9240
0 9241
0 9242
0 9243
0 9244
0 9245
0 9246
0 9247
0 9248
0 9249
0 9250
0 9251
0 9252
0 9253
0 9254
0 9255
0 9256
0 9257
0 9258
0 9259
0 9260
0 9261
0 9262
0 9263
0 9264
0 9265
0 9266
0 9267
0 9268
0 9269
0 9270
0 9271
0 9272
0 9273
0 9274
0 9275
0 9276
0 9277
0 9278
0 9279
0 9280
0 9281
0 9282
0 9283
0 9284
0 9285
0 9286
0 9287
0 9288
0 9289
0 9290
0 9291
0 9292
0 9293
0 9294
0 9295
0 9296
0 9297
0 9298
0 9299
0 9300
0 9301
0 9302
0 9303
0 9304
0 9305
0 9306
0 9307
0 9308
0 9309
0 9310
0 9311
0 9312
0 9313
0 9314
0 9315
0 9316
0 9317
0 9318
0 9319
0 9320
0 9321
0 9322
0 9323
0 9324
0 9325
0 9326
0 9327
0 9328
0 9329
0 9330
0 9331
0 9332
0 9333
0 9334
0 9335
0 9336
0 9337
0 9338
0 9339
0 9340
0 9341
0 9342
0 9343
0 9344
0 9345
0 9346
0 9347
0 9348
0 9349
0 9350
0 9351
0 9352
0 9353
0 9354
0 9355
0 9356
0 9357
0 9358
0 9359
0 9360
0 9361
0 9362
0 9363
0 9364
0 9365
0 9366
0 9367
0 9368
0 9369
0 9370
0 9371
0 9372
0 9373
0 9374
0 9375
0 9376
0 9377
0 9378
0 9379
0 9380
0 9381
0 9382
0 9383
0 9384
0 9385
0 9386
0 9387
0 9388
0 9389
0 9390
0 9391
0 9392
0 9393
0 9394
0 9395
0 9396
0 9397
0 9398
0 9399
0 9400
0 9401
0 9402
0 9403
0 9404
0 9405
0 9406
0 9407
0 9408
0 9409
0 9410
0 9411
0 9412
0 9413
0 9414
0 9415
0 9416
0 9417
0 9418
0 9419
0 9420
0 9421
0 9422
0 9423
0 9424
0 9425
0 9426
0 9427
0 9428
0 9429
0 9430
0 9431
0 9432
0 9433
0 9434
0 9435
0 9436
0 9437
0 9438
0 9439
0 9440
0 9441
0 9442
0 9443
0 9444
0 9445
0 9446
0 9447
0 9448
0 9449
0 9450
0 9451
0 9452
0 9453
0 9454
0 9455
0 9456
0 9457
0 9458
0 9459
0 9460
0 9461
0 9462
0 9463
0 9464
0 9465
0 9466
0 9467
0 9468
0 9469
0 9470
0 9471
0 9472
0 9473
0 9474
0 9475
0 9476
0 9477
0 9478
0 9479
0 9480
0 9481
0 9482
0 9483
0 9484
0 9485
0 9486
0 9487
0 9488
0 9489
0 9490
0 9491
0 9492
0 9493
0 9494
0 9495
0 9496
0 9497
0 9498
0 9499
0 9500
0 9501
0 9502
0 9503
0 9504
0 9505
0 9506
0 9507
0 9508
0 9509
0 9510
0 9511
0 9512
0 9513
0 9514
0 9515
0 9516
0 9517
0 9518
0 9519
0 9520
0 9521
0 9522
0 9523
0 9524
0 9525
0 9526
0 9527
0 9528
0 9529
0 9530
0 9531
0 9532
0 9533
0 9534
0 9535
0 9536
0 9537
0 9538
0 9539
0 9540
0 9541
0 9542
0 9543
0 9544
0 9545
0 9546
0 9547
0 9548
0 9549
0 9550
0 9551
0 9552
0 9553
0 9554
0 9555
0 9556
0 9557
0 9558
0 9559
0 9560
0 9561
0 9562
0 9563
0 9564
0 9565
0 9566
0 9567
0 9568
0 9569
0 9570
0 9571
0 9572
0 9573
0 9574
0 9575
0 9576
0 9577
0 9578
0 9579
0 9580
0 9581
0 9582
0 9583
0 9584
0 9585
0 9586
0 9587
0 9588
0 9589
0 9590
0 9591
0 9592
0 9593
0 9594
0 9595
0 9596
0 9597
0 9598
0 9599
0 9600
0 9601
0 9602
0 9603
0 9604
0 9605
0 9606
0 9607
0 9608
0 9609
0 9610
0 9611
0 9612
0 9613
0 9614
0 9615
0 9616
0 9617
0 9618
0 9619
0 9620
0 9621
0 9622
0 9623
0 9624
0 9625
0 9626
0 9627
0 9628
0 9629
0 9630
0 9631
0 9632
0 9633
0 9634
0 9635
0 9636
0 9637
0 9638
0 9639
0 9640
0 9641
0 9642
0 9643
0 9644
0 9645
0 9646
0 9647
0 9648
0 9649
0 9650
0 9651
0 9652
0 9653
0 9654
0 9655
0 9656
0 9657
0 9658
0 9659
0 9660
0 9661
0 9662
0 9663
0 9664
0 9665
0 9666
0 9667
0 9668
0 9669
0 9670
0 9671
0 9672
0 9673
0 9674
0 9675
0 9676
0 9677
0 9678
0 9679
0 9680
0 9681
0 9682
0 9683
0 9684
0 9685
0 9686
0 9687
0 9688
0 9689
0 9690
0 9691
0 9692
0 9693
0 9694
0 9695
0 9696
0 9697
0 9698
0 9699
0 9700
0 9701
0 9702
0 9703
0 9704
0 9705
0 9706
0 9707
0 9708
0 9709
0 9710
0 9711
0 9712
0 9713
0 9714
0 9715
0 9716
0 9717
0 9718
0 9719
0 9720
0 9721
0 9722
0 9723
0 9724
0 9725
0 9726
0 9727
0 9728
0 9729
0 9730
0 9731
0 9732
0 9733
0 9734
0 9735
0 9736
0 9737
0 9738
0 9739
0 9740
0 9741
0 9742
0 9743
0 9744
0 9745
0 9746
0 9747
0 9748
0 9749
0 9750
0 9751
0 9752
0 9753
0 9754
0 9755
0 9756
0 9757
0 9758
0 9759
0 9760
0 9761
0 9762
0 9763
0 9764
0 9765
0 9766
0 9767
0 9768
0 9769
0 9770
0 9771
0 9772
0 9773
0 9774
0 9775
0 9776
0 9777
0 9778
0 9779
0 9780
0 9781
0 9782
0 9783
0 9784
0 9785
0 9786
0 9787
0 9788
0 9789
0 9790
0 9791
0 9792
0 9793
0 9794
0 9795
0 9796
0 9797
0 9798
0 9799
0 9800
0 9801
0 9802
0 9803
0 9804
0 9805
0 9806
0 9807
0 9808
0 9809
0 9810
0 9811
0 9812
0 9813
0 9814
0 9815
0 9816
0 9817
0 9818
0 9819
0 9820
0 9821
0 9822
0 9823
0 9824
0 9825
0 9826
0 9827
0 9828
0 9829
0 9830
0 9831
0 9832
0 9833
0 9834
0 9835
0 9836
0 9837
0 9838
0 9839
0 9840
0 9841
0 9842
0 9843
0 9844
0 9845
0 9846
0 9847
0 9848
0 9849
0 9850
0 9851
0 9852
0 9853
0 9854
0 9855
0 9856
0 9857
0 9858
0 9859
0 9860
0 9861
0 9862
0 9863
0 9864
0 9865
0 9866
0 9867
0 9868
0 9869
0 9870
0 9871
0 9872
0 9873
0 9874
0 9875
0 9876
0 9877
0 9878
0 9879
0 9880
0 9881
0 9882
0 9883
0 9884
0 9885
0 9886
0 9887
0 9888
0 9889
0 9890
0 9891
0 9892
0 9893
0 9894
0 9895
0 9896
0 9897
0 9898
0 9899
0 9900
0 9901
0 9902
0 9903
0 9904
0 9905
0 9906
0 9907
0 9908
0 9909
0 9910
0 9911
0 9912
0 9913
0 9914
0 9915
0 9916
0 9917
0 9918
0 9919
0 9920
0 9921
0 9922
0 9923
0 9924
0 9925
0 9926
0 9927
0 9928
0 9929
0 9930
0 9931
0 9932
0 9933
0 9934
0 9935
0 9936
0 9937
0 9938
0 9939
0 9940
0 9941
0 9942
0 9943
0 9944
0 9945
0 9946
0 9947
0 9948
0 9949
0 9950
0 9951
0 9952
0 9953
0 9954
0 9955
0 9956
0 9957
0 9958
0 9959
0 9960
0 9961
0 9962
0 9963
0 9964
0 9965
0 9966
0 9967
0 9968
0 9969
0 9970
0 9971
0 9972
0 9973
0 9974
0 9975
0 9976
0 9977
0 9978
0 9979
0 9980
0 9981
0 9982
0 9983
0 9984
0 9985
0 9986
0 9987
0 9988
0 9989
0 9990
0 9991
0 9992
0 9993
0 9994
0 9995
0 9996
0 9997
0 9998
0 9999
