0 43
0 125
0 101
0 13
0 11
0 112
0 68
0 58
0 79
0 77
0 70
0 53
0 76
0 88
0 97
0 31
0 82
0 119
0 86
0 98
0 106
0 91
0 80
0 41
0 28
0 73
0 55
0 74
0 59
0 35
0 50
0 109
0 71
0 46
0 47
0 32
0 95
0 107
0 1
0 23
0 17
0 34
0 4
0 52
0 61
0 38
0 85
0 26
0 83
0 64
0 20
0 104
0 56
0 124
0 103
0 14
0 121
0 118
0 49
0 116
0 100
0 110
0 37
0 65
0 67
0 62
0 10
0 22
0 19
0 25
0 44
0 2
0 5
0 29
0 16
1 45
1 60
1 108
1 57
1 0
1 99
1 63
1 84
1 66
1 21
1 111
1 72
1 42
1 39
1 18
1 9
1 117
1 12
1 15
1 78
1 120
1 6
1 51
1 87
1 81
1 114
1 36
1 3
1 54
1 48
1 93
1 30
1 69
1 105
1 96
1 90
1 123
