0 3455
0 3725
0 3244
0 3073
0 2741
0 4169
0 3015
0 582
0 1023
0 720
0 1649
0 4805
0 1419
0 924
0 4007
0 298
0 3737
0 4436
0 207
0 2782
0 4553
0 4847
0 3371
0 4768
0 4960
0 960
0 1386
0 4557
0 2565
0 600
0 951
0 1531
0 2473
0 806
0 2573
0 4094
0 4367
0 4568
0 159
0 1281
0 89
0 1003
0 4480
0 2749
0 1440
0 4818
0 2836
0 3534
0 235
0 1349
0 3018
0 3336
0 1271
0 4192
0 1312
0 2715
0 3766
0 4592
0 2502
0 1848
0 2662
0 1282
0 2068
0 4935
0 2886
0 17
0 2868
0 1701
0 3615
0 2030
0 1774
0 1912
0 454
0 2858
0 4511
0 2529
0 1115
0 3756
0 4072
0 4315
0 3445
0 976
0 1782
0 1454
0 1113
0 3305
0 3611
0 1520
0 2668
0 1902
0 3474
0 576
0 3108
0 3778
0 3543
0 2168
0 1809
0 2075
0 1582
0 607
0 4141
0 2541
0 4057
0 2000
0 999
0 936
0 1111
0 1805
0 2420
0 1955
0 4043
0 2322
0 4498
0 1744
0 2386
0 1148
0 4904
0 3841
0 3027
0 2428
0 4080
0 1369
0 2382
0 2526
0 1716
0 2110
0 315
0 53
0 4919
0 1016
0 2121
0 2338
0 966
0 4149
0 2998
0 4202
0 1651
0 1082
0 3403
0 2488
0 4803
0 4429
0 1367
0 476
0 252
0 4029
0 2186
0 1145
0 8
0 286
0 36
0 860
0 230
0 4802
0 833
0 2061
0 2536
0 953
0 813
0 175
0 4230
0 200
0 3109
0 2829
0 832
0 2017
0 1682
0 1764
0 1751
0 2986
0 1969
0 2120
0 4670
0 4239
0 4269
0 2118
0 602
0 819
0 2653
0 4844
0 1450
0 2976
0 3023
0 2305
0 2469
0 227
0 903
0 2040
0 550
0 2598
0 4975
0 3917
0 3500
0 2289
0 1391
0 383
0 4627
0 233
0 4385
0 1689
0 2344
0 3908
0 1323
0 2343
0 4019
0 3899
0 1719
0 4657
0 2283
0 4650
0 1364
0 2917
0 672
0 1903
0 2377
0 901
0 477
0 4023
0 1732
0 1204
0 4554
0 4754
0 4763
0 2108
0 179
0 4469
0 539
0 1448
0 2276
0 4764
0 2884
0 3080
0 2600
0 2804
0 3019
0 2210
0 4649
0 923
0 1118
0 1044
0 2758
0 1588
0 3319
0 642
0 479
0 3971
0 783
0 1083
0 437
0 3292
0 2756
0 1216
0 2556
0 1042
0 1898
0 1835
0 2748
0 4417
0 4488
0 3407
0 571
0 3256
0 3365
0 3408
0 4979
0 4697
0 1981
0 980
0 138
0 33
0 1523
0 1724
0 2879
0 3574
0 1871
0 906
0 3214
0 2464
0 3722
0 369
0 798
0 2046
0 424
0 197
0 435
0 4216
0 897
0 2507
0 978
0 1330
0 4259
0 4706
0 3268
0 1295
0 1984
0 3125
0 4288
0 2107
0 1658
0 1078
0 1486
0 1761
0 3004
0 124
0 327
0 180
0 3226
0 3344
0 643
0 4628
0 2047
0 4314
0 2806
0 4177
0 3119
0 356
0 1397
0 3477
0 2037
0 2719
0 892
0 3400
0 3750
0 2255
0 1600
0 2637
0 4039
0 3342
0 4118
0 2462
0 794
0 3806
0 341
0 612
0 3454
0 3851
0 4582
0 2624
0 3181
0 2181
0 1854
0 3946
0 3415
0 4769
0 2850
0 4993
0 3390
0 2703
0 4018
0 4109
0 2444
0 4840
0 589
0 3915
0 3559
0 1823
0 359
0 27
0 3046
0 1127
0 1404
0 4100
0 2139
0 2549
0 4926
0 570
0 1452
0 3398
0 4268
0 2302
0 638
0 4308
0 1820
0 3394
0 1109
0 1740
0 1185
0 1153
0 1733
0 4626
0 1351
0 4946
0 313
0 4058
0 625
0 3138
0 4567
0 1174
0 1142
0 2060
0 397
0 1101
0 2956
0 343
0 2787
0 1304
0 4541
0 987
0 3906
0 2630
0 250
0 2074
0 561
0 1350
0 2969
0 4334
0 4765
0 1863
0 769
0 94
0 4293
0 4574
0 567
0 4006
0 4816
0 3471
0 3360
0 1705
0 1187
0 4761
0 4868
0 1415
0 2028
0 1697
0 4158
0 4928
0 3037
0 4223
0 2997
0 2552
0 2439
0 2234
0 2053
0 3103
0 1672
0 719
0 4125
0 667
0 3172
0 3713
0 4139
0 396
0 4692
0 4826
0 1186
0 95
0 3496
0 891
0 4227
0 597
0 603
0 2166
0 3635
0 2727
0 3503
0 3124
0 3853
0 3294
0 4452
0 4319
0 1617
0 2365
0 653
0 4526
0 2372
0 1157
0 2918
0 3578
0 4419
0 2211
0 1463
0 1179
0 1804
0 172
0 4456
0 2304
0 4807
0 4233
0 187
0 2934
0 3406
0 1659
0 4340
0 3526
0 4113
0 4489
0 3374
0 568
0 3298
0 2554
0 105
0 99
0 1750
0 168
0 598
0 3935
0 1433
0 1950
0 2742
0 2551
0 1916
0 3510
0 3720
0 3885
0 2580
0 882
0 2652
0 2284
0 2931
0 1846
0 4620
0 414
0 4715
0 1092
0 1258
0 1325
0 1812
0 52
0 249
0 2078
0 2303
0 4412
0 1518
0 4749
0 1173
0 4095
0 3382
0 928
0 1747
0 2423
0 4538
0 3183
0 556
0 2854
0 4327
0 4528
0 4821
0 3135
0 4135
0 713
0 927
0 3458
0 3828
0 3843
0 2548
0 1442
0 3000
0 1737
0 150
0 1438
0 787
0 942
0 744
0 4129
0 577
0 4984
0 2857
0 1631
0 284
0 3652
0 1711
0 3287
0 504
0 3528
0 2781
0 4681
0 1276
0 3375
0 1057
0 2860
0 2814
0 4585
0 3150
0 2115
0 221
0 1336
0 4772
0 4077
0 3261
0 3604
0 4938
0 87
0 4221
0 4497
0 3186
0 728
0 3883
0 2744
0 1907
0 4066
0 1769
0 2864
0 3565
0 3651
0 947
0 3900
0 1038
0 3536
0 2499
0 3351
0 2474
0 3054
0 2287
0 1478
0 1091
0 3685
0 2846
0 4898
0 1939
0 3306
0 1947
0 4132
0 3967
0 919
0 675
0 2949
0 2487
0 2150
0 4240
0 77
0 3432
0 1923
0 1731
0 3459
0 2048
0 3680
0 4688
0 3938
0 4178
0 2545
0 1313
0 21
0 1361
0 3368
0 3248
0 3665
0 3631
0 4491
0 3372
0 1576
0 2785
0 2522
0 1266
0 3075
0 4834
0 4237
0 1880
0 1552
0 743
0 2594
0 4033
0 1272
0 622
0 357
0 2954
0 855
0 526
0 2158
0 4275
0 2684
0 2402
0 1948
0 1768
0 2293
0 3947
0 4338
0 922
0 4390
0 1156
0 510
0 4890
0 1499
0 2189
0 4416
0 2128
0 2332
0 2603
0 4042
0 812
0 1155
0 4776
0 126
0 4403
0 1557
0 3291
0 398
0 300
0 1102
0 3430
0 2271
0 177
0 641
0 2431
0 122
0 2415
0 2477
0 2678
0 4415
0 4421
0 1432
0 3302
0 2236
0 2268
0 3554
0 773
0 1734
0 4922
0 2144
0 1567
0 2458
0 2930
0 2540
0 2368
0 2621
0 4307
0 1317
0 3087
0 3222
0 4892
0 1784
0 1525
0 1381
0 3485
0 4127
0 1394
0 4812
0 4540
0 1243
0 3525
0 4865
0 4705
0 3176
0 32
0 661
0 2358
0 1220
0 1696
0 1054
0 1411
0 1498
0 4443
0 3649
0 2253
0 3904
0 4712
0 2651
0 4148
0 1346
0 3149
0 2412
0 3758
0 753
0 1164
0 522
0 3133
0 4493
0 157
0 3431
0 2558
0 515
0 921
0 3858
0 1932
0 1958
0 2250
0 46
0 1193
0 4122
0 1191
0 4529
0 2228
0 1793
0 1694
0 811
0 3768
0 520
0 162
0 1920
0 2739
0 192
0 2165
0 4108
0 3547
0 1925
0 3520
0 109
0 1858
0 4455
0 4331
0 3208
0 425
0 3531
0 3285
0 1593
0 4642
0 2272
0 1549
0 3358
0 1176
0 3622
0 4165
0 4603
0 3905
0 161
0 3532
0 3812
0 2307
0 2269
0 1792
0 47
0 3262
0 4969
0 1890
0 4643
0 2784
0 251
0 2546
0 2874
0 935
0 3928
0 1297
0 2947
0 1836
0 214
0 314
0 4399
0 834
0 4905
0 4354
0 4031
0 2356
0 403
0 62
0 4220
0 4858
0 178
0 4388
0 3070
0 2701
0 4439
0 1045
0 3279
0 537
0 1834
0 975
0 1580
0 1218
0 9
0 4939
0 4377
0 4753
0 2014
0 4206
0 3062
0 4027
0 647
0 2958
0 3213
0 3104
0 1147
0 2770
0 4054
0 4841
0 3728
0 1718
0 143
0 3346
0 1720
0 1482
0 3099
0 4713
0 4932
0 4845
0 4691
0 2334
0 3211
0 2849
0 662
0 1529
0 1063
0 1589
0 730
0 3120
0 1210
0 4915
0 399
0 1166
0 1650
0 1284
0 3609
0 2105
0 3184
0 4402
0 893
0 166
0 3856
0 2988
0 725
0 4710
0 2699
0 2843
0 4856
0 4014
0 4004
0 1134
0 210
0 2251
0 2859
0 3300
0 1931
0 116
0 4425
0 1340
0 1957
0 481
0 246
0 2486
0 2521
0 2839
0 877
0 2292
0 1403
0 793
0 3259
0 3310
0 722
0 2660
0 1068
0 2866
0 3618
0 530
0 3392
0 1623
0 815
0 4040
0 85
0 1819
0 1749
0 1066
0 2775
0 3671
0 478
0 2127
0 2823
0 1967
0 1294
0 3079
0 1983
0 3212
0 1051
0 2677
0 1130
0 668
0 4863
0 1326
0 4432
0 4394
0 2765
0 1837
0 4732
0 630
0 1196
0 964
0 3225
0 20
0 2453
0 3288
0 2755
0 2566
0 2039
0 4266
0 1998
0 75
0 3893
0 3924
0 2638
0 405
0 2167
0 226
0 4561
0 1035
0 1787
0 2728
0 1971
0 1816
0 306
0 3463
0 1626
0 3703
0 2157
0 1866
0 2202
0 151
0 3846
0 1807
0 2427
0 2982
0 2811
0 438
0 2890
0 2669
0 4143
0 4906
0 3925
0 2951
0 2793
0 3347
0 4588
0 90
0 4159
0 1370
0 448
0 2429
0 282
0 2946
0 2336
0 2198
0 3623
0 620
0 3607
0 2355
0 1264
0 1400
0 2641
0 2710
0 1772
0 3787
0 517
0 91
0 4484
0 4056
0 2539
0 2921
0 3229
0 2306
0 1190
0 3235
0 4071
0 1027
0 2926
0 4255
0 3472
0 4980
0 3056
0 1488
0 1832
0 4380
0 2137
0 3721
0 778
0 461
0 1213
0 1770
0 863
0 873
0 2591
0 4161
0 1356
0 4175
0 3221
0 1096
0 2135
0 382
0 2968
0 2339
0 3121
0 71
0 3919
0 3630
0 2241
0 3195
0 1547
0 4918
0 3755
0 3880
0 2910
0 4504
0 785
0 3218
0 765
0 3677
0 4609
0 683
0 2442
0 820
0 3738
0 2609
0 2258
0 4757
0 1226
0 2987
0 4750
0 4363
0 3920
0 2214
0 2766
0 1393
0 3533
0 261
0 2923
0 3572
0 1691
0 189
0 2024
0 3646
0 2619
0 4967
0 1646
0 245
0 3591
0 3281
0 3272
0 2125
0 1311
0 358
0 3978
0 1061
0 2913
0 231
0 4895
0 1693
0 3161
0 4422
0 2602
0 772
0 2993
0 4025
0 2364
0 1251
0 657
0 579
0 2629
0 626
0 29
0 3795
0 1767
0 2329
0 3586
0 2991
0 2134
0 1865
0 4279
0 2448
0 1627
0 2714
0 4777
0 745
0 4953
0 3145
0 4948
0 4204
0 2764
0 4648
0 969
0 3944
0 2812
0 4936
0 2337
0 3753
0 2404
0 2483
0 1407
0 4397
0 1250
0 4548
0 2021
0 1355
0 805
0 3362
0 3774
0 2015
0 3301
0 1300
0 1460
0 2184
0 482
0 1644
0 3076
0 3706
0 2370
0 850
0 4927
0 3366
0 1136
0 433
0 499
0 2702
0 4804
0 2711
0 3204
0 2963
0 3106
0 2532
0 1327
0 3483
0 1050
0 4410
0 795
0 1726
0 2816
0 4825
0 3959
0 319
0 2013
0 932
0 4700
0 2577
0 1384
0 2106
0 164
0 1788
0 506
0 1141
0 154
0 1753
0 3326
0 3647
0 4525
0 2778
0 2266
0 802
0 2254
0 2944
0 2848
0 3831
0 3875
0 4879
0 3044
0 1979
0 1527
0 945
0 1972
0 66
0 4087
0 417
0 2534
0 1414
0 3024
0 3413
0 155
0 338
0 2959
0 4364
0 4232
0 4490
0 262
0 1695
0 760
0 15
0 2824
0 1796
0 2936
0 1453
0 386
0 3391
0 4523
0 1752
0 209
0 3897
0 98
0 1321
0 441
0 2686
0 3207
0 3260
0 2362
0 2828
0 1423
0 564
0 4041
0 3247
0 3118
0 4633
0 3096
0 351
0 664
0 938
0 442
0 3810
0 1319
0 3202
0 3687
0 4271
0 3147
0 3101
0 4311
0 2914
0 3348
0 3116
0 1424
0 2394
0 4468
0 1548
0 1759
0 784
0 2019
0 453
0 4
0 1922
0 1728
0 254
0 3780
0 2789
0 4126
0 3132
0 3444
0 628
0 4320
0 1205
0 4783
0 1988
0 2506
0 125
0 1639
0 3940
0 1795
0 3599
0 2084
0 1777
0 4079
0 4954
0 118
0 4819
0 838
0 463
0 1869
0 3590
0 4951
0 2841
0 2294
0 1005
0 2672
0 1942
0 3955
0 1069
0 3860
0 1688
0 3112
0 4084
0 3723
0 3386
0 2911
0 4317
0 480
0 429
0 2321
0 2320
0 4051
0 2449
0 2156
0 2881
0 4171
0 1636
0 2494
0 2409
0 4467
0 831
0 2809
0 614
0 2225
0 993
0 1656
0 2883
0 3707
0 4640
0 1302
0 3965
0 322
0 3154
0 3512
0 2012
0 3246
0 6
0 4448
0 1535
0 3206
0 3823
0 3414
0 1088
0 4420
0 868
0 2403
0 519
0 3514
0 1366
0 1773
0 4291
0 3234
0 1084
0 747
0 1219
0 1868
0 1449
0 4876
0 42
0 1180
0 1492
0 911
0 2759
0 1008
0 4685
0 3303
0 665
0 4024
0 1841
0 3478
0 4966
0 985
0 2103
0 2869
0 1621
0 1129
0 2088
0 4059
0 2738
0 3041
0 1781
0 1509
0 3581
0 4600
0 4298
0 2313
0 4957
0 4708
0 4782
0 2933
0 4780
0 1678
0 2519
0 2873
0 3864
0 2152
0 2574
0 4313
0 2981
0 528
0 1554
0 693
0 2460
0 889
0 4815
0 194
0 1117
0 4261
0 2277
0 1465
0 1745
0 3771
0 4563
0 2421
0 3643
0 2093
0 360
0 4786
0 1605
0 621
0 2260
0 1126
0 4843
0 1471
0 4277
0 2791
0 1556
0 616
0 762
0 3761
0 2557
0 2026
0 3710
0 2179
0 771
0 4427
0 1815
0 1850
0 1982
0 3727
0 2126
0 219
0 4036
0 937
0 1055
0 3829
0 2003
0 512
0 3764
0 4524
0 1048
0 4115
0 1888
0 4518
0 1607
0 2350
0 462
0 821
0 2143
0 4565
0 1345
0 3606
0 4611
0 3869
0 3936
0 28
0 3048
0 3545
0 3517
0 3624
0 485
0 3983
0 3050
0 1909
0 1534
0 511
0 3895
0 3616
0 835
0 4623
0 4721
0 4090
0 2990
0 1727
0 4047
0 2525
0 4686
0 2663
0 3620
0 4245
0 763
0 2229
0 1561
0 4473
0 736
0 1611
0 809
0 217
0 4209
0 3911
0 3878
0 4545
0 3655
0 3409
0 3570
0 3088
0 415
0 3257
0 472
0 4272
0 3042
0 3337
0 1287
0 2625
0 723
0 4508
0 3746
0 585
0 3142
0 4987
0 1198
0 3113
0 2445
0 1278
0 547
0 2902
0 2073
0 347
0 4887
0 1484
0 2835
0 1236
0 818
0 3003
0 1368
0 843
0 1915
0 1253
0 2353
0 4958
0 4376
0 3690
0 4989
0 3349
0 2687
0 3448
0 3807
0 858
0 4838
0 1383
0 3847
0 1919
0 4075
0 1543
0 4104
0 895
0 203
0 2124
0 1010
0 1577
0 3844
0 2054
0 3367
0 132
0 3187
0 1071
0 1315
0 2673
0 1270
0 2922
0 4251
0 3464
0 474
0 3182
0 128
0 1637
0 1455
0 1681
0 3136
0 4030
0 102
0 4280
0 4584
0 1683
0 4197
0 133
0 4278
0 2803
0 847
0 4195
0 4831
0 1234
0 309
0 4296
0 340
0 1013
0 902
0 1929
0 3642
0 483
0 1599
0 3868
0 50
0 2985
0 24
0 742
0 215
0 2583
0 1207
0 2114
0 3921
0 2897
0 2227
0 4701
0 2070
0 106
0 488
0 4655
0 1584
0 377
0 3675
0 1202
0 4502
0 4336
0 1860
0 421
0 3814
0 4914
0 4900
0 3801
0 1491
0 776
0 3686
0 142
0 10
0 3069
0 3699
0 596
0 1887
0 2938
0 4550
0 2747
0 2222
0 2831
0 1987
0 1212
0 2901
0 1852
0 2734
0 1425
0 3511
0 4344
0 3065
0 3782
0 1755
0 4789
0 4361
0 2009
0 1058
0 1568
0 1961
0 2895
0 2042
0 3729
0 4651
0 2592
0 2512
0 710
0 4534
0 1799
0 1657
0 4696
0 2975
0 934
0 2725
0 395
0 4081
0 546
0 3632
0 538
0 619
0 1524
0 4173
0 2400
0 4147
0 4659
0 2173
0 4009
0 3932
0 4302
0 1541
0 371
0 409
0 4119
0 229
0 311
0 2367
0 3122
0 184
0 2183
0 4971
0 2082
0 2980
0 328
0 3796
0 3668
0 3943
0 2779
0 3658
0 886
0 4486
0 1614
0 2894
0 4596
0 4616
0 1692
0 3219
0 2072
0 505
0 195
0 2418
0 3960
0 2025
0 4891
0 4788
0 2680
0 3742
0 1307
0 702
0 2371
0 2036
0 3488
0 660
0 1043
0 1248
0 3551
0 3461
0 1456
0 4796
0 4787
0 637
0 2481
0 1878
0 1647
0 1093
0 4326
0 1603
0 3418
0 3865
0 2681
0 593
0 2832
0 1514
0 3265
0 3711
0 1550
0 606
0 3696
0 525
0 3231
0 1431
0 2833
0 2867
0 465
0 3476
0 4242
0 944
0 2327
0 992
0 4612
0 3199
0 703
0 2815
0 3064
0 2206
0 4463
0 3781
0 447
0 4224
0 4017
0 3239
0 633
0 4813
0 1338
0 3338
0 2732
0 3537
0 692
0 3589
0 276
0 1801
0 3608
0 60
0 2527
0 2059
0 3098
0 4093
0 803
0 2005
0 3236
0 2248
0 1542
0 1412
0 4032
0 2391
0 4669
0 51
0 4864
0 2611
0 2929
0 840
0 3626
0 2575
0 2467
0 962
0 3173
0 862
0 3140
0 2195
0 4860
0 2446
0 2635
0 948
0 4290
0 3253
0 4229
0 4179
0 428
0 4248
0 2280
0 2618
0 4055
0 2645
0 1060
0 2205
0 3594
0 1676
0 418
0 4510
0 3583
0 2055
0 1564
0 2705
0 2582
0 2750
0 1011
0 1105
0 255
0 4342
0 3355
0 4211
0 2962
0 3627
0 3845
0 4839
0 3166
0 3230
0 839
0 2707
0 460
0 706
0 1517
0 2761
0 3011
0 3032
0 3332
0 4822
0 3886
0 1352
0 1489
0 4116
0 4589
0 2203
0 1107
0 2878
0 2813
0 392
0 4634
0 4424
0 3507
0 1544
0 3401
0 4724
0 4306
0 631
0 1133
0 4615
0 1417
0 373
0 1710
0 1401
0 2385
0 881
0 303
0 2636
0 1324
0 3237
0 592
0 1171
0 378
0 2688
0 4613
0 2484
0 1268
0 3964
0 420
0 1461
0 910
0 1526
0 4369
0 334
0 4735
0 2330
0 4413
0 2098
0 4301
0 2147
0 4849
0 4885
0 4799
0 16
0 4102
0 4217
0 2083
0 26
0 54
0 866
0 2965
0 801
0 1398
0 4483
0 580
0 4986
0 1986
0 1818
0 1375
0 4962
0 3793
0 2471
0 2961
0 3026
0 2861
0 2190
0 3127
0 3210
0 1262
0 766
0 4973
0 4289
0 4862
0 4827
0 3876
0 484
0 1279
0 694
0 3035
0 4324
0 3784
0 1674
0 3009
0 290
0 4214
0 2924
0 2051
0 1260
0 368
0 3555
0 2247
0 887
0 4658
0 4933
0 4068
0 1052
0 1687
0 615
0 2972
0 4869
0 4917
0 236
0 1978
0 4117
0 979
0 2212
0 1845
0 1738
0 110
0 4370
0 2489
0 2369
0 5
0 384
0 1786
0 4281
0 4997
0 1806
0 375
0 4533
0 4074
0 1587
0 2022
0 931
0 3490
0 4963
0 2461
0 4050
0 1031
0 853
0 2482
0 2275
0 2392
0 4832
0 3950
0 4462
0 1996
0 3712
0 3296
0 4000
0 686
0 4737
0 3481
0 714
0 201
0 3267
0 2776
0 590
0 4481
0 1856
0 2581
0 1382
0 3439
0 2674
0 1299
0 4990
0 1004
0 3504
0 957
0 3322
0 3379
0 588
0 4728
0 3744
0 3808
0 34
0 1581
0 1913
0 1741
0 1025
0 3929
0 1217
0 49
0 4571
0 1310
0 1413
0 4774
0 3638
0 2080
0 304
0 3311
0 4505
0 3650
0 2323
0 2366
0 3025
0 1742
0 658
0 1263
0 4503
0 4913
0 2490
0 1791
0 2614
0 4264
0 4440
0 3752
0 4048
0 996
0 3824
0 2509
0 1565
0 3644
0 2798
0 2406
0 3200
0 654
0 3892
0 816
0 3456
0 1001
0 4784
0 2690
0 3548
0 3980
0 4909
0 861
0 807
0 1803
0 4560
0 4387
0 2743
0 3273
0 3552
0 584
0 4872
0 63
0 3709
0 3501
0 317
0 2957
0 2373
0 2264
0 3697
0 407
0 3466
0 1512
0 3436
0 4637
0 4707
0 689
0 2319
0 3621
0 3692
0 333
0 4396
0 69
0 1377
0 2333
0 3114
0 2314
0 4270
0 3164
0 735
0 3293
0 4062
0 4883
0 3053
0 2588
0 206
0 2675
0 3617
0 3889
0 1475
0 4188
0 3997
0 3912
0 3822
0 4734
0 1256
0 4667
0 4536
0 531
0 4555
0 3383
0 1418
0 84
0 1713
0 3704
0 2057
0 3981
0 1537
0 1462
0 11
0 3901
0 2524
0 3205
0 4727
0 3495
0 3061
0 153
0 4947
0 3645
0 4884
0 1121
0 682
0 1379
0 3657
0 3168
0 4321
0 669
0 2099
0 1376
0 3521
0 3315
0 4687
0 92
0 2281
0 401
0 1334
0 523
0 1033
0 41
0 3264
0 388
0 2401
0 324
0 35
0 1041
0 2416
0 270
0 1671
0 4172
0 2863
0 1242
0 648
0 2310
0 3353
0 1378
0 25
0 4213
0 1104
0 1357
0 3043
0 1883
0 1365
0 2291
0 1183
0 3141
0 2011
0 4482
0 552
0 782
0 1341
0 2086
0 3174
0 4437
0 605
0 342
0 4166
0 2422
0 3999
0 2324
0 3914
0 2056
0 2169
0 3402
0 2185
0 4253
0 2380
0 4912
0 3995
0 2454
0 925
0 2561
0 4660
0 3516
0 234
0 1634
0 1940
0 1439
0 1371
0 2119
0 1493
0 1896
0 494
0 4573
0 458
0 1652
0 2586
0 2694
0 4131
0 4791
0 2740
0 320
0 4599
0 2996
0 2092
0 4830
0 419
0 1970
0 4837
0 1474
0 1339
0 283
0 2426
0 3830
0 3988
0 4021
0 4028
0 2718
0 2570
0 3083
0 4645
0 3898
0 663
0 3601
0 55
0 2682
0 3527
0 1936
0 3327
0 549
0 632
0 4442
0 1116
0 361
0 1228
0 2279
0 2097
0 4597
0 4897
0 3839
0 4517
0 1797
0 2262
0 959
0 422
0 1760
0 4152
0 3963
0 594
0 323
0 4329
0 1405
0 2145
0 2387
0 2842
0 1975
0 3881
0 3663
0 3057
0 307
0 3216
0 2457
0 1480
0 1700
0 3363
0 905
0 3931
0 3492
0 2031
0 4305
0 119
0 4136
0 2131
0 129
0 984
0 4509
0 3855
0 165
0 4976
0 1481
0 4944
0 1131
0 1989
0 3923
0 2852
0 4674
0 363
0 1468
0 1429
0 4454
0 2146
0 1399
0 3312
0 1291
0 698
0 4343
0 1831
0 2436
0 761
0 3872
0 688
0 3498
0 4998
0 2695
0 1152
0 3716
0 70
0 2159
0 40
0 103
0 4400
0 3167
0 4878
0 3389
0 696
0 1829
0 297
0 1380
0 3802
0 491
0 4458
0 497
0 2838
0 4150
0 4465
0 1889
0 1881
0 4680
0 3832
0 2267
0 3833
0 196
0 3968
0 3734
0 890
0 1873
0 551
0 1062
0 1842
0 294
0 2555
0 1494
0 4662
0 2312
0 3708
0 2296
0 4318
0 470
0 1870
0 4244
0 2887
0 3480
0 3123
0 4328
0 4091
0 2388
0 792
0 450
0 680
0 3144
1 4931
1 3951
1 4748
1 2825
1 1908
1 3748
1 174
1 3090
1 2456
1 4566
1 674
1 3809
1 331
1 3354
1 3092
1 1074
1 4444
1 3800
1 1200
1 2172
1 1963
1 423
1 3773
1 1214
1 618
1 3034
1 3156
1 1408
1 3377
1 4049
1 4725
1 3421
1 2347
1 412
1 514
1 885
1 1170
1 4829
1 2237
1 2500
1 3991
1 1715
1 717
1 3962
1 4265
1 2379
1 1140
1 1633
1 2721
1 1625
1 3189
1 894
1 775
1 2737
1 4366
1 2795
1 2475
1 299
1 3438
1 1495
1 1128
1 4970
1 111
1 4194
1 4274
1 4797
1 2
1 3074
1 1244
1 2599
1 4218
1 4395
1 1934
1 3446
1 2807
1 1833
1 2865
1 4521
1 4859
1 2016
1 1441
1 4219
1 2665
1 1540
1 673
1 3544
1 788
1 4678
1 4241
1 857
1 678
1 167
1 1332
1 718
1 2132
1 2217
1 2706
1 2069
1 48
1 2847
1 1135
1 279
1 3561
1 4137
1 2122
1 4722
1 2547
1 318
1 4619
1 1314
1 3352
1 1573
1 3817
1 367
1 1941
1 2455
1 1199
1 4867
1 1421
1 1322
1 3275
1 4792
1 2497
1 611
1 4215
1 287
1 3417
1 4679
1 1536
1 3241
1 2559
1 2837
1 871
1 1875
1 1654
1 4199
1 2130
1 74
1 4352
1 3930
1 2983
1 3633
1 1990
1 402
1 1406
1 740
1 1390
1 3678
1 4263
1 3449
1 1347
1 445
1 701
1 2199
1 3767
1 2450
1 285
1 3039
1 3698
1 2109
1 1827
1 372
1 43
1 1864
1 4374
1 339
1 896
1 1974
1 4243
1 3760
1 3749
1 156
1 4842
1 533
1 3664
1 2063
1 1771
1 2955
1 1944
1 3489
1 3754
1 3970
1 970
1 3072
1 3669
1 2256
1 759
1 754
1 991
1 2102
1 1945
1 1506
1 1006
1 2085
1 4704
1 3984
1 2389
1 4937
1 926
1 3775
1 2794
1 1387
1 2994
1 2802
1 3877
1 3779
1 72
1 4823
1 3493
1 4606
1 2995
1 2176
1 83
1 440
1 1328
1 2100
1 954
1 501
1 2622
1 3863
1 2077
1 3588
1 3789
1 3077
1 1306
1 3540
1 2960
1 4759
1 3254
1 444
1 3324
1 1288
1 2853
1 2654
1 2935
1 426
1 869
1 4495
1 1951
1 2479
1 3084
1 1946
1 1813
1 1900
1 2535
1 1893
1 1363
1 2679
1 2777
1 574
1 3992
1 956
1 2491
1 2032
1 4371
1 967
1 2595
1 1410
1 3799
1 3792
1 3197
1 140
1 4339
1 4921
1 3873
1 2315
1 3165
1 3036
1 4911
1 2808
1 3882
1 0
1 3705
1 2928
1 908
1 1167
1 2297
1 3522
1 4899
1 3741
1 4870
1 4382
1 2459
1 864
1 248
1 591
1 1665
1 3220
1 1910
1 2215
1 1273
1 569
1 1194
1 3518
1 4249
1 1620
1 2649
1 205
1 2359
1 4559
1 2821
1 2071
1 4479
1 4189
1 777
1 3587
1 4901
1 1598
1 1158
1 3549
1 158
1 3443
1 288
1 2606
1 3059
1 1037
1 3582
1 1098
1 2870
1 56
1 241
1 2604
1 1857
1 558
1 3979
1 4675
1 3487
1 2877
1 1895
1 2041
1 325
1 2171
1 4256
1 4699
1 31
1 3185
1 4983
1 4719
1 2889
1 780
1 1510
1 3419
1 2553
1 4854
1 3688
1 3811
1 1396
1 2543
1 3600
1 2396
1 4310
1 1746
1 3177
1 1245
1 349
1 1265
1 1904
1 2717
1 3462
1 4923
1 4037
1 1086
1 4617
1 86
1 3045
1 3441
1 4335
1 3131
1 22
1 2399
1 2729
1 1502
1 3661
1 2643
1 1629
1 1427
1 329
1 1081
1 1778
1 1189
1 7
1 2939
1 4496
1 44
1 532
1 1076
1 2601
1 2393
1 3343
1 2627
1 1428
1 3751
1 748
1 2398
1 3546
1 3718
1 810
1 1779
1 3494
1 2498
1 107
1 1609
1 4146
1 2904
1 2160
1 2753
1 2568
1 1211
1 244
1 2693
1 2244
1 846
1 2656
1 170
1 3435
1 3209
1 1914
1 3082
1 3318
1 4741
1 4392
1 1354
1 2639
1 3598
1 3094
1 2216
1 310
1 292
1 949
1 188
1 2655
1 3693
1 2038
1 2178
1 4824
1 1899
1 135
1 566
1 3158
1 4067
1 101
1 1077
1 3803
1 4247
1 3188
1 4941
1 1553
1 2295
1 3740
1 4140
1 2133
1 1203
1 1619
1 3280
1 4920
1 711
1 544
1 995
1 4814
1 1277
1 4743
1 1437
1 2723
1 3848
1 1409
1 4015
1 3515
1 4120
1 1648
1 3634
1 3433
1 2891
1 841
1 1886
1 3794
1 4325
1 1085
1 3691
1 4083
1 1443
1 836
1 2257
1 3619
1 3874
1 4577
1 3998
1 4848
1 4652
1 2623
1 3813
1 4201
1 4551
1 2282
1 749
1 4747
1 4234
1 3977
1 2845
1 4794
1 2010
1 4156
1 2116
1 2593
1 1594
1 289
1 1690
1 23
1 4771
1 3191
1 321
1 76
1 3577
1 1252
1 3297
1 3739
1 2978
1 4733
1 3007
1 4514
1 1985
1 2374
1 79
1 452
1 4676
1 4151
1 3513
1 1562
1 3613
1 3404
1 1372
1 3694
1 2885
1 3378
1 1225
1 257
1 163
1 3573
1 3770
1 4258
1 1233
1 1591
1 651
1 1348
1 1343
1 4736
1 58
1 977
1 4003
1 2155
1 4181
1 1039
1 764
1 1469
1 1208
1 446
1 4809
1 3345
1 4537
1 2138
1 4661
1 1154
1 1257
1 495
1 2113
1 3425
1 3029
1 4690
1 604
1 3152
1 1528
1 1149
1 2800
1 3838
1 1426
1 1664
1 3170
1 4450
1 3157
1 1240
1 1877
1 2942
1 1267
1 4457
1 4663
1 393
1 3973
1 3640
1 1337
1 1921
1 1677
1 4222
1 3484
1 2562
1 265
1 716
1 3405
1 4882
1 3776
1 1007
1 617
1 332
1 4283
1 256
1 4073
1 1316
1 3560
1 238
1 4368
1 2263
1 3783
1 2196
1 1739
1 3952
1 1169
1 3223
1 4527
1 1725
1 2008
1 4846
1 3081
1 3033
1 4806
1 4167
1 1679
1 2799
1 3249
1 1956
1 4236
1 216
1 1885
1 983
1 4594
1 260
1 2188
1 2201
1 1604
1 1040
1 2002
1 4406
1 4720
1 2209
1 312
1 413
1 3636
1 971
1 4168
1 4874
1 4625
1 1229
1 4176
1 1172
1 1434
1 3357
1 4106
1 1292
1 4520
1 946
1 115
1 4985
1 1698
1 365
1 1855
1 1024
1 1188
1 410
1 560
1 4507
1 2855
1 2915
1 912
1 1151
1 2564
1 3637
1 1305
1 3700
1 1821
1 2893
1 148
1 1231
1 4602
1 645
1 1757
1 913
1 3529
1 3949
1 4414
1 4717
1 1342
1 1056
1 3859
1 2065
1 1274
1 950
1 4857
1 2066
1 534
1 3331
1 4451
1 1022
1 2820
1 4698
1 4145
1 4257
1 3396
1 3339
1 2348
1 1618
1 572
1 3566
1 73
1 986
1 726
1 1466
1 355
1 337
1 2354
1 1680
1 4401
1 3674
1 4191
1 3467
1 4903
1 1574
1 1995
1 3128
1 1021
1 3468
1 1360
1 4494
1 2417
1 3676
1 690
1 3542
1 3684
1 4174
1 1009
1 1249
1 353
1 120
1 4285
1 1215
1 4477
1 114
1 2148
1 1435
1 439
1 4184
1 2937
1 3724
1 1758
1 2104
1 2767
1 1707
1 3426
1 3584
1 3862
1 2164
1 4641
1 3308
1 1756
1 123
1 3002
1 65
1 2712
1 4208
1 527
1 1124
1 449
1 3732
1 1924
1 2700
1 2465
1 3333
1 1592
1 496
1 4076
1 1824
1 4755
1 108
1 2226
1 767
1 1980
1 4383
1 352
1 2605
1 2419
1 1034
1 301
1 4767
1 941
1 469
1 3888
1 3068
1 181
1 3013
1 3384
1 4636
1 4187
1 3307
1 2508
1 2140
1 2424
1 2709
1 3453
1 4303
1 2503
1 2050
1 875
1 3063
1 1046
1 2034
1 3857
1 1296
1 190
1 204
1 2246
1 30
1 2882
1 1632
1 4888
1 2290
1 3309
1 2089
1 3
1 4916
1 4011
1 4558
1 4950
1 1254
1 4438
1 4052
1 467
1 145
1 2182
1 4460
1 1930
1 4360
1 1237
1 541
1 997
1 171
1 2326
1 1230
1 1810
1 4447
1 988
1 4955
1 1087
1 1280
1 1064
1 2772
1 2563
1 2023
1 1608
1 18
1 459
1 3047
1 883
1 1785
1 4231
1 492
1 243
1 656
1 879
1 3107
1 97
1 2425
1 3682
1 1122
1 4347
1 900
1 814
1 770
1 2892
1 4852
1 3662
1 854
1 1094
1 3006
1 2035
1 1444
1 2634
1 4943
1 2452
1 3890
1 3475
1 346
1 3603
1 2667
1 3016
1 4965
1 1560
1 3948
1 644
1 2871
1 3155
1 1028
1 4570
1 1964
1 1675
1 2067
1 2872
1 4476
1 2187
1 2970
1 1763
1 1938
1 1595
1 610
1 3934
1 1100
1 2405
1 4034
1 2909
1 1392
1 1670
1 1496
1 3918
1 2518
1 880
1 4341
1 4005
1 4621
1 3276
1 4470
1 67
1 1373
1 3867
1 878
1 1927
1 4078
1 2298
1 4359
1 408
1 4142
1 117
1 542
1 2567
1 212
1 1070
1 4092
1 1269
1 3192
1 952
1 1114
1 4103
1 2252
1 3974
1 2346
1 774
1 972
1 578
1 3486
1 4908
1 374
1 1532
1 1977
1 1162
1 4418
1 4835
1 4282
1 3804
1 2328
1 2194
1 1662
1 3987
1 2433
1 3866
1 466
1 4082
1 271
1 3505
1 4472
1 3820
1 3110
1 1143
1 295
1 4994
1 4781
1 2345
1 2989
1 581
1 2530
1 1830
1 2716
1 4703
1 1516
1 1811
1 3834
1 2788
1 3785
1 3095
1 3282
1 4583
1 1754
1 1663
1 4924
1 4408
1 2657
1 1030
1 258
1 4138
1 4516
1 2797
1 2953
1 2111
1 3993
1 4988
1 2316
1 3328
1 3826
1 202
1 4800
1 213
1 4013
1 3798
1 434
1 1735
1 3038
1 259
1 3376
1 2691
1 1917
1 3289
1 2644
1 4880
1 1743
1 758
1 3329
1 2466
1 2950
1 4744
1 3953
1 498
1 1246
1 1146
1 2589
1 273
1 139
1 3159
1 3916
1 2520
1 4607
1 3681
1 2043
1 4391
1 3255
1 652
1 4501
1 223
1 78
1 2177
1 2197
1 3825
1 4228
1 3190
1 4012
1 3610
1 4112
1 1283
1 1563
1 2724
1 2049
1 4925
1 1748
1 824
1 3861
1 4934
1 1125
1 3469
1 4716
1 1844
1 1874
1 490
1 1235
1 1
1 3440
1 4702
1 1020
1 2952
1 1333
1 4646
1 684
1 3994
1 4088
1 1168
1 2270
1 1798
1 2515
1 3575
1 4543
1 464
1 390
1 1222
1 1119
1 2616
1 4276
1 2020
1 3126
1 2408
1 3412
1 916
1 516
1 3373
1 943
1 2058
1 57
1 509
1 3428
1 3299
1 3470
1 4349
1 3434
1 563
1 4653
1 2175
1 296
1 3196
1 1828
1 2514
1 1298
1 1578
1 2363
1 2671
1 1669
1 59
1 4672
1 4810
1 4873
1 3361
1 2162
1 2768
1 929
1 4186
1 1615
1 3585
1 1507
1 3836
1 685
1 2733
1 2440
1 2413
1 4587
1 708
1 443
1 4562
1 3388
1 131
1 741
1 185
1 756
1 968
1 4404
1 3605
1 4500
1 1014
1 2410
1 2610
1 1470
1 2480
1 381
1 828
1 3887
1 4779
1 4726
1 2964
1 2597
1 1335
1 3052
1 4833
1 1032
1 2875
1 3763
1 3759
1 1933
1 4499
1 1286
1 1859
1 3465
1 2578
1 237
1 4300
1 19
1 3641
1 2438
1 2301
1 2713
1 4353
1 4751
1 4575
1 2932
1 4853
1 4409
1 3562
1 4350
1 700
1 316
1 4107
1 1966
1 2443
1 2517
1 3129
1 3450
1 732
1 721
1 455
1 1794
1 4226
1 2149
1 1099
1 4485
1 3010
1 3427
1 1839
1 3819
1 1780
1 239
1 4365
1 2796
1 4038
1 2007
1 1160
1 1894
1 4046
1 2091
1 2840
1 3028
1 3146
1 3743
1 1301
1 1221
1 4292
1 2607
1 2390
1 4190
1 2231
1 2664
1 601
1 712
1 1047
1 1714
1 904
1 1089
1 3535
1 1653
1 3369
1 2966
1 3827
1 709
1 3580
1 2648
1 2790
1 4183
1 4614
1 724
1 2170
1 4362
1 1840
1 1776
1 274
1 2027
1 3479
1 1137
1 1459
1 3558
1 4778
1 1783
1 3251
1 4110
1 3891
1 4995
1 232
1 146
1 1483
1 3356
1 4549
1 3304
1 2544
1 224
1 3271
1 4316
1 2095
1 808
1 430
1 3797
1 3614
1 557
1 3666
1 613
1 4267
1 3659
1 4372
1 364
1 2033
1 3509
1 4273
1 3922
1 4453
1 362
1 4622
1 3162
1 277
1 1538
1 2590
1 1861
1 4124
1 1571
1 2004
1 4952
1 3313
1 1876
1 4851
1 2912
1 182
1 2141
1 4591
1 4446
1 751
1 3805
1 1597
1 2052
1 1655
1 2633
1 1937
1 2286
1 649
1 1309
1 1630
1 1638
1 3021
1 2906
1 4295
1 1227
1 623
1 1075
1 1511
1 1504
1 3701
1 3420
1 345
1 1472
1 1808
1 4294
1 2129
1 2232
1 4357
1 2090
1 4246
1 335
1 1660
1 2261
1 4624
1 2511
1 646
1 4871
1 4790
1 3985
1 4435
1 3539
1 3733
1 535
1 3695
1 451
1 4130
1 242
1 280
1 3612
1 2762
1 2754
1 3232
1 406
1 3564
1 3850
1 4252
1 3148
1 267
1 3447
1 1422
1 752
1 695
1 1708
1 4154
1 2342
1 3193
1 3745
1 4972
1 3903
1 822
1 3957
1 3715
1 4445
1 302
1 3350
1 348
1 4157
1 1049
1 3815
1 1717
1 705
1 639
1 4608
1 650
1 3576
1 2538
1 2154
1 3049
1 2927
1 3012
1 3393
1 2661
1 503
1 4389
1 2432
1 3091
1 93
1 2516
1 1209
1 2378
1 1513
1 1139
1 845
1 1901
1 281
1 4101
1 4731
1 2397
1 2434
1 1867
1 2213
1 1059
1 2096
1 4644
1 3334
1 4155
1 1628
1 4544
1 4671
1 1545
1 998
1 183
1 266
1 2414
1 2550
1 1882
1 799
1 2903
1 4718
1 2383
1 4711
1 2220
1 2584
1 2476
1 876
1 4322
1 3757
1 2760
1 727
1 3790
1 1721
1 1765
1 4428
1 3656
1 3769
1 3956
1 2626
1 2341
1 3093
1 540
1 144
1 2153
1 1640
1 4683
1 823
1 3939
1 431
1 4850
1 2542
1 3227
1 1891
1 3990
1 2151
1 4430
1 4123
1 3473
1 4128
1 3442
1 1968
1 2285
1 4907
1 3736
1 1374
1 1515
1 737
1 3870
1 4163
1 1358
1 3215
1 2916
1 4889
1 2569
1 1661
1 4961
1 3030
1 1080
1 1329
1 4355
1 2571
1 2925
1 1546
1 3969
1 2628
1 3314
1 247
1 112
1 2278
1 3702
1 1814
1 3816
1 3719
1 4492
1 848
1 2437
1 305
1 1159
1 1181
1 3278
1 1686
1 4552
1 416
1 2647
1 3568
1 3283
1 3060
1 3673
1 1843
1 2984
1 4160
1 2094
1 4532
1 1943
1 2318
1 3530
1 3596
1 2235
1 3653
1 884
1 1723
1 1177
1 3217
1 4200
1 4299
1 1239
1 849
1 4682
1 4604
1 4096
1 3842
1 4348
1 738
1 2763
1 4225
1 939
1 3364
1 4695
1 2501
1 1290
1 404
1 3325
1 4547
1 191
1 3269
1 1703
1 1293
1 3896
1 3102
1 1612
1 4875
1 4423
1 4522
1 3429
1 3066
1 1017
1 1530
1 4356
1 1197
1 4598
1 2971
1 3772
1 4745
1 3323
1 4375
1 1447
1 1389
1 2650
1 2908
1 3717
1 2463
1 872
1 3233
1 4968
1 4064
1 1073
1 1959
1 2898
1 888
1 2230
1 1879
1 2862
1 2827
1 4981
1 2308
1 1702
1 4593
1 96
1 852
1 1464
1 4742
1 1849
1 427
1 376
1 4866
1 3335
1 3380
1 4182
1 2612
1 733
1 1994
1 4185
1 500
1 2560
1 3277
1 4977
1 825
1 411
1 3437
1 909
1 1178
1 3100
1 2492
1 3557
1 2792
1 4398
1 225
1 432
1 1192
1 1473
1 3411
1 1036
1 1165
1 4758
1 4180
1 3777
1 1479
1 4893
1 4610
1 655
1 3316
1 4654
1 3266
1 61
1 4629
1 4992
1 3550
1 68
1 3835
1 4746
1 1918
1 930
1 1477
1 486
1 1331
1 2351
1 268
1 186
1 2265
1 3791
1 2123
1 2259
1 2977
1 2920
1 4793
1 2493
1 4345
1 3242
1 2880
1 2044
1 3818
1 1572
1 791
1 629
1 4929
1 4044
1 2752
1 1993
1 670
1 1775
1 4578
1 88
1 4207
1 3933
1 3245
1 3160
1 2905
1 2730
1 3961
1 4801
1 961
1 4235
1 1822
1 800
1 2191
1 1826
1 3151
1 2395
1 1645
1 3422
1 3595
1 973
1 2696
1 1555
1 4738
1 1110
1 608
1 2948
1 4070
1 3370
1 704
1 4940
1 3849
1 198
1 2309
1 2510
1 1445
1 1583
1 3593
1 1359
1 4085
1 3178
1 1108
1 3689
1 4569
1 555
1 1666
1 1853
1 3670
1 4542
1 4673
1 278
1 4378
1 3567
1 837
1 4002
1 336
1 4431
1 3180
1 380
1 193
1 565
1 2786
1 1736
1 1508
1 583
1 4808
1 3648
1 130
1 3238
1 2411
1 1026
1 1497
1 3460
1 707
1 4770
1 867
1 1505
1 253
1 1973
1 218
1 4346
1 918
1 1566
1 2773
1 1255
1 2451
1 4386
1 291
1 4121
1 4089
1 4035
1 1029
1 2735
1 4572
1 3381
1 1635
1 1586
1 2238
1 1601
1 907
1 2300
1 4665
1 599
1 4393
1 2224
1 4466
1 2736
1 844
1 2783
1 1558
1 4478
1 1960
1 739
1 4855
1 208
1 2018
1 4694
1 3786
1 2830
1 2349
1 3913
1 3597
1 1999
1 1223
1 1722
1 228
1 502
1 3571
1 1144
1 1790
1 4198
1 199
1 757
1 4605
1 2472
1 3137
1 4379
1 2273
1 2207
1 3654
1 436
1 1416
1 2468
1 3263
1 4297
1 2219
1 4723
1 391
1 2780
1 2726
1 1320
1 1012
1 113
1 82
1 3996
1 575
1 1000
1 1501
1 3179
1 1575
1 394
1 2642
1 4449
1 1976
1 1090
1 2112
1 3942
1 4020
1 659
1 786
1 4714
1 2447
1 2101
1 1232
1 4358
1 4601
1 1569
1 2193
1 3909
1 1285
1 275
1 3927
1 940
1 2596
1 2242
1 697
1 2974
1 4894
1 609
1 3538
1 699
1 2161
1 3660
1 624
1 2352
1 14
1 4133
1 4196
1 2587
1 1182
1 1952
1 746
1 4531
1 4817
1 4877
1 2136
1 4729
1 2533
1 829
1 2876
1 2640
1 4164
1 1385
1 3330
1 389
1 3821
1 3592
1 4945
1 489
1 4579
1 3879
1 865
1 1120
1 636
1 1451
1 4709
1 4210
1 344
1 1015
1 2221
1 1954
1 3629
1 1019
1 3735
1 3067
1 2771
1 1446
1 870
1 3014
1 2064
1 3274
1 2218
1 38
1 4434
1 4474
1 4590
1 981
1 1072
1 573
1 635
1 1067
1 4576
1 2523
1 1184
1 958
1 4487
1 2620
1 4407
1 3130
1 13
1 666
1 4411
1 2746
1 400
1 2659
1 1906
1 2384
1 4284
1 4026
1 3553
1 2851
1 1487
1 4556
1 173
1 3321
1 3201
1 3153
1 1521
1 518
1 536
1 3320
1 1353
1 4144
1 1476
1 1559
1 100
1 3250
1 4630
1 3416
1 2888
1 2805
1 2731
1 1201
1 4677
1 1673
1 4323
1 4475
1 1275
1 4991
1 160
1 4459
1 3078
1 1467
1 350
1 1602
1 1457
1 553
1 1596
1 4773
1 2899
1 3954
1 1175
1 2751
1 4535
1 4250
1 1224
1 1667
1 4203
1 1997
1 3228
1 955
1 676
1 4506
1 2045
1 387
1 4461
1 1668
1 2029
1 2495
1 790
1 1318
1 3198
1 1123
1 4756
1 272
1 4086
1 2200
1 3340
1 3171
1 2992
1 2317
1 4949
1 3854
1 3005
1 2076
1 1992
