0 14
0 1
0 2
0 13
0 11
0 6
0 18
0 19
0 10
0 4
0 21
0 0
0 8
0 23
0 9
0 15
0 12
0 5
0 20
0 16
0 7
1 103
1 190
1 263
1 85
1 345
1 338
1 91
1 163
1 214
1 169
1 63
1 311
1 147
1 204
1 212
1 121
1 287
1 89
1 343
1 117
1 305
1 128
1 294
1 329
1 216
1 344
1 315
1 25
1 36
1 325
1 347
1 107
1 69
1 101
1 67
1 327
1 297
1 168
1 58
1 94
1 350
1 90
1 331
1 122
1 224
1 41
1 32
1 99
1 207
1 51
1 178
1 352
1 202
1 81
1 146
1 230
1 293
1 127
1 208
1 228
1 303
1 357
1 83
1 165
1 222
1 321
1 288
1 157
1 49
1 86
1 231
1 70
1 152
1 322
1 162
1 295
1 232
1 339
1 259
1 309
1 50
1 243
1 192
1 312
1 187
1 145
1 276
1 80
1 289
1 253
1 307
1 256
1 142
1 158
1 24
1 199
1 244
1 97
1 341
1 139
1 310
1 348
1 176
1 246
1 189
1 301
1 57
1 173
1 215
1 340
1 106
1 160
1 54
1 318
1 180
1 88
1 183
1 59
1 221
1 273
1 153
1 95
1 174
1 237
1 274
1 251
1 213
1 229
1 78
1 191
1 291
1 188
1 324
1 351
1 292
1 113
1 137
1 313
1 248
1 328
1 119
1 304
1 120
1 255
1 130
1 47
1 26
1 29
1 184
1 161
1 239
1 346
1 98
1 84
1 38
1 302
1 66
1 332
1 201
1 247
1 298
1 141
1 356
1 177
1 74
1 314
1 87
1 92
1 129
1 336
1 61
1 262
1 285
1 261
1 37
1 271
1 283
1 125
1 353
1 31
1 217
1 195
1 73
1 257
1 254
1 133
1 114
1 219
1 196
1 34
1 264
1 48
1 323
1 299
1 181
1 354
1 30
1 75
1 330
1 151
1 286
1 300
1 220
1 45
1 290
1 143
1 118
1 42
1 46
1 112
1 135
1 223
1 233
1 43
1 333
1 269
1 227
1 123
1 270
1 115
1 359
1 33
1 182
1 109
1 140
1 53
1 64
1 40
1 170
1 200
1 102
1 136
1 211
1 206
1 296
1 235
1 156
1 240
1 225
1 316
1 154
1 27
1 76
1 337
1 234
1 44
1 100
1 242
1 104
1 266
1 172
1 144
1 335
1 138
1 148
1 93
1 210
1 55
1 355
1 308
1 258
1 281
1 342
1 272
1 282
1 72
1 131
1 209
1 198
1 226
1 60
1 82
1 68
1 218
1 134
1 28
1 149
1 126
1 62
1 179
1 79
1 108
1 124
1 252
1 205
1 349
1 96
1 56
1 241
1 334
1 250
1 249
1 279
1 317
1 238
1 267
1 186
1 77
1 358
1 35
1 110
1 268
