0 0
0 1
1 2
0 3
0 4
0 5
0 6
0 7
1 8
0 9
1 10
1 11
0 12
1 13
0 14
1 15
1 16
1 17
1 18
1 19
1 20
0 21
0 22
1 23
0 24
0 25
1 26
1 27
0 28
0 29
1 30
1 31
0 32
0 33
1 34
0 35
1 36
1 37
0 38
1 39
0 40
0 41
1 42
0 43
1 44
0 45
0 46
0 47
0 48
0 49
1 50
0 51
0 52
1 53
1 54
1 55
0 56
0 57
0 58
0 59
0 60
0 61
0 62
0 63
0 64
1 65
0 66
1 67
0 68
0 69
0 70
1 71
0 72
0 73
0 74
0 75
0 76
1 77
0 78
0 79
0 80
1 81
0 82
0 83
0 84
1 85
1 86
0 87
1 88
0 89
0 90
0 91
0 92
0 93
1 94
1 95
1 96
0 97
0 98
1 99
0 100
0 101
0 102
0 103
0 104
1 105
0 106
1 107
0 108
0 109
1 110
1 111
1 112
1 113
0 114
0 115
1 116
1 117
1 118
0 119
1 120
1 121
1 122
1 123
1 124
1 125
1 126
1 127
0 128
1 129
1 130
1 131
0 132
0 133
0 134
1 135
1 136
1 137
0 138
0 139
0 140
1 141
1 142
0 143
1 144
0 145
1 146
1 147
1 148
0 149
0 150
1 151
0 152
1 153
0 154
0 155
1 156
0 157
1 158
0 159
0 160
0 161
0 162
0 163
1 164
1 165
1 166
1 167
0 168
0 169
1 170
0 171
0 172
1 173
1 174
0 175
1 176
1 177
0 178
0 179
0 180
0 181
1 182
0 183
0 184
0 185
1 186
0 187
1 188
0 189
0 190
0 191
1 192
0 193
1 194
0 195
1 196
1 197
1 198
0 199
1 200
0 201
0 202
0 203
1 204
1 205
0 206
0 207
1 208
1 209
1 210
1 211
0 212
1 213
1 214
1 215
1 216
0 217
1 218
0 219
0 220
0 221
0 222
1 223
1 224
0 225
1 226
0 227
0 228
1 229
1 230
0 231
0 232
0 233
1 234
0 235
1 236
0 237
0 238
0 239
0 240
1 241
1 242
0 243
0 244
0 245
1 246
0 247
1 248
1 249
0 250
0 251
1 252
1 253
1 254
0 255
1 256
1 257
0 258
0 259
1 260
1 261
0 262
1 263
1 264
0 265
1 266
0 267
0 268
1 269
1 270
1 271
1 272
1 273
0 274
0 275
1 276
1 277
0 278
1 279
1 280
0 281
0 282
1 283
0 284
0 285
1 286
0 287
1 288
1 289
1 290
1 291
1 292
1 293
1 294
1 295
0 296
1 297
0 298
0 299
1 300
1 301
1 302
1 303
0 304
0 305
0 306
1 307
1 308
1 309
1 310
1 311
1 312
1 313
1 314
1 315
1 316
1 317
1 318
1 319
1 320
1 321
0 322
1 323
1 324
1 325
1 326
1 327
1 328
0 329
1 330
1 331
0 332
1 333
1 334
1 335
1 336
1 337
0 338
0 339
1 340
1 341
1 342
1 343
1 344
0 345
1 346
1 347
1 348
1 349
1 350
1 351
1 352
0 353
1 354
1 355
0 356
1 357
1 358
1 359
1 360
0 361
0 362
1 363
0 364
1 365
1 366
0 367
0 368
1 369
0 370
1 371
1 372
1 373
0 374
0 375
0 376
1 377
1 378
1 379
0 380
0 381
0 382
0 383
0 384
1 385
1 386
1 387
1 388
0 389
0 390
0 391
0 392
0 393
1 394
1 395
1 396
1 397
0 398
1 399
0 400
0 401
0 402
0 403
0 404
1 405
0 406
0 407
0 408
0 409
1 410
0 411
1 412
0 413
0 414
1 415
0 416
0 417
0 418
1 419
0 420
0 421
0 422
0 423
0 424
0 425
1 426
0 427
0 428
1 429
1 430
0 431
1 432
0 433
1 434
0 435
0 436
1 437
0 438
1 439
0 440
1 441
0 442
1 443
1 444
1 445
0 446
1 447
0 448
1 449
1 450
0 451
1 452
1 453
0 454
0 455
1 456
0 457
1 458
0 459
0 460
1 461
1 462
1 463
0 464
0 465
0 466
0 467
0 468
0 469
1 470
1 471
1 472
1 473
1 474
0 475
0 476
1 477
1 478
0 479
1 480
1 481
0 482
0 483
0 484
1 485
0 486
1 487
1 488
1 489
0 490
0 491
1 492
0 493
0 494
1 495
1 496
1 497
0 498
0 499
1 500
0 501
0 502
1 503
1 504
0 505
0 506
0 507
1 508
0 509
1 510
1 511
0 512
0 513
0 514
1 515
1 516
0 517
1 518
1 519
1 520
0 521
0 522
0 523
0 524
0 525
0 526
1 527
1 528
1 529
1 530
1 531
0 532
1 533
0 534
1 535
1 536
0 537
1 538
1 539
1 540
0 541
1 542
1 543
1 544
1 545
0 546
0 547
0 548
0 549
1 550
1 551
1 552
1 553
1 554
1 555
0 556
0 557
0 558
0 559
1 560
1 561
0 562
1 563
1 564
0 565
0 566
0 567
1 568
0 569
1 570
0 571
0 572
0 573
0 574
0 575
0 576
0 577
0 578
1 579
0 580
1 581
0 582
0 583
0 584
1 585
0 586
0 587
0 588
0 589
1 590
0 591
0 592
0 593
1 594
1 595
0 596
1 597
1 598
0 599
1 600
1 601
0 602
0 603
1 604
0 605
0 606
1 607
0 608
1 609
1 610
1 611
1 612
1 613
0 614
1 615
1 616
0 617
0 618
1 619
1 620
1 621
0 622
1 623
0 624
1 625
1 626
0 627
0 628
1 629
1 630
0 631
0 632
1 633
1 634
1 635
1 636
1 637
1 638
0 639
1 640
1 641
1 642
1 643
0 644
1 645
1 646
0 647
1 648
0 649
0 650
1 651
1 652
0 653
1 654
0 655
1 656
0 657
1 658
1 659
0 660
1 661
1 662
0 663
1 664
1 665
0 666
1 667
0 668
1 669
1 670
1 671
1 672
0 673
1 674
1 675
1 676
1 677
1 678
0 679
1 680
0 681
0 682
0 683
1 684
0 685
1 686
1 687
1 688
0 689
0 690
0 691
1 692
1 693
0 694
1 695
1 696
1 697
0 698
1 699
1 700
0 701
0 702
1 703
1 704
0 705
1 706
1 707
1 708
0 709
1 710
1 711
1 712
1 713
1 714
1 715
1 716
1 717
1 718
1 719
1 720
1 721
1 722
1 723
1 724
1 725
1 726
1 727
1 728
1 729
1 730
1 731
1 732
0 733
1 734
0 735
1 736
1 737
1 738
1 739
1 740
1 741
1 742
0 743
1 744
1 745
0 746
0 747
1 748
1 749
0 750
0 751
0 752
1 753
1 754
0 755
0 756
1 757
0 758
0 759
1 760
1 761
1 762
0 763
1 764
1 765
1 766
1 767
1 768
0 769
0 770
1 771
1 772
0 773
1 774
0 775
0 776
0 777
0 778
1 779
1 780
1 781
1 782
0 783
1 784
0 785
0 786
1 787
0 788
0 789
1 790
1 791
0 792
1 793
1 794
0 795
1 796
0 797
1 798
1 799
1 800
0 801
1 802
1 803
0 804
1 805
1 806
1 807
1 808
0 809
0 810
1 811
0 812
1 813
0 814
1 815
1 816
0 817
0 818
1 819
1 820
0 821
0 822
1 823
0 824
1 825
1 826
0 827
0 828
1 829
0 830
1 831
0 832
0 833
0 834
1 835
1 836
1 837
0 838
0 839
0 840
0 841
0 842
0 843
1 844
0 845
0 846
1 847
0 848
0 849
0 850
1 851
1 852
1 853
1 854
0 855
1 856
0 857
0 858
0 859
1 860
1 861
1 862
1 863
0 864
1 865
0 866
1 867
1 868
1 869
1 870
0 871
0 872
1 873
0 874
0 875
0 876
1 877
0 878
1 879
1 880
0 881
1 882
0 883
0 884
1 885
0 886
1 887
1 888
1 889
1 890
0 891
0 892
1 893
0 894
1 895
0 896
1 897
0 898
0 899
0 900
0 901
1 902
0 903
0 904
1 905
0 906
0 907
1 908
0 909
1 910
0 911
1 912
1 913
1 914
0 915
1 916
1 917
1 918
1 919
1 920
1 921
0 922
1 923
0 924
0 925
0 926
0 927
1 928
0 929
1 930
1 931
0 932
1 933
0 934
1 935
1 936
1 937
0 938
0 939
0 940
0 941
0 942
1 943
0 944
1 945
0 946
0 947
1 948
0 949
0 950
0 951
0 952
1 953
1 954
0 955
0 956
0 957
0 958
0 959
0 960
1 961
1 962
1 963
1 964
0 965
1 966
0 967
1 968
1 969
0 970
1 971
0 972
0 973
1 974
1 975
0 976
1 977
0 978
1 979
1 980
0 981
1 982
0 983
0 984
0 985
1 986
1 987
0 988
0 989
0 990
1 991
1 992
1 993
1 994
0 995
1 996
1 997
1 998
1 999
0 1000
1 1001
1 1002
0 1003
0 1004
0 1005
1 1006
1 1007
0 1008
0 1009
0 1010
1 1011
0 1012
0 1013
0 1014
0 1015
1 1016
1 1017
1 1018
0 1019
1 1020
0 1021
0 1022
0 1023
1 1024
1 1025
1 1026
0 1027
1 1028
1 1029
1 1030
1 1031
1 1032
1 1033
1 1034
1 1035
1 1036
1 1037
0 1038
1 1039
1 1040
0 1041
1 1042
0 1043
1 1044
0 1045
0 1046
1 1047
0 1048
1 1049
1 1050
0 1051
0 1052
1 1053
0 1054
1 1055
0 1056
1 1057
1 1058
1 1059
1 1060
1 1061
1 1062
1 1063
1 1064
1 1065
0 1066
1 1067
1 1068
1 1069
1 1070
1 1071
0 1072
1 1073
1 1074
0 1075
1 1076
1 1077
0 1078
1 1079
1 1080
1 1081
0 1082
0 1083
1 1084
0 1085
0 1086
1 1087
1 1088
0 1089
0 1090
1 1091
0 1092
1 1093
0 1094
1 1095
1 1096
0 1097
0 1098
0 1099
0 1100
0 1101
0 1102
0 1103
0 1104
0 1105
1 1106
1 1107
0 1108
1 1109
1 1110
1 1111
0 1112
1 1113
0 1114
1 1115
1 1116
1 1117
1 1118
1 1119
0 1120
1 1121
1 1122
1 1123
1 1124
1 1125
1 1126
1 1127
1 1128
1 1129
1 1130
1 1131
1 1132
0 1133
1 1134
1 1135
1 1136
1 1137
1 1138
1 1139
0 1140
1 1141
1 1142
1 1143
1 1144
1 1145
1 1146
1 1147
1 1148
1 1149
0 1150
1 1151
1 1152
0 1153
1 1154
1 1155
1 1156
1 1157
1 1158
1 1159
1 1160
0 1161
0 1162
1 1163
1 1164
0 1165
1 1166
0 1167
0 1168
1 1169
0 1170
0 1171
0 1172
1 1173
0 1174
0 1175
1 1176
0 1177
1 1178
1 1179
1 1180
0 1181
0 1182
1 1183
1 1184
0 1185
0 1186
1 1187
1 1188
1 1189
0 1190
1 1191
0 1192
1 1193
0 1194
1 1195
1 1196
0 1197
1 1198
1 1199
1 1200
0 1201
0 1202
0 1203
0 1204
1 1205
1 1206
0 1207
0 1208
1 1209
0 1210
0 1211
1 1212
0 1213
1 1214
1 1215
1 1216
0 1217
0 1218
1 1219
0 1220
0 1221
1 1222
1 1223
0 1224
1 1225
0 1226
1 1227
0 1228
1 1229
1 1230
0 1231
0 1232
0 1233
1 1234
0 1235
0 1236
0 1237
1 1238
0 1239
1 1240
0 1241
0 1242
1 1243
0 1244
1 1245
0 1246
1 1247
1 1248
0 1249
1 1250
0 1251
1 1252
0 1253
0 1254
0 1255
1 1256
0 1257
1 1258
1 1259
1 1260
1 1261
1 1262
0 1263
1 1264
1 1265
0 1266
1 1267
1 1268
1 1269
1 1270
1 1271
1 1272
1 1273
0 1274
0 1275
1 1276
0 1277
1 1278
1 1279
0 1280
0 1281
1 1282
0 1283
0 1284
1 1285
1 1286
0 1287
0 1288
1 1289
0 1290
0 1291
0 1292
1 1293
1 1294
0 1295
1 1296
1 1297
0 1298
0 1299
0 1300
0 1301
0 1302
1 1303
0 1304
1 1305
1 1306
0 1307
0 1308
1 1309
0 1310
1 1311
0 1312
1 1313
1 1314
0 1315
1 1316
1 1317
0 1318
1 1319
0 1320
1 1321
0 1322
1 1323
0 1324
1 1325
1 1326
1 1327
1 1328
1 1329
0 1330
0 1331
1 1332
0 1333
0 1334
1 1335
1 1336
1 1337
0 1338
0 1339
0 1340
1 1341
1 1342
0 1343
1 1344
0 1345
1 1346
1 1347
0 1348
1 1349
1 1350
0 1351
0 1352
0 1353
0 1354
1 1355
1 1356
1 1357
0 1358
1 1359
0 1360
0 1361
1 1362
1 1363
0 1364
1 1365
0 1366
0 1367
0 1368
1 1369
0 1370
1 1371
0 1372
0 1373
0 1374
0 1375
1 1376
1 1377
0 1378
0 1379
1 1380
1 1381
1 1382
1 1383
1 1384
1 1385
1 1386
0 1387
0 1388
0 1389
0 1390
1 1391
1 1392
0 1393
0 1394
0 1395
1 1396
0 1397
1 1398
1 1399
1 1400
0 1401
0 1402
1 1403
1 1404
1 1405
1 1406
0 1407
1 1408
0 1409
0 1410
1 1411
1 1412
0 1413
1 1414
1 1415
1 1416
0 1417
1 1418
1 1419
0 1420
0 1421
0 1422
1 1423
1 1424
1 1425
0 1426
1 1427
0 1428
0 1429
1 1430
0 1431
1 1432
0 1433
0 1434
1 1435
0 1436
0 1437
0 1438
0 1439
1 1440
0 1441
0 1442
1 1443
0 1444
0 1445
1 1446
1 1447
0 1448
1 1449
1 1450
0 1451
0 1452
1 1453
1 1454
1 1455
0 1456
0 1457
0 1458
1 1459
1 1460
1 1461
1 1462
1 1463
1 1464
1 1465
1 1466
0 1467
1 1468
1 1469
1 1470
0 1471
0 1472
0 1473
0 1474
0 1475
1 1476
1 1477
0 1478
0 1479
0 1480
0 1481
0 1482
0 1483
0 1484
0 1485
0 1486
0 1487
1 1488
1 1489
1 1490
0 1491
0 1492
1 1493
1 1494
1 1495
1 1496
1 1497
0 1498
1 1499
1 1500
0 1501
0 1502
1 1503
0 1504
0 1505
0 1506
0 1507
1 1508
1 1509
0 1510
0 1511
1 1512
1 1513
1 1514
0 1515
1 1516
0 1517
0 1518
1 1519
1 1520
0 1521
1 1522
0 1523
0 1524
0 1525
0 1526
1 1527
1 1528
1 1529
1 1530
1 1531
1 1532
0 1533
1 1534
0 1535
0 1536
1 1537
1 1538
1 1539
0 1540
1 1541
0 1542
1 1543
1 1544
1 1545
1 1546
1 1547
1 1548
1 1549
1 1550
1 1551
1 1552
1 1553
1 1554
1 1555
0 1556
1 1557
1 1558
0 1559
0 1560
0 1561
0 1562
0 1563
0 1564
0 1565
1 1566
0 1567
0 1568
0 1569
0 1570
0 1571
0 1572
1 1573
1 1574
1 1575
1 1576
1 1577
0 1578
1 1579
1 1580
1 1581
1 1582
0 1583
0 1584
0 1585
1 1586
1 1587
1 1588
1 1589
0 1590
1 1591
1 1592
1 1593
0 1594
0 1595
1 1596
0 1597
0 1598
1 1599
1 1600
1 1601
1 1602
0 1603
0 1604
0 1605
0 1606
0 1607
0 1608
0 1609
1 1610
0 1611
1 1612
1 1613
1 1614
1 1615
0 1616
1 1617
0 1618
1 1619
1 1620
1 1621
1 1622
0 1623
0 1624
1 1625
0 1626
1 1627
1 1628
1 1629
1 1630
0 1631
1 1632
0 1633
1 1634
0 1635
0 1636
0 1637
0 1638
0 1639
0 1640
0 1641
1 1642
1 1643
1 1644
1 1645
1 1646
0 1647
0 1648
1 1649
0 1650
1 1651
1 1652
1 1653
1 1654
1 1655
1 1656
0 1657
1 1658
1 1659
1 1660
1 1661
0 1662
1 1663
1 1664
1 1665
0 1666
1 1667
1 1668
0 1669
1 1670
1 1671
1 1672
0 1673
0 1674
1 1675
0 1676
0 1677
0 1678
1 1679
1 1680
0 1681
1 1682
1 1683
1 1684
0 1685
1 1686
0 1687
1 1688
0 1689
1 1690
0 1691
1 1692
0 1693
1 1694
0 1695
0 1696
1 1697
1 1698
1 1699
1 1700
1 1701
0 1702
1 1703
0 1704
0 1705
1 1706
1 1707
0 1708
0 1709
0 1710
1 1711
1 1712
1 1713
1 1714
0 1715
1 1716
0 1717
0 1718
1 1719
1 1720
1 1721
1 1722
1 1723
0 1724
1 1725
1 1726
0 1727
0 1728
1 1729
0 1730
1 1731
1 1732
0 1733
0 1734
1 1735
1 1736
0 1737
0 1738
1 1739
0 1740
1 1741
0 1742
1 1743
0 1744
0 1745
1 1746
0 1747
1 1748
0 1749
0 1750
0 1751
1 1752
1 1753
1 1754
1 1755
1 1756
0 1757
0 1758
1 1759
0 1760
1 1761
0 1762
0 1763
0 1764
1 1765
1 1766
1 1767
1 1768
1 1769
1 1770
0 1771
0 1772
1 1773
1 1774
0 1775
0 1776
1 1777
1 1778
0 1779
1 1780
1 1781
0 1782
0 1783
1 1784
1 1785
1 1786
1 1787
1 1788
1 1789
1 1790
0 1791
0 1792
0 1793
1 1794
1 1795
0 1796
0 1797
0 1798
0 1799
0 1800
1 1801
1 1802
1 1803
0 1804
1 1805
1 1806
1 1807
1 1808
1 1809
1 1810
1 1811
0 1812
1 1813
0 1814
1 1815
1 1816
1 1817
1 1818
1 1819
1 1820
0 1821
1 1822
1 1823
1 1824
0 1825
1 1826
1 1827
0 1828
1 1829
0 1830
1 1831
0 1832
1 1833
1 1834
1 1835
0 1836
0 1837
1 1838
1 1839
1 1840
1 1841
0 1842
1 1843
1 1844
1 1845
0 1846
0 1847
1 1848
0 1849
0 1850
0 1851
1 1852
0 1853
1 1854
0 1855
0 1856
1 1857
0 1858
0 1859
1 1860
1 1861
0 1862
1 1863
1 1864
0 1865
0 1866
1 1867
0 1868
0 1869
1 1870
1 1871
0 1872
0 1873
0 1874
1 1875
0 1876
0 1877
0 1878
1 1879
1 1880
1 1881
1 1882
1 1883
1 1884
1 1885
1 1886
0 1887
1 1888
0 1889
1 1890
0 1891
0 1892
0 1893
1 1894
0 1895
1 1896
1 1897
0 1898
1 1899
1 1900
1 1901
1 1902
1 1903
0 1904
0 1905
1 1906
1 1907
1 1908
1 1909
0 1910
1 1911
1 1912
0 1913
0 1914
1 1915
1 1916
0 1917
1 1918
1 1919
1 1920
0 1921
0 1922
0 1923
1 1924
0 1925
0 1926
1 1927
0 1928
0 1929
1 1930
0 1931
0 1932
1 1933
1 1934
1 1935
1 1936
0 1937
0 1938
1 1939
1 1940
1 1941
1 1942
1 1943
1 1944
1 1945
1 1946
1 1947
1 1948
1 1949
1 1950
0 1951
1 1952
1 1953
1 1954
1 1955
1 1956
1 1957
1 1958
1 1959
1 1960
0 1961
1 1962
1 1963
1 1964
0 1965
1 1966
1 1967
0 1968
1 1969
0 1970
1 1971
1 1972
1 1973
1 1974
0 1975
1 1976
1 1977
0 1978
1 1979
1 1980
1 1981
1 1982
1 1983
0 1984
1 1985
1 1986
1 1987
1 1988
1 1989
1 1990
1 1991
1 1992
1 1993
1 1994
1 1995
1 1996
0 1997
0 1998
0 1999
1 2000
1 2001
0 2002
0 2003
0 2004
1 2005
1 2006
1 2007
1 2008
0 2009
0 2010
0 2011
1 2012
0 2013
1 2014
0 2015
0 2016
1 2017
1 2018
1 2019
1 2020
1 2021
1 2022
1 2023
0 2024
1 2025
1 2026
0 2027
0 2028
1 2029
0 2030
0 2031
1 2032
0 2033
0 2034
1 2035
1 2036
1 2037
1 2038
0 2039
1 2040
1 2041
0 2042
0 2043
0 2044
1 2045
0 2046
0 2047
0 2048
1 2049
1 2050
1 2051
0 2052
0 2053
1 2054
0 2055
1 2056
1 2057
0 2058
1 2059
0 2060
0 2061
1 2062
0 2063
0 2064
1 2065
0 2066
1 2067
1 2068
1 2069
0 2070
0 2071
0 2072
0 2073
0 2074
1 2075
1 2076
0 2077
1 2078
0 2079
1 2080
1 2081
1 2082
0 2083
1 2084
0 2085
0 2086
0 2087
0 2088
0 2089
0 2090
1 2091
0 2092
0 2093
0 2094
0 2095
0 2096
1 2097
0 2098
1 2099
1 2100
0 2101
0 2102
0 2103
1 2104
1 2105
1 2106
0 2107
0 2108
1 2109
0 2110
0 2111
0 2112
0 2113
0 2114
1 2115
0 2116
0 2117
0 2118
1 2119
1 2120
1 2121
1 2122
0 2123
0 2124
0 2125
0 2126
1 2127
0 2128
0 2129
0 2130
0 2131
0 2132
1 2133
1 2134
0 2135
0 2136
0 2137
1 2138
1 2139
0 2140
0 2141
1 2142
1 2143
1 2144
0 2145
0 2146
1 2147
1 2148
1 2149
0 2150
0 2151
1 2152
0 2153
1 2154
1 2155
0 2156
1 2157
0 2158
0 2159
1 2160
1 2161
1 2162
1 2163
1 2164
0 2165
1 2166
1 2167
0 2168
0 2169
1 2170
0 2171
1 2172
0 2173
1 2174
1 2175
1 2176
1 2177
1 2178
1 2179
0 2180
1 2181
0 2182
0 2183
0 2184
0 2185
1 2186
0 2187
1 2188
1 2189
0 2190
1 2191
1 2192
0 2193
1 2194
1 2195
0 2196
0 2197
0 2198
0 2199
1 2200
1 2201
1 2202
0 2203
1 2204
1 2205
1 2206
0 2207
0 2208
1 2209
0 2210
1 2211
1 2212
1 2213
0 2214
1 2215
0 2216
0 2217
0 2218
1 2219
1 2220
1 2221
1 2222
1 2223
0 2224
0 2225
1 2226
0 2227
1 2228
0 2229
0 2230
0 2231
0 2232
0 2233
1 2234
0 2235
1 2236
0 2237
1 2238
1 2239
0 2240
1 2241
1 2242
1 2243
1 2244
1 2245
0 2246
1 2247
1 2248
1 2249
0 2250
1 2251
0 2252
1 2253
1 2254
0 2255
1 2256
0 2257
1 2258
1 2259
1 2260
0 2261
0 2262
1 2263
1 2264
0 2265
0 2266
0 2267
0 2268
0 2269
0 2270
1 2271
0 2272
0 2273
1 2274
0 2275
0 2276
1 2277
0 2278
0 2279
0 2280
0 2281
0 2282
0 2283
0 2284
1 2285
1 2286
0 2287
0 2288
1 2289
1 2290
1 2291
0 2292
0 2293
0 2294
0 2295
1 2296
0 2297
1 2298
1 2299
1 2300
1 2301
1 2302
0 2303
1 2304
0 2305
1 2306
0 2307
1 2308
1 2309
0 2310
1 2311
0 2312
1 2313
1 2314
0 2315
0 2316
0 2317
0 2318
1 2319
0 2320
1 2321
0 2322
1 2323
1 2324
0 2325
1 2326
1 2327
0 2328
1 2329
0 2330
0 2331
0 2332
1 2333
1 2334
1 2335
1 2336
1 2337
1 2338
0 2339
0 2340
1 2341
0 2342
0 2343
0 2344
1 2345
1 2346
0 2347
0 2348
1 2349
1 2350
1 2351
1 2352
1 2353
0 2354
0 2355
1 2356
1 2357
1 2358
1 2359
0 2360
1 2361
1 2362
1 2363
0 2364
0 2365
1 2366
1 2367
1 2368
1 2369
1 2370
1 2371
1 2372
1 2373
1 2374
0 2375
1 2376
1 2377
1 2378
1 2379
1 2380
1 2381
0 2382
1 2383
1 2384
1 2385
1 2386
1 2387
1 2388
1 2389
1 2390
1 2391
1 2392
1 2393
1 2394
1 2395
1 2396
0 2397
1 2398
1 2399
1 2400
1 2401
1 2402
1 2403
1 2404
1 2405
1 2406
0 2407
1 2408
1 2409
0 2410
1 2411
1 2412
1 2413
1 2414
0 2415
1 2416
0 2417
0 2418
0 2419
1 2420
1 2421
1 2422
1 2423
1 2424
1 2425
0 2426
1 2427
1 2428
1 2429
0 2430
1 2431
1 2432
0 2433
1 2434
1 2435
1 2436
1 2437
1 2438
1 2439
1 2440
1 2441
1 2442
1 2443
1 2444
1 2445
0 2446
1 2447
1 2448
1 2449
1 2450
1 2451
1 2452
1 2453
0 2454
0 2455
0 2456
1 2457
0 2458
1 2459
0 2460
1 2461
1 2462
1 2463
1 2464
1 2465
1 2466
0 2467
1 2468
1 2469
1 2470
0 2471
0 2472
1 2473
0 2474
0 2475
1 2476
1 2477
1 2478
1 2479
1 2480
1 2481
1 2482
0 2483
1 2484
1 2485
0 2486
0 2487
1 2488
1 2489
0 2490
0 2491
0 2492
0 2493
1 2494
1 2495
0 2496
1 2497
1 2498
0 2499
1 2500
0 2501
1 2502
0 2503
1 2504
1 2505
0 2506
1 2507
0 2508
1 2509
0 2510
1 2511
1 2512
1 2513
1 2514
0 2515
1 2516
0 2517
0 2518
0 2519
1 2520
0 2521
1 2522
1 2523
1 2524
1 2525
1 2526
0 2527
0 2528
1 2529
1 2530
1 2531
1 2532
0 2533
1 2534
0 2535
1 2536
1 2537
0 2538
1 2539
1 2540
1 2541
1 2542
0 2543
1 2544
0 2545
0 2546
1 2547
0 2548
1 2549
1 2550
1 2551
1 2552
0 2553
1 2554
0 2555
1 2556
1 2557
1 2558
0 2559
1 2560
0 2561
1 2562
0 2563
0 2564
1 2565
0 2566
0 2567
0 2568
0 2569
1 2570
0 2571
1 2572
0 2573
1 2574
1 2575
0 2576
1 2577
0 2578
0 2579
0 2580
0 2581
1 2582
0 2583
1 2584
1 2585
0 2586
1 2587
1 2588
1 2589
0 2590
1 2591
1 2592
0 2593
0 2594
1 2595
1 2596
0 2597
1 2598
1 2599
1 2600
1 2601
1 2602
1 2603
0 2604
1 2605
0 2606
0 2607
0 2608
1 2609
0 2610
1 2611
0 2612
0 2613
1 2614
1 2615
0 2616
0 2617
1 2618
1 2619
0 2620
0 2621
1 2622
1 2623
1 2624
1 2625
1 2626
0 2627
0 2628
1 2629
1 2630
1 2631
1 2632
1 2633
1 2634
0 2635
0 2636
1 2637
0 2638
0 2639
0 2640
1 2641
0 2642
0 2643
0 2644
1 2645
0 2646
0 2647
1 2648
0 2649
1 2650
0 2651
1 2652
0 2653
0 2654
0 2655
0 2656
1 2657
1 2658
0 2659
1 2660
1 2661
0 2662
0 2663
1 2664
0 2665
1 2666
0 2667
1 2668
0 2669
0 2670
0 2671
1 2672
1 2673
1 2674
0 2675
0 2676
1 2677
1 2678
1 2679
0 2680
1 2681
0 2682
0 2683
1 2684
0 2685
0 2686
1 2687
0 2688
1 2689
1 2690
1 2691
1 2692
0 2693
1 2694
1 2695
0 2696
1 2697
0 2698
0 2699
1 2700
0 2701
1 2702
0 2703
0 2704
0 2705
0 2706
1 2707
0 2708
1 2709
1 2710
1 2711
0 2712
1 2713
1 2714
1 2715
1 2716
0 2717
1 2718
0 2719
1 2720
1 2721
0 2722
1 2723
1 2724
1 2725
0 2726
1 2727
1 2728
1 2729
1 2730
1 2731
1 2732
1 2733
1 2734
1 2735
1 2736
1 2737
0 2738
1 2739
1 2740
1 2741
1 2742
1 2743
1 2744
0 2745
1 2746
1 2747
0 2748
1 2749
0 2750
0 2751
1 2752
1 2753
1 2754
1 2755
0 2756
1 2757
1 2758
1 2759
1 2760
1 2761
1 2762
0 2763
1 2764
1 2765
0 2766
0 2767
0 2768
1 2769
0 2770
0 2771
1 2772
0 2773
1 2774
0 2775
1 2776
1 2777
1 2778
0 2779
0 2780
0 2781
1 2782
0 2783
0 2784
1 2785
1 2786
1 2787
0 2788
0 2789
0 2790
0 2791
0 2792
1 2793
1 2794
0 2795
1 2796
1 2797
0 2798
0 2799
0 2800
0 2801
1 2802
0 2803
1 2804
0 2805
1 2806
0 2807
1 2808
1 2809
0 2810
0 2811
1 2812
1 2813
1 2814
0 2815
0 2816
0 2817
0 2818
1 2819
1 2820
0 2821
1 2822
0 2823
0 2824
0 2825
0 2826
1 2827
0 2828
0 2829
1 2830
1 2831
1 2832
0 2833
1 2834
0 2835
0 2836
0 2837
1 2838
0 2839
1 2840
0 2841
0 2842
1 2843
1 2844
1 2845
0 2846
0 2847
0 2848
1 2849
1 2850
1 2851
0 2852
0 2853
1 2854
1 2855
1 2856
0 2857
1 2858
0 2859
1 2860
1 2861
1 2862
1 2863
0 2864
0 2865
1 2866
1 2867
0 2868
1 2869
1 2870
1 2871
1 2872
1 2873
0 2874
1 2875
1 2876
0 2877
1 2878
0 2879
0 2880
1 2881
0 2882
0 2883
0 2884
0 2885
0 2886
1 2887
1 2888
0 2889
1 2890
0 2891
1 2892
1 2893
0 2894
0 2895
1 2896
1 2897
1 2898
0 2899
0 2900
0 2901
1 2902
1 2903
0 2904
1 2905
0 2906
0 2907
1 2908
1 2909
1 2910
1 2911
0 2912
1 2913
0 2914
1 2915
1 2916
0 2917
0 2918
1 2919
1 2920
1 2921
1 2922
1 2923
0 2924
1 2925
0 2926
1 2927
0 2928
0 2929
1 2930
1 2931
0 2932
1 2933
0 2934
1 2935
0 2936
1 2937
1 2938
1 2939
1 2940
0 2941
1 2942
1 2943
1 2944
1 2945
1 2946
1 2947
1 2948
0 2949
1 2950
1 2951
1 2952
1 2953
1 2954
1 2955
1 2956
0 2957
1 2958
0 2959
1 2960
1 2961
1 2962
1 2963
1 2964
1 2965
0 2966
1 2967
0 2968
1 2969
1 2970
0 2971
0 2972
0 2973
0 2974
0 2975
1 2976
0 2977
0 2978
1 2979
1 2980
0 2981
0 2982
0 2983
1 2984
0 2985
1 2986
0 2987
1 2988
0 2989
0 2990
1 2991
1 2992
1 2993
0 2994
1 2995
1 2996
1 2997
1 2998
0 2999
0 3000
1 3001
0 3002
1 3003
1 3004
1 3005
1 3006
0 3007
0 3008
1 3009
0 3010
1 3011
1 3012
0 3013
0 3014
1 3015
0 3016
1 3017
1 3018
0 3019
1 3020
1 3021
0 3022
0 3023
1 3024
1 3025
0 3026
1 3027
1 3028
1 3029
1 3030
1 3031
1 3032
1 3033
1 3034
1 3035
1 3036
0 3037
0 3038
0 3039
1 3040
0 3041
1 3042
1 3043
1 3044
1 3045
0 3046
1 3047
1 3048
0 3049
1 3050
0 3051
1 3052
0 3053
1 3054
1 3055
0 3056
0 3057
0 3058
1 3059
1 3060
0 3061
1 3062
0 3063
0 3064
0 3065
1 3066
1 3067
0 3068
1 3069
1 3070
1 3071
1 3072
1 3073
1 3074
1 3075
0 3076
0 3077
1 3078
0 3079
0 3080
1 3081
1 3082
1 3083
1 3084
0 3085
0 3086
1 3087
0 3088
0 3089
1 3090
1 3091
0 3092
1 3093
1 3094
1 3095
1 3096
1 3097
0 3098
0 3099
1 3100
0 3101
1 3102
1 3103
0 3104
1 3105
1 3106
1 3107
1 3108
0 3109
0 3110
1 3111
1 3112
0 3113
0 3114
0 3115
1 3116
1 3117
1 3118
1 3119
1 3120
1 3121
1 3122
1 3123
1 3124
0 3125
1 3126
1 3127
1 3128
1 3129
1 3130
1 3131
1 3132
1 3133
1 3134
1 3135
1 3136
1 3137
1 3138
1 3139
1 3140
1 3141
1 3142
1 3143
1 3144
1 3145
1 3146
1 3147
0 3148
1 3149
1 3150
1 3151
1 3152
1 3153
1 3154
1 3155
1 3156
0 3157
1 3158
1 3159
1 3160
0 3161
1 3162
1 3163
1 3164
1 3165
1 3166
1 3167
1 3168
0 3169
1 3170
0 3171
0 3172
1 3173
0 3174
0 3175
1 3176
0 3177
1 3178
1 3179
1 3180
1 3181
0 3182
0 3183
1 3184
1 3185
1 3186
1 3187
1 3188
1 3189
0 3190
1 3191
1 3192
0 3193
0 3194
1 3195
1 3196
1 3197
1 3198
1 3199
0 3200
0 3201
1 3202
0 3203
1 3204
1 3205
0 3206
1 3207
1 3208
1 3209
0 3210
0 3211
0 3212
1 3213
1 3214
1 3215
1 3216
1 3217
0 3218
0 3219
1 3220
0 3221
0 3222
0 3223
0 3224
1 3225
1 3226
1 3227
1 3228
0 3229
1 3230
1 3231
0 3232
1 3233
1 3234
0 3235
1 3236
1 3237
0 3238
0 3239
0 3240
0 3241
1 3242
0 3243
0 3244
1 3245
1 3246
1 3247
1 3248
1 3249
1 3250
1 3251
1 3252
1 3253
1 3254
1 3255
1 3256
0 3257
1 3258
1 3259
1 3260
1 3261
1 3262
1 3263
1 3264
1 3265
1 3266
0 3267
0 3268
1 3269
1 3270
1 3271
0 3272
1 3273
1 3274
1 3275
1 3276
0 3277
1 3278
1 3279
1 3280
1 3281
0 3282
0 3283
1 3284
0 3285
1 3286
0 3287
0 3288
0 3289
1 3290
0 3291
0 3292
0 3293
0 3294
0 3295
1 3296
1 3297
1 3298
1 3299
0 3300
0 3301
1 3302
0 3303
1 3304
1 3305
1 3306
1 3307
1 3308
1 3309
1 3310
0 3311
1 3312
0 3313
1 3314
0 3315
1 3316
1 3317
0 3318
1 3319
1 3320
1 3321
1 3322
0 3323
1 3324
0 3325
1 3326
1 3327
1 3328
0 3329
1 3330
0 3331
1 3332
1 3333
0 3334
1 3335
0 3336
1 3337
0 3338
0 3339
1 3340
0 3341
1 3342
1 3343
1 3344
0 3345
1 3346
1 3347
0 3348
0 3349
1 3350
1 3351
0 3352
0 3353
1 3354
1 3355
1 3356
1 3357
1 3358
1 3359
0 3360
1 3361
0 3362
1 3363
1 3364
1 3365
1 3366
1 3367
0 3368
0 3369
1 3370
1 3371
1 3372
0 3373
1 3374
1 3375
1 3376
1 3377
1 3378
0 3379
1 3380
0 3381
0 3382
1 3383
0 3384
0 3385
0 3386
1 3387
1 3388
1 3389
1 3390
1 3391
1 3392
1 3393
1 3394
1 3395
1 3396
1 3397
1 3398
1 3399
1 3400
1 3401
1 3402
1 3403
1 3404
1 3405
1 3406
1 3407
1 3408
1 3409
0 3410
0 3411
0 3412
1 3413
1 3414
1 3415
0 3416
0 3417
0 3418
1 3419
0 3420
0 3421
1 3422
0 3423
0 3424
1 3425
1 3426
1 3427
0 3428
0 3429
1 3430
1 3431
0 3432
1 3433
1 3434
1 3435
1 3436
0 3437
1 3438
1 3439
1 3440
0 3441
1 3442
1 3443
0 3444
1 3445
0 3446
1 3447
0 3448
1 3449
0 3450
0 3451
0 3452
0 3453
1 3454
1 3455
0 3456
0 3457
1 3458
1 3459
1 3460
1 3461
0 3462
0 3463
1 3464
1 3465
1 3466
0 3467
1 3468
1 3469
1 3470
0 3471
1 3472
1 3473
0 3474
1 3475
1 3476
1 3477
1 3478
1 3479
1 3480
1 3481
1 3482
1 3483
0 3484
0 3485
1 3486
0 3487
1 3488
1 3489
0 3490
1 3491
1 3492
0 3493
1 3494
1 3495
0 3496
1 3497
1 3498
1 3499
0 3500
0 3501
1 3502
1 3503
0 3504
1 3505
1 3506
1 3507
1 3508
1 3509
0 3510
1 3511
1 3512
1 3513
1 3514
1 3515
1 3516
1 3517
1 3518
1 3519
1 3520
0 3521
1 3522
1 3523
1 3524
1 3525
1 3526
1 3527
1 3528
1 3529
1 3530
1 3531
1 3532
0 3533
1 3534
1 3535
1 3536
1 3537
1 3538
1 3539
1 3540
1 3541
1 3542
0 3543
1 3544
1 3545
1 3546
0 3547
1 3548
1 3549
1 3550
1 3551
1 3552
1 3553
1 3554
1 3555
0 3556
1 3557
1 3558
1 3559
1 3560
0 3561
0 3562
1 3563
1 3564
0 3565
1 3566
0 3567
1 3568
1 3569
0 3570
1 3571
1 3572
1 3573
1 3574
1 3575
1 3576
1 3577
1 3578
1 3579
1 3580
1 3581
1 3582
1 3583
1 3584
0 3585
1 3586
0 3587
1 3588
1 3589
1 3590
0 3591
1 3592
0 3593
1 3594
0 3595
1 3596
1 3597
0 3598
0 3599
1 3600
1 3601
0 3602
1 3603
1 3604
1 3605
0 3606
1 3607
1 3608
0 3609
0 3610
0 3611
1 3612
0 3613
0 3614
1 3615
1 3616
0 3617
0 3618
0 3619
1 3620
1 3621
0 3622
0 3623
1 3624
1 3625
0 3626
1 3627
1 3628
1 3629
0 3630
1 3631
1 3632
1 3633
0 3634
0 3635
0 3636
0 3637
0 3638
0 3639
1 3640
1 3641
0 3642
0 3643
1 3644
0 3645
0 3646
1 3647
1 3648
0 3649
1 3650
0 3651
1 3652
1 3653
1 3654
0 3655
0 3656
0 3657
1 3658
0 3659
0 3660
1 3661
1 3662
1 3663
0 3664
0 3665
1 3666
0 3667
1 3668
0 3669
0 3670
1 3671
1 3672
0 3673
1 3674
1 3675
0 3676
0 3677
1 3678
1 3679
0 3680
1 3681
0 3682
0 3683
1 3684
1 3685
0 3686
1 3687
1 3688
0 3689
0 3690
1 3691
1 3692
1 3693
1 3694
1 3695
1 3696
1 3697
1 3698
0 3699
0 3700
1 3701
0 3702
1 3703
1 3704
0 3705
1 3706
1 3707
1 3708
1 3709
1 3710
0 3711
1 3712
0 3713
1 3714
1 3715
1 3716
1 3717
1 3718
1 3719
1 3720
0 3721
1 3722
1 3723
1 3724
0 3725
1 3726
1 3727
0 3728
0 3729
0 3730
1 3731
1 3732
1 3733
1 3734
1 3735
1 3736
0 3737
1 3738
1 3739
1 3740
0 3741
1 3742
1 3743
0 3744
0 3745
0 3746
1 3747
1 3748
0 3749
1 3750
1 3751
0 3752
0 3753
1 3754
1 3755
1 3756
1 3757
0 3758
0 3759
1 3760
1 3761
1 3762
1 3763
1 3764
0 3765
1 3766
0 3767
1 3768
0 3769
1 3770
1 3771
1 3772
0 3773
1 3774
0 3775
0 3776
1 3777
1 3778
0 3779
0 3780
1 3781
1 3782
1 3783
0 3784
0 3785
1 3786
0 3787
1 3788
0 3789
0 3790
1 3791
1 3792
1 3793
1 3794
1 3795
1 3796
0 3797
0 3798
1 3799
1 3800
1 3801
0 3802
1 3803
0 3804
1 3805
1 3806
1 3807
0 3808
1 3809
1 3810
1 3811
1 3812
0 3813
0 3814
0 3815
0 3816
0 3817
1 3818
1 3819
1 3820
1 3821
0 3822
1 3823
0 3824
1 3825
1 3826
1 3827
1 3828
1 3829
1 3830
1 3831
0 3832
0 3833
1 3834
0 3835
1 3836
1 3837
1 3838
0 3839
1 3840
1 3841
1 3842
0 3843
0 3844
1 3845
1 3846
0 3847
1 3848
1 3849
1 3850
0 3851
1 3852
0 3853
1 3854
0 3855
1 3856
1 3857
1 3858
1 3859
1 3860
1 3861
0 3862
1 3863
1 3864
0 3865
1 3866
1 3867
1 3868
1 3869
1 3870
0 3871
0 3872
1 3873
1 3874
1 3875
0 3876
0 3877
1 3878
1 3879
0 3880
0 3881
0 3882
0 3883
0 3884
1 3885
0 3886
1 3887
1 3888
1 3889
1 3890
0 3891
1 3892
0 3893
0 3894
0 3895
1 3896
1 3897
1 3898
1 3899
1 3900
0 3901
0 3902
1 3903
1 3904
1 3905
1 3906
1 3907
1 3908
1 3909
0 3910
1 3911
1 3912
1 3913
1 3914
1 3915
1 3916
1 3917
1 3918
1 3919
1 3920
1 3921
1 3922
1 3923
1 3924
1 3925
1 3926
1 3927
0 3928
1 3929
1 3930
1 3931
1 3932
1 3933
1 3934
1 3935
0 3936
0 3937
1 3938
1 3939
1 3940
1 3941
1 3942
1 3943
1 3944
1 3945
1 3946
1 3947
1 3948
1 3949
1 3950
0 3951
1 3952
1 3953
0 3954
1 3955
1 3956
0 3957
0 3958
1 3959
1 3960
1 3961
1 3962
0 3963
1 3964
1 3965
0 3966
1 3967
1 3968
1 3969
0 3970
0 3971
0 3972
0 3973
1 3974
1 3975
1 3976
0 3977
1 3978
1 3979
1 3980
1 3981
0 3982
1 3983
0 3984
0 3985
1 3986
0 3987
1 3988
1 3989
1 3990
1 3991
0 3992
0 3993
1 3994
0 3995
0 3996
1 3997
0 3998
0 3999
1 4000
0 4001
1 4002
1 4003
1 4004
1 4005
0 4006
0 4007
1 4008
1 4009
1 4010
0 4011
1 4012
0 4013
0 4014
0 4015
0 4016
1 4017
1 4018
0 4019
1 4020
1 4021
1 4022
1 4023
1 4024
0 4025
0 4026
1 4027
1 4028
1 4029
0 4030
0 4031
0 4032
0 4033
0 4034
0 4035
1 4036
1 4037
1 4038
1 4039
1 4040
1 4041
1 4042
1 4043
1 4044
1 4045
1 4046
0 4047
1 4048
1 4049
1 4050
1 4051
0 4052
1 4053
1 4054
1 4055
0 4056
1 4057
1 4058
1 4059
1 4060
1 4061
0 4062
0 4063
1 4064
1 4065
1 4066
1 4067
1 4068
0 4069
1 4070
0 4071
1 4072
1 4073
1 4074
0 4075
1 4076
1 4077
1 4078
1 4079
0 4080
0 4081
0 4082
1 4083
1 4084
1 4085
1 4086
1 4087
1 4088
1 4089
0 4090
0 4091
1 4092
1 4093
1 4094
1 4095
1 4096
1 4097
1 4098
1 4099
0 4100
1 4101
1 4102
1 4103
1 4104
0 4105
1 4106
0 4107
0 4108
1 4109
0 4110
0 4111
1 4112
1 4113
1 4114
0 4115
1 4116
1 4117
1 4118
0 4119
0 4120
1 4121
1 4122
1 4123
1 4124
0 4125
0 4126
1 4127
1 4128
1 4129
1 4130
1 4131
1 4132
1 4133
1 4134
1 4135
0 4136
1 4137
1 4138
1 4139
1 4140
1 4141
0 4142
1 4143
1 4144
1 4145
1 4146
1 4147
1 4148
1 4149
0 4150
1 4151
1 4152
0 4153
0 4154
1 4155
1 4156
1 4157
1 4158
1 4159
0 4160
0 4161
1 4162
1 4163
1 4164
0 4165
1 4166
0 4167
1 4168
1 4169
0 4170
0 4171
1 4172
1 4173
0 4174
1 4175
1 4176
0 4177
0 4178
0 4179
0 4180
1 4181
1 4182
1 4183
1 4184
1 4185
1 4186
1 4187
1 4188
1 4189
1 4190
1 4191
1 4192
0 4193
0 4194
1 4195
0 4196
1 4197
1 4198
0 4199
0 4200
1 4201
1 4202
1 4203
1 4204
1 4205
1 4206
1 4207
0 4208
1 4209
1 4210
1 4211
1 4212
1 4213
1 4214
1 4215
1 4216
1 4217
1 4218
0 4219
0 4220
0 4221
0 4222
1 4223
1 4224
1 4225
1 4226
1 4227
0 4228
1 4229
1 4230
0 4231
1 4232
0 4233
0 4234
0 4235
0 4236
1 4237
1 4238
1 4239
1 4240
0 4241
0 4242
1 4243
0 4244
1 4245
1 4246
1 4247
1 4248
0 4249
1 4250
0 4251
1 4252
0 4253
1 4254
1 4255
0 4256
1 4257
1 4258
1 4259
1 4260
1 4261
1 4262
1 4263
1 4264
1 4265
1 4266
1 4267
1 4268
1 4269
1 4270
1 4271
1 4272
1 4273
1 4274
1 4275
1 4276
1 4277
0 4278
1 4279
0 4280
1 4281
1 4282
1 4283
1 4284
1 4285
1 4286
1 4287
1 4288
1 4289
1 4290
1 4291
1 4292
1 4293
0 4294
1 4295
1 4296
1 4297
1 4298
1 4299
1 4300
1 4301
1 4302
0 4303
1 4304
1 4305
0 4306
1 4307
0 4308
1 4309
0 4310
1 4311
0 4312
1 4313
1 4314
0 4315
1 4316
1 4317
1 4318
0 4319
1 4320
1 4321
0 4322
0 4323
0 4324
1 4325
1 4326
1 4327
0 4328
0 4329
0 4330
1 4331
0 4332
1 4333
0 4334
1 4335
1 4336
1 4337
1 4338
1 4339
0 4340
1 4341
1 4342
0 4343
1 4344
1 4345
1 4346
1 4347
1 4348
1 4349
0 4350
0 4351
0 4352
1 4353
1 4354
1 4355
1 4356
1 4357
1 4358
0 4359
0 4360
0 4361
1 4362
1 4363
1 4364
0 4365
1 4366
1 4367
1 4368
1 4369
1 4370
1 4371
1 4372
1 4373
1 4374
1 4375
1 4376
1 4377
0 4378
1 4379
1 4380
1 4381
1 4382
1 4383
0 4384
0 4385
0 4386
0 4387
1 4388
0 4389
0 4390
0 4391
1 4392
1 4393
1 4394
1 4395
1 4396
1 4397
0 4398
1 4399
1 4400
0 4401
0 4402
1 4403
0 4404
0 4405
1 4406
1 4407
0 4408
1 4409
1 4410
1 4411
0 4412
0 4413
0 4414
1 4415
0 4416
1 4417
1 4418
0 4419
0 4420
0 4421
1 4422
1 4423
1 4424
0 4425
1 4426
0 4427
0 4428
0 4429
1 4430
1 4431
1 4432
0 4433
1 4434
1 4435
0 4436
0 4437
1 4438
0 4439
0 4440
1 4441
0 4442
1 4443
0 4444
0 4445
1 4446
1 4447
1 4448
1 4449
1 4450
1 4451
1 4452
1 4453
1 4454
1 4455
1 4456
1 4457
1 4458
0 4459
0 4460
0 4461
1 4462
1 4463
0 4464
0 4465
1 4466
0 4467
1 4468
0 4469
1 4470
0 4471
1 4472
0 4473
1 4474
1 4475
0 4476
1 4477
0 4478
1 4479
0 4480
0 4481
1 4482
0 4483
1 4484
0 4485
1 4486
1 4487
0 4488
1 4489
0 4490
1 4491
1 4492
1 4493
1 4494
1 4495
1 4496
1 4497
0 4498
1 4499
0 4500
1 4501
1 4502
1 4503
0 4504
1 4505
1 4506
1 4507
1 4508
0 4509
1 4510
0 4511
0 4512
1 4513
1 4514
1 4515
1 4516
1 4517
1 4518
1 4519
1 4520
1 4521
0 4522
1 4523
0 4524
1 4525
1 4526
1 4527
1 4528
1 4529
1 4530
1 4531
0 4532
0 4533
0 4534
0 4535
1 4536
0 4537
0 4538
1 4539
1 4540
1 4541
0 4542
1 4543
0 4544
1 4545
1 4546
1 4547
1 4548
0 4549
0 4550
1 4551
1 4552
0 4553
1 4554
1 4555
0 4556
1 4557
1 4558
1 4559
1 4560
0 4561
1 4562
0 4563
0 4564
1 4565
0 4566
1 4567
1 4568
1 4569
0 4570
1 4571
1 4572
1 4573
1 4574
1 4575
1 4576
1 4577
0 4578
0 4579
1 4580
1 4581
1 4582
0 4583
1 4584
1 4585
1 4586
1 4587
1 4588
1 4589
1 4590
0 4591
0 4592
1 4593
0 4594
1 4595
1 4596
1 4597
1 4598
0 4599
1 4600
1 4601
1 4602
1 4603
1 4604
1 4605
1 4606
1 4607
0 4608
1 4609
1 4610
1 4611
1 4612
1 4613
1 4614
1 4615
1 4616
1 4617
0 4618
1 4619
1 4620
1 4621
1 4622
1 4623
1 4624
1 4625
1 4626
1 4627
0 4628
1 4629
1 4630
1 4631
0 4632
1 4633
1 4634
1 4635
1 4636
1 4637
0 4638
1 4639
1 4640
1 4641
0 4642
1 4643
0 4644
0 4645
1 4646
0 4647
1 4648
0 4649
1 4650
1 4651
1 4652
0 4653
0 4654
0 4655
0 4656
1 4657
1 4658
1 4659
1 4660
0 4661
0 4662
0 4663
1 4664
0 4665
0 4666
1 4667
0 4668
0 4669
1 4670
1 4671
0 4672
0 4673
1 4674
1 4675
0 4676
1 4677
0 4678
0 4679
1 4680
0 4681
0 4682
1 4683
0 4684
1 4685
1 4686
1 4687
0 4688
0 4689
1 4690
0 4691
1 4692
0 4693
0 4694
0 4695
0 4696
1 4697
1 4698
0 4699
1 4700
1 4701
0 4702
1 4703
1 4704
1 4705
1 4706
0 4707
0 4708
0 4709
1 4710
1 4711
1 4712
1 4713
0 4714
1 4715
1 4716
1 4717
0 4718
0 4719
0 4720
1 4721
0 4722
1 4723
0 4724
1 4725
1 4726
1 4727
0 4728
0 4729
1 4730
1 4731
0 4732
0 4733
1 4734
1 4735
1 4736
0 4737
0 4738
1 4739
1 4740
0 4741
1 4742
0 4743
1 4744
0 4745
1 4746
1 4747
0 4748
0 4749
0 4750
1 4751
0 4752
1 4753
1 4754
0 4755
0 4756
1 4757
0 4758
0 4759
1 4760
0 4761
1 4762
0 4763
0 4764
1 4765
0 4766
1 4767
0 4768
1 4769
1 4770
1 4771
0 4772
0 4773
1 4774
1 4775
1 4776
0 4777
1 4778
1 4779
1 4780
1 4781
0 4782
0 4783
1 4784
1 4785
0 4786
1 4787
1 4788
1 4789
0 4790
1 4791
1 4792
0 4793
1 4794
0 4795
1 4796
0 4797
1 4798
0 4799
0 4800
1 4801
1 4802
0 4803
1 4804
1 4805
0 4806
1 4807
0 4808
0 4809
1 4810
1 4811
1 4812
1 4813
0 4814
0 4815
0 4816
1 4817
0 4818
1 4819
1 4820
0 4821
0 4822
1 4823
1 4824
1 4825
1 4826
1 4827
1 4828
1 4829
0 4830
1 4831
1 4832
1 4833
0 4834
0 4835
0 4836
0 4837
1 4838
0 4839
1 4840
1 4841
1 4842
0 4843
1 4844
1 4845
1 4846
1 4847
1 4848
1 4849
1 4850
1 4851
1 4852
0 4853
0 4854
1 4855
0 4856
0 4857
0 4858
1 4859
0 4860
0 4861
1 4862
1 4863
0 4864
1 4865
0 4866
0 4867
0 4868
1 4869
0 4870
0 4871
1 4872
1 4873
0 4874
1 4875
0 4876
1 4877
1 4878
0 4879
1 4880
0 4881
0 4882
1 4883
1 4884
1 4885
1 4886
0 4887
0 4888
1 4889
1 4890
0 4891
1 4892
0 4893
0 4894
1 4895
0 4896
1 4897
0 4898
1 4899
1 4900
1 4901
1 4902
1 4903
1 4904
0 4905
1 4906
1 4907
0 4908
0 4909
0 4910
1 4911
0 4912
0 4913
1 4914
0 4915
1 4916
1 4917
1 4918
1 4919
1 4920
1 4921
1 4922
1 4923
1 4924
0 4925
1 4926
1 4927
0 4928
1 4929
1 4930
0 4931
1 4932
0 4933
1 4934
0 4935
0 4936
1 4937
1 4938
1 4939
1 4940
1 4941
1 4942
0 4943
1 4944
0 4945
0 4946
1 4947
1 4948
1 4949
1 4950
1 4951
1 4952
1 4953
1 4954
1 4955
1 4956
0 4957
1 4958
1 4959
1 4960
0 4961
1 4962
1 4963
1 4964
1 4965
1 4966
1 4967
1 4968
1 4969
1 4970
1 4971
1 4972
1 4973
0 4974
1 4975
1 4976
1 4977
1 4978
1 4979
0 4980
1 4981
1 4982
1 4983
1 4984
1 4985
1 4986
1 4987
0 4988
1 4989
1 4990
1 4991
1 4992
1 4993
1 4994
1 4995
1 4996
0 4997
1 4998
1 4999
1 5000
1 5001
1 5002
1 5003
1 5004
1 5005
0 5006
1 5007
1 5008
1 5009
0 5010
1 5011
0 5012
1 5013
1 5014
1 5015
1 5016
1 5017
0 5018
1 5019
1 5020
1 5021
0 5022
1 5023
1 5024
1 5025
1 5026
0 5027
1 5028
0 5029
1 5030
1 5031
1 5032
1 5033
1 5034
1 5035
1 5036
1 5037
1 5038
1 5039
1 5040
1 5041
0 5042
1 5043
1 5044
1 5045
1 5046
1 5047
1 5048
1 5049
1 5050
0 5051
1 5052
0 5053
1 5054
0 5055
0 5056
1 5057
1 5058
1 5059
1 5060
1 5061
1 5062
1 5063
0 5064
1 5065
0 5066
0 5067
0 5068
0 5069
1 5070
1 5071
1 5072
1 5073
1 5074
0 5075
1 5076
0 5077
1 5078
1 5079
1 5080
1 5081
1 5082
1 5083
1 5084
1 5085
1 5086
1 5087
0 5088
1 5089
1 5090
0 5091
1 5092
1 5093
0 5094
1 5095
1 5096
0 5097
1 5098
0 5099
1 5100
0 5101
1 5102
1 5103
0 5104
0 5105
1 5106
1 5107
1 5108
1 5109
1 5110
1 5111
0 5112
0 5113
1 5114
1 5115
0 5116
1 5117
0 5118
1 5119
0 5120
0 5121
0 5122
1 5123
1 5124
1 5125
1 5126
0 5127
1 5128
1 5129
1 5130
1 5131
0 5132
1 5133
1 5134
0 5135
0 5136
0 5137
1 5138
0 5139
0 5140
0 5141
0 5142
1 5143
1 5144
1 5145
1 5146
1 5147
1 5148
0 5149
1 5150
0 5151
1 5152
0 5153
1 5154
0 5155
1 5156
1 5157
0 5158
0 5159
0 5160
1 5161
0 5162
1 5163
0 5164
0 5165
1 5166
1 5167
1 5168
1 5169
1 5170
0 5171
1 5172
0 5173
0 5174
1 5175
1 5176
1 5177
1 5178
0 5179
1 5180
0 5181
0 5182
0 5183
1 5184
1 5185
0 5186
0 5187
1 5188
1 5189
1 5190
1 5191
1 5192
0 5193
0 5194
1 5195
1 5196
1 5197
0 5198
0 5199
0 5200
1 5201
0 5202
1 5203
0 5204
1 5205
1 5206
0 5207
1 5208
1 5209
1 5210
1 5211
1 5212
1 5213
1 5214
1 5215
1 5216
1 5217
0 5218
1 5219
1 5220
0 5221
1 5222
0 5223
1 5224
1 5225
1 5226
0 5227
1 5228
1 5229
0 5230
0 5231
1 5232
0 5233
1 5234
1 5235
0 5236
1 5237
0 5238
0 5239
1 5240
0 5241
1 5242
1 5243
1 5244
1 5245
1 5246
1 5247
0 5248
0 5249
1 5250
1 5251
0 5252
1 5253
1 5254
1 5255
0 5256
0 5257
1 5258
1 5259
0 5260
1 5261
0 5262
1 5263
0 5264
1 5265
1 5266
0 5267
0 5268
0 5269
1 5270
1 5271
1 5272
0 5273
1 5274
1 5275
0 5276
1 5277
0 5278
1 5279
0 5280
1 5281
1 5282
1 5283
1 5284
0 5285
1 5286
1 5287
1 5288
1 5289
1 5290
0 5291
0 5292
0 5293
0 5294
1 5295
0 5296
0 5297
1 5298
1 5299
1 5300
1 5301
1 5302
1 5303
0 5304
1 5305
1 5306
0 5307
1 5308
0 5309
0 5310
1 5311
1 5312
1 5313
1 5314
1 5315
1 5316
1 5317
1 5318
1 5319
1 5320
1 5321
1 5322
1 5323
1 5324
1 5325
1 5326
1 5327
1 5328
1 5329
1 5330
1 5331
0 5332
0 5333
1 5334
1 5335
1 5336
1 5337
1 5338
1 5339
1 5340
1 5341
1 5342
1 5343
1 5344
1 5345
1 5346
1 5347
0 5348
1 5349
1 5350
0 5351
0 5352
1 5353
0 5354
1 5355
1 5356
0 5357
1 5358
1 5359
1 5360
1 5361
1 5362
1 5363
1 5364
1 5365
0 5366
1 5367
1 5368
0 5369
1 5370
0 5371
0 5372
1 5373
1 5374
0 5375
0 5376
1 5377
1 5378
1 5379
1 5380
1 5381
0 5382
1 5383
0 5384
1 5385
1 5386
1 5387
1 5388
1 5389
1 5390
1 5391
1 5392
1 5393
0 5394
0 5395
0 5396
0 5397
1 5398
1 5399
0 5400
0 5401
1 5402
0 5403
0 5404
1 5405
1 5406
1 5407
0 5408
1 5409
1 5410
1 5411
1 5412
0 5413
0 5414
0 5415
1 5416
1 5417
1 5418
1 5419
1 5420
1 5421
1 5422
1 5423
1 5424
1 5425
1 5426
0 5427
0 5428
1 5429
0 5430
0 5431
1 5432
1 5433
1 5434
1 5435
1 5436
0 5437
1 5438
0 5439
1 5440
1 5441
1 5442
0 5443
1 5444
1 5445
1 5446
1 5447
1 5448
0 5449
1 5450
0 5451
1 5452
0 5453
0 5454
1 5455
1 5456
1 5457
0 5458
1 5459
1 5460
1 5461
0 5462
0 5463
0 5464
1 5465
0 5466
1 5467
1 5468
0 5469
0 5470
0 5471
0 5472
0 5473
1 5474
0 5475
1 5476
0 5477
1 5478
1 5479
0 5480
1 5481
1 5482
1 5483
1 5484
0 5485
0 5486
1 5487
1 5488
1 5489
1 5490
1 5491
0 5492
0 5493
1 5494
1 5495
0 5496
0 5497
1 5498
1 5499
0 5500
1 5501
1 5502
1 5503
0 5504
1 5505
0 5506
1 5507
1 5508
0 5509
0 5510
0 5511
0 5512
1 5513
0 5514
1 5515
0 5516
1 5517
1 5518
0 5519
1 5520
0 5521
0 5522
0 5523
0 5524
1 5525
0 5526
1 5527
1 5528
0 5529
1 5530
0 5531
0 5532
1 5533
1 5534
1 5535
1 5536
1 5537
0 5538
1 5539
1 5540
0 5541
1 5542
1 5543
0 5544
0 5545
1 5546
0 5547
0 5548
1 5549
1 5550
0 5551
0 5552
0 5553
1 5554
0 5555
1 5556
0 5557
1 5558
0 5559
0 5560
0 5561
1 5562
0 5563
1 5564
1 5565
1 5566
1 5567
1 5568
0 5569
0 5570
1 5571
0 5572
1 5573
1 5574
1 5575
1 5576
1 5577
0 5578
1 5579
0 5580
1 5581
1 5582
0 5583
0 5584
0 5585
1 5586
1 5587
1 5588
1 5589
1 5590
0 5591
1 5592
1 5593
1 5594
1 5595
1 5596
1 5597
1 5598
1 5599
1 5600
1 5601
1 5602
0 5603
0 5604
1 5605
1 5606
1 5607
1 5608
0 5609
1 5610
1 5611
0 5612
1 5613
1 5614
1 5615
0 5616
1 5617
1 5618
1 5619
1 5620
1 5621
0 5622
0 5623
0 5624
1 5625
1 5626
1 5627
1 5628
0 5629
1 5630
1 5631
0 5632
0 5633
1 5634
1 5635
0 5636
1 5637
0 5638
0 5639
0 5640
0 5641
0 5642
0 5643
1 5644
1 5645
1 5646
1 5647
1 5648
1 5649
1 5650
1 5651
1 5652
1 5653
1 5654
1 5655
1 5656
1 5657
1 5658
1 5659
1 5660
1 5661
1 5662
0 5663
1 5664
0 5665
1 5666
0 5667
0 5668
1 5669
1 5670
1 5671
1 5672
1 5673
1 5674
1 5675
1 5676
1 5677
1 5678
1 5679
0 5680
1 5681
1 5682
1 5683
1 5684
1 5685
1 5686
1 5687
1 5688
1 5689
1 5690
1 5691
1 5692
1 5693
1 5694
1 5695
0 5696
1 5697
1 5698
1 5699
1 5700
0 5701
1 5702
0 5703
0 5704
0 5705
1 5706
0 5707
1 5708
0 5709
0 5710
0 5711
1 5712
1 5713
1 5714
1 5715
0 5716
1 5717
1 5718
1 5719
1 5720
1 5721
1 5722
1 5723
1 5724
1 5725
1 5726
1 5727
1 5728
1 5729
1 5730
1 5731
1 5732
1 5733
0 5734
0 5735
1 5736
1 5737
1 5738
0 5739
1 5740
1 5741
1 5742
1 5743
1 5744
1 5745
1 5746
1 5747
1 5748
0 5749
1 5750
1 5751
1 5752
1 5753
1 5754
0 5755
1 5756
0 5757
1 5758
1 5759
0 5760
0 5761
1 5762
1 5763
1 5764
0 5765
1 5766
1 5767
1 5768
1 5769
1 5770
0 5771
1 5772
1 5773
1 5774
0 5775
1 5776
1 5777
1 5778
1 5779
1 5780
1 5781
1 5782
0 5783
1 5784
1 5785
1 5786
0 5787
1 5788
1 5789
1 5790
1 5791
0 5792
0 5793
1 5794
0 5795
0 5796
1 5797
0 5798
1 5799
1 5800
0 5801
0 5802
0 5803
0 5804
1 5805
1 5806
1 5807
1 5808
1 5809
0 5810
0 5811
1 5812
1 5813
1 5814
1 5815
0 5816
1 5817
1 5818
0 5819
0 5820
1 5821
0 5822
1 5823
1 5824
0 5825
1 5826
0 5827
0 5828
1 5829
1 5830
1 5831
1 5832
1 5833
1 5834
1 5835
0 5836
1 5837
1 5838
0 5839
1 5840
0 5841
1 5842
1 5843
0 5844
1 5845
1 5846
1 5847
1 5848
1 5849
1 5850
1 5851
0 5852
0 5853
0 5854
0 5855
1 5856
1 5857
1 5858
0 5859
0 5860
0 5861
0 5862
1 5863
1 5864
0 5865
1 5866
1 5867
1 5868
1 5869
1 5870
0 5871
1 5872
1 5873
0 5874
1 5875
1 5876
1 5877
1 5878
1 5879
1 5880
0 5881
1 5882
0 5883
1 5884
1 5885
1 5886
1 5887
1 5888
0 5889
1 5890
0 5891
1 5892
1 5893
0 5894
1 5895
1 5896
1 5897
0 5898
1 5899
0 5900
0 5901
1 5902
0 5903
1 5904
1 5905
1 5906
0 5907
1 5908
1 5909
0 5910
0 5911
1 5912
0 5913
1 5914
1 5915
1 5916
1 5917
1 5918
1 5919
0 5920
1 5921
1 5922
1 5923
1 5924
1 5925
1 5926
0 5927
0 5928
1 5929
1 5930
1 5931
1 5932
1 5933
1 5934
1 5935
0 5936
0 5937
1 5938
0 5939
1 5940
0 5941
1 5942
0 5943
1 5944
1 5945
0 5946
1 5947
0 5948
0 5949
1 5950
0 5951
0 5952
1 5953
1 5954
0 5955
0 5956
0 5957
1 5958
0 5959
1 5960
1 5961
0 5962
0 5963
1 5964
1 5965
0 5966
1 5967
0 5968
0 5969
1 5970
1 5971
1 5972
1 5973
0 5974
1 5975
0 5976
1 5977
1 5978
0 5979
1 5980
1 5981
1 5982
1 5983
1 5984
0 5985
0 5986
1 5987
1 5988
0 5989
1 5990
1 5991
1 5992
1 5993
0 5994
1 5995
0 5996
0 5997
1 5998
1 5999
1 6000
1 6001
0 6002
1 6003
0 6004
1 6005
1 6006
1 6007
1 6008
0 6009
1 6010
1 6011
1 6012
1 6013
0 6014
1 6015
0 6016
0 6017
1 6018
1 6019
1 6020
1 6021
1 6022
1 6023
1 6024
1 6025
1 6026
1 6027
1 6028
1 6029
1 6030
1 6031
1 6032
1 6033
1 6034
1 6035
1 6036
1 6037
1 6038
0 6039
1 6040
1 6041
1 6042
1 6043
1 6044
1 6045
1 6046
1 6047
1 6048
0 6049
0 6050
1 6051
1 6052
1 6053
1 6054
1 6055
1 6056
1 6057
0 6058
1 6059
0 6060
0 6061
1 6062
0 6063
1 6064
0 6065
1 6066
1 6067
1 6068
0 6069
1 6070
1 6071
1 6072
0 6073
1 6074
0 6075
1 6076
1 6077
1 6078
1 6079
1 6080
1 6081
0 6082
1 6083
1 6084
1 6085
0 6086
0 6087
1 6088
0 6089
0 6090
1 6091
1 6092
1 6093
1 6094
1 6095
1 6096
0 6097
1 6098
1 6099
1 6100
0 6101
0 6102
1 6103
1 6104
0 6105
1 6106
1 6107
1 6108
1 6109
0 6110
1 6111
0 6112
1 6113
0 6114
1 6115
1 6116
1 6117
1 6118
1 6119
1 6120
1 6121
0 6122
1 6123
1 6124
1 6125
0 6126
1 6127
1 6128
0 6129
1 6130
0 6131
1 6132
1 6133
0 6134
1 6135
0 6136
1 6137
0 6138
0 6139
0 6140
0 6141
1 6142
1 6143
1 6144
0 6145
1 6146
0 6147
1 6148
0 6149
1 6150
1 6151
1 6152
0 6153
1 6154
1 6155
1 6156
1 6157
1 6158
0 6159
0 6160
1 6161
1 6162
1 6163
0 6164
1 6165
1 6166
1 6167
1 6168
1 6169
0 6170
1 6171
1 6172
1 6173
1 6174
0 6175
0 6176
1 6177
1 6178
0 6179
1 6180
1 6181
0 6182
0 6183
0 6184
0 6185
1 6186
0 6187
1 6188
1 6189
0 6190
0 6191
1 6192
1 6193
1 6194
1 6195
1 6196
1 6197
1 6198
1 6199
0 6200
1 6201
1 6202
0 6203
1 6204
0 6205
1 6206
1 6207
0 6208
1 6209
0 6210
1 6211
1 6212
0 6213
1 6214
1 6215
1 6216
1 6217
0 6218
0 6219
1 6220
1 6221
1 6222
0 6223
1 6224
1 6225
0 6226
1 6227
0 6228
0 6229
1 6230
1 6231
0 6232
0 6233
1 6234
1 6235
1 6236
0 6237
0 6238
0 6239
1 6240
1 6241
0 6242
1 6243
0 6244
0 6245
1 6246
0 6247
1 6248
0 6249
0 6250
1 6251
1 6252
1 6253
1 6254
1 6255
0 6256
0 6257
1 6258
1 6259
1 6260
1 6261
1 6262
1 6263
0 6264
1 6265
1 6266
0 6267
1 6268
1 6269
0 6270
0 6271
0 6272
1 6273
1 6274
0 6275
1 6276
0 6277
1 6278
1 6279
0 6280
0 6281
0 6282
1 6283
1 6284
1 6285
1 6286
1 6287
1 6288
1 6289
0 6290
1 6291
1 6292
1 6293
1 6294
1 6295
1 6296
1 6297
1 6298
0 6299
1 6300
1 6301
0 6302
0 6303
1 6304
0 6305
1 6306
0 6307
1 6308
1 6309
0 6310
1 6311
1 6312
1 6313
1 6314
1 6315
1 6316
1 6317
1 6318
1 6319
1 6320
1 6321
1 6322
1 6323
1 6324
1 6325
1 6326
1 6327
1 6328
0 6329
1 6330
0 6331
0 6332
1 6333
1 6334
1 6335
0 6336
1 6337
1 6338
1 6339
1 6340
1 6341
1 6342
1 6343
1 6344
1 6345
1 6346
1 6347
1 6348
1 6349
1 6350
1 6351
1 6352
1 6353
1 6354
1 6355
1 6356
1 6357
1 6358
1 6359
0 6360
1 6361
1 6362
1 6363
1 6364
1 6365
1 6366
1 6367
1 6368
1 6369
1 6370
1 6371
1 6372
1 6373
1 6374
1 6375
0 6376
1 6377
1 6378
1 6379
1 6380
1 6381
1 6382
1 6383
1 6384
1 6385
1 6386
1 6387
1 6388
1 6389
1 6390
1 6391
1 6392
1 6393
1 6394
1 6395
1 6396
0 6397
1 6398
0 6399
1 6400
1 6401
1 6402
1 6403
1 6404
0 6405
1 6406
1 6407
1 6408
1 6409
0 6410
1 6411
1 6412
1 6413
1 6414
1 6415
1 6416
1 6417
1 6418
1 6419
1 6420
1 6421
0 6422
0 6423
0 6424
0 6425
1 6426
0 6427
1 6428
0 6429
1 6430
0 6431
1 6432
1 6433
0 6434
0 6435
0 6436
1 6437
1 6438
0 6439
0 6440
0 6441
0 6442
0 6443
1 6444
0 6445
0 6446
1 6447
1 6448
0 6449
0 6450
1 6451
1 6452
1 6453
1 6454
0 6455
1 6456
1 6457
1 6458
1 6459
1 6460
1 6461
0 6462
1 6463
0 6464
0 6465
1 6466
1 6467
0 6468
1 6469
1 6470
1 6471
0 6472
1 6473
1 6474
0 6475
0 6476
1 6477
1 6478
1 6479
1 6480
1 6481
0 6482
1 6483
1 6484
1 6485
0 6486
0 6487
0 6488
0 6489
0 6490
1 6491
0 6492
1 6493
1 6494
1 6495
1 6496
0 6497
0 6498
1 6499
0 6500
1 6501
1 6502
1 6503
1 6504
0 6505
0 6506
1 6507
1 6508
1 6509
1 6510
0 6511
0 6512
1 6513
1 6514
1 6515
0 6516
0 6517
0 6518
1 6519
0 6520
1 6521
0 6522
1 6523
1 6524
1 6525
0 6526
1 6527
0 6528
0 6529
1 6530
0 6531
0 6532
0 6533
1 6534
0 6535
0 6536
1 6537
1 6538
0 6539
1 6540
1 6541
1 6542
1 6543
0 6544
1 6545
1 6546
1 6547
1 6548
1 6549
1 6550
1 6551
0 6552
0 6553
1 6554
1 6555
1 6556
1 6557
1 6558
0 6559
1 6560
1 6561
1 6562
0 6563
1 6564
1 6565
0 6566
0 6567
1 6568
0 6569
1 6570
1 6571
0 6572
0 6573
0 6574
1 6575
0 6576
1 6577
1 6578
1 6579
0 6580
0 6581
1 6582
0 6583
1 6584
0 6585
0 6586
1 6587
1 6588
1 6589
1 6590
1 6591
1 6592
0 6593
1 6594
0 6595
1 6596
0 6597
0 6598
0 6599
1 6600
0 6601
0 6602
1 6603
0 6604
1 6605
1 6606
0 6607
0 6608
0 6609
1 6610
1 6611
1 6612
1 6613
1 6614
1 6615
0 6616
1 6617
1 6618
1 6619
1 6620
1 6621
1 6622
1 6623
1 6624
0 6625
0 6626
1 6627
0 6628
1 6629
1 6630
0 6631
0 6632
1 6633
1 6634
1 6635
0 6636
1 6637
1 6638
1 6639
1 6640
1 6641
1 6642
0 6643
0 6644
1 6645
1 6646
1 6647
0 6648
0 6649
0 6650
1 6651
1 6652
0 6653
1 6654
1 6655
0 6656
0 6657
1 6658
0 6659
0 6660
1 6661
0 6662
1 6663
0 6664
1 6665
0 6666
1 6667
1 6668
0 6669
1 6670
1 6671
1 6672
0 6673
0 6674
0 6675
0 6676
0 6677
0 6678
0 6679
1 6680
1 6681
1 6682
0 6683
1 6684
1 6685
0 6686
0 6687
0 6688
1 6689
0 6690
0 6691
1 6692
0 6693
0 6694
1 6695
0 6696
0 6697
1 6698
1 6699
0 6700
1 6701
1 6702
0 6703
0 6704
0 6705
1 6706
1 6707
1 6708
1 6709
1 6710
1 6711
0 6712
1 6713
1 6714
1 6715
0 6716
0 6717
1 6718
1 6719
0 6720
0 6721
1 6722
1 6723
0 6724
0 6725
0 6726
1 6727
1 6728
0 6729
1 6730
0 6731
1 6732
1 6733
1 6734
0 6735
1 6736
1 6737
1 6738
1 6739
0 6740
1 6741
0 6742
1 6743
0 6744
0 6745
0 6746
1 6747
1 6748
1 6749
1 6750
1 6751
0 6752
0 6753
0 6754
1 6755
0 6756
1 6757
1 6758
0 6759
0 6760
0 6761
1 6762
1 6763
0 6764
1 6765
1 6766
1 6767
1 6768
0 6769
1 6770
0 6771
1 6772
0 6773
1 6774
0 6775
1 6776
1 6777
0 6778
0 6779
0 6780
1 6781
0 6782
1 6783
1 6784
0 6785
1 6786
0 6787
0 6788
0 6789
1 6790
1 6791
0 6792
0 6793
0 6794
1 6795
1 6796
0 6797
1 6798
1 6799
1 6800
0 6801
1 6802
1 6803
1 6804
0 6805
0 6806
1 6807
0 6808
1 6809
0 6810
1 6811
0 6812
0 6813
0 6814
0 6815
0 6816
1 6817
1 6818
1 6819
0 6820
1 6821
0 6822
0 6823
0 6824
0 6825
0 6826
0 6827
0 6828
0 6829
0 6830
0 6831
0 6832
1 6833
1 6834
0 6835
0 6836
0 6837
1 6838
1 6839
1 6840
0 6841
0 6842
0 6843
1 6844
0 6845
0 6846
0 6847
1 6848
0 6849
1 6850
0 6851
0 6852
1 6853
0 6854
0 6855
0 6856
0 6857
0 6858
0 6859
0 6860
1 6861
1 6862
0 6863
1 6864
0 6865
0 6866
0 6867
0 6868
1 6869
1 6870
0 6871
0 6872
1 6873
1 6874
1 6875
0 6876
0 6877
0 6878
0 6879
1 6880
0 6881
0 6882
0 6883
0 6884
1 6885
0 6886
0 6887
1 6888
0 6889
0 6890
1 6891
0 6892
1 6893
1 6894
0 6895
1 6896
0 6897
0 6898
0 6899
1 6900
1 6901
1 6902
1 6903
0 6904
1 6905
0 6906
1 6907
0 6908
0 6909
0 6910
1 6911
1 6912
1 6913
0 6914
1 6915
0 6916
0 6917
0 6918
0 6919
0 6920
0 6921
0 6922
1 6923
0 6924
0 6925
1 6926
0 6927
1 6928
1 6929
0 6930
0 6931
1 6932
0 6933
0 6934
0 6935
0 6936
0 6937
0 6938
1 6939
0 6940
0 6941
1 6942
0 6943
1 6944
0 6945
1 6946
0 6947
0 6948
1 6949
0 6950
0 6951
0 6952
1 6953
0 6954
1 6955
0 6956
1 6957
0 6958
0 6959
1 6960
0 6961
0 6962
0 6963
1 6964
1 6965
1 6966
1 6967
0 6968
1 6969
1 6970
0 6971
0 6972
1 6973
0 6974
0 6975
0 6976
1 6977
1 6978
0 6979
1 6980
1 6981
1 6982
0 6983
1 6984
0 6985
1 6986
0 6987
1 6988
0 6989
1 6990
1 6991
1 6992
0 6993
0 6994
0 6995
1 6996
0 6997
0 6998
0 6999
1 7000
0 7001
0 7002
0 7003
0 7004
1 7005
1 7006
1 7007
1 7008
0 7009
0 7010
1 7011
0 7012
1 7013
0 7014
0 7015
1 7016
0 7017
1 7018
1 7019
0 7020
0 7021
0 7022
1 7023
0 7024
0 7025
0 7026
0 7027
1 7028
1 7029
1 7030
1 7031
0 7032
1 7033
1 7034
1 7035
0 7036
0 7037
1 7038
0 7039
1 7040
1 7041
0 7042
0 7043
0 7044
0 7045
1 7046
0 7047
0 7048
1 7049
0 7050
1 7051
1 7052
0 7053
1 7054
1 7055
1 7056
0 7057
0 7058
1 7059
1 7060
1 7061
0 7062
1 7063
0 7064
1 7065
1 7066
1 7067
1 7068
0 7069
1 7070
0 7071
1 7072
0 7073
1 7074
1 7075
0 7076
1 7077
1 7078
1 7079
1 7080
1 7081
1 7082
1 7083
1 7084
1 7085
0 7086
1 7087
1 7088
1 7089
1 7090
1 7091
0 7092
0 7093
1 7094
1 7095
1 7096
1 7097
1 7098
1 7099
0 7100
1 7101
1 7102
1 7103
0 7104
0 7105
0 7106
0 7107
0 7108
1 7109
0 7110
0 7111
1 7112
1 7113
0 7114
1 7115
1 7116
0 7117
0 7118
1 7119
1 7120
0 7121
0 7122
1 7123
0 7124
0 7125
1 7126
1 7127
1 7128
1 7129
0 7130
0 7131
0 7132
1 7133
0 7134
1 7135
0 7136
1 7137
1 7138
1 7139
1 7140
1 7141
0 7142
1 7143
1 7144
0 7145
1 7146
0 7147
0 7148
0 7149
0 7150
1 7151
1 7152
0 7153
1 7154
0 7155
0 7156
0 7157
1 7158
0 7159
1 7160
0 7161
0 7162
0 7163
1 7164
1 7165
0 7166
1 7167
1 7168
1 7169
0 7170
1 7171
1 7172
0 7173
1 7174
0 7175
1 7176
0 7177
0 7178
1 7179
1 7180
0 7181
1 7182
1 7183
0 7184
1 7185
0 7186
0 7187
1 7188
0 7189
1 7190
1 7191
1 7192
0 7193
1 7194
0 7195
0 7196
0 7197
0 7198
0 7199
1 7200
0 7201
0 7202
0 7203
0 7204
1 7205
0 7206
1 7207
1 7208
0 7209
1 7210
0 7211
1 7212
0 7213
1 7214
0 7215
0 7216
1 7217
1 7218
1 7219
1 7220
1 7221
1 7222
0 7223
1 7224
0 7225
1 7226
0 7227
0 7228
0 7229
0 7230
1 7231
0 7232
0 7233
0 7234
1 7235
0 7236
1 7237
1 7238
1 7239
0 7240
0 7241
0 7242
0 7243
0 7244
1 7245
1 7246
0 7247
0 7248
0 7249
0 7250
0 7251
1 7252
0 7253
0 7254
1 7255
0 7256
0 7257
0 7258
0 7259
1 7260
1 7261
0 7262
0 7263
0 7264
0 7265
0 7266
0 7267
1 7268
1 7269
1 7270
0 7271
1 7272
1 7273
0 7274
1 7275
0 7276
0 7277
1 7278
1 7279
1 7280
1 7281
1 7282
0 7283
0 7284
1 7285
1 7286
1 7287
1 7288
1 7289
0 7290
1 7291
1 7292
1 7293
0 7294
1 7295
0 7296
0 7297
0 7298
1 7299
0 7300
1 7301
1 7302
0 7303
1 7304
0 7305
0 7306
1 7307
1 7308
0 7309
1 7310
1 7311
0 7312
0 7313
1 7314
0 7315
1 7316
1 7317
1 7318
1 7319
1 7320
1 7321
0 7322
0 7323
0 7324
1 7325
0 7326
0 7327
1 7328
1 7329
1 7330
0 7331
1 7332
0 7333
1 7334
1 7335
1 7336
0 7337
1 7338
0 7339
1 7340
0 7341
0 7342
1 7343
0 7344
0 7345
1 7346
0 7347
0 7348
0 7349
0 7350
0 7351
1 7352
0 7353
0 7354
0 7355
0 7356
1 7357
1 7358
1 7359
0 7360
0 7361
0 7362
0 7363
1 7364
0 7365
1 7366
0 7367
1 7368
1 7369
1 7370
0 7371
1 7372
0 7373
0 7374
1 7375
1 7376
1 7377
1 7378
0 7379
1 7380
0 7381
0 7382
0 7383
1 7384
1 7385
0 7386
0 7387
1 7388
0 7389
1 7390
0 7391
1 7392
1 7393
1 7394
0 7395
1 7396
0 7397
0 7398
0 7399
1 7400
1 7401
1 7402
1 7403
0 7404
0 7405
0 7406
0 7407
0 7408
1 7409
0 7410
0 7411
1 7412
0 7413
1 7414
1 7415
1 7416
0 7417
1 7418
1 7419
1 7420
1 7421
1 7422
1 7423
1 7424
1 7425
0 7426
1 7427
1 7428
0 7429
0 7430
1 7431
1 7432
0 7433
1 7434
1 7435
1 7436
1 7437
1 7438
1 7439
0 7440
0 7441
1 7442
1 7443
1 7444
1 7445
1 7446
1 7447
1 7448
0 7449
1 7450
1 7451
1 7452
1 7453
1 7454
1 7455
0 7456
1 7457
0 7458
1 7459
1 7460
1 7461
1 7462
0 7463
1 7464
0 7465
1 7466
1 7467
0 7468
1 7469
1 7470
1 7471
1 7472
1 7473
1 7474
0 7475
0 7476
1 7477
0 7478
1 7479
0 7480
1 7481
1 7482
1 7483
0 7484
0 7485
0 7486
0 7487
1 7488
1 7489
1 7490
0 7491
1 7492
1 7493
0 7494
1 7495
0 7496
0 7497
1 7498
0 7499
0 7500
0 7501
1 7502
1 7503
1 7504
1 7505
1 7506
0 7507
1 7508
1 7509
0 7510
0 7511
0 7512
0 7513
0 7514
1 7515
0 7516
1 7517
1 7518
1 7519
0 7520
0 7521
1 7522
0 7523
0 7524
1 7525
0 7526
1 7527
0 7528
0 7529
1 7530
0 7531
1 7532
1 7533
1 7534
0 7535
0 7536
0 7537
0 7538
1 7539
0 7540
1 7541
1 7542
0 7543
1 7544
0 7545
1 7546
0 7547
0 7548
0 7549
0 7550
1 7551
0 7552
0 7553
0 7554
1 7555
1 7556
1 7557
1 7558
1 7559
1 7560
1 7561
0 7562
1 7563
1 7564
0 7565
1 7566
0 7567
1 7568
1 7569
0 7570
0 7571
0 7572
0 7573
1 7574
0 7575
0 7576
0 7577
0 7578
0 7579
0 7580
0 7581
0 7582
0 7583
1 7584
0 7585
1 7586
1 7587
0 7588
0 7589
0 7590
1 7591
1 7592
0 7593
1 7594
0 7595
0 7596
1 7597
0 7598
1 7599
0 7600
0 7601
0 7602
1 7603
0 7604
1 7605
0 7606
0 7607
0 7608
0 7609
0 7610
0 7611
1 7612
1 7613
0 7614
0 7615
1 7616
1 7617
0 7618
0 7619
1 7620
0 7621
1 7622
1 7623
1 7624
0 7625
1 7626
0 7627
0 7628
1 7629
0 7630
0 7631
0 7632
0 7633
0 7634
1 7635
0 7636
0 7637
0 7638
1 7639
1 7640
0 7641
1 7642
0 7643
1 7644
0 7645
0 7646
0 7647
1 7648
0 7649
1 7650
1 7651
1 7652
1 7653
0 7654
0 7655
0 7656
1 7657
0 7658
0 7659
1 7660
0 7661
0 7662
0 7663
1 7664
0 7665
0 7666
0 7667
1 7668
1 7669
0 7670
1 7671
0 7672
1 7673
1 7674
1 7675
0 7676
0 7677
1 7678
1 7679
0 7680
0 7681
1 7682
0 7683
0 7684
0 7685
1 7686
1 7687
0 7688
0 7689
1 7690
0 7691
1 7692
1 7693
1 7694
0 7695
0 7696
0 7697
0 7698
0 7699
0 7700
1 7701
1 7702
1 7703
1 7704
0 7705
1 7706
1 7707
0 7708
0 7709
0 7710
1 7711
0 7712
1 7713
1 7714
0 7715
0 7716
0 7717
1 7718
1 7719
1 7720
0 7721
0 7722
1 7723
1 7724
0 7725
1 7726
0 7727
0 7728
0 7729
0 7730
1 7731
0 7732
1 7733
1 7734
1 7735
0 7736
0 7737
0 7738
0 7739
1 7740
1 7741
1 7742
0 7743
1 7744
1 7745
1 7746
0 7747
0 7748
0 7749
0 7750
1 7751
1 7752
1 7753
1 7754
0 7755
0 7756
0 7757
1 7758
1 7759
1 7760
1 7761
0 7762
1 7763
0 7764
0 7765
0 7766
0 7767
0 7768
0 7769
0 7770
1 7771
0 7772
1 7773
1 7774
0 7775
0 7776
0 7777
0 7778
0 7779
0 7780
1 7781
0 7782
0 7783
1 7784
1 7785
0 7786
1 7787
0 7788
0 7789
0 7790
0 7791
0 7792
0 7793
1 7794
0 7795
1 7796
0 7797
0 7798
0 7799
1 7800
1 7801
1 7802
1 7803
0 7804
0 7805
0 7806
0 7807
1 7808
1 7809
1 7810
1 7811
0 7812
1 7813
0 7814
0 7815
1 7816
1 7817
0 7818
0 7819
0 7820
1 7821
0 7822
0 7823
1 7824
1 7825
0 7826
0 7827
0 7828
1 7829
1 7830
0 7831
1 7832
0 7833
0 7834
1 7835
1 7836
0 7837
0 7838
1 7839
0 7840
0 7841
1 7842
1 7843
1 7844
0 7845
1 7846
1 7847
1 7848
0 7849
0 7850
0 7851
1 7852
0 7853
1 7854
1 7855
1 7856
0 7857
1 7858
1 7859
0 7860
0 7861
0 7862
0 7863
0 7864
0 7865
0 7866
1 7867
1 7868
0 7869
1 7870
0 7871
1 7872
1 7873
1 7874
1 7875
1 7876
1 7877
0 7878
1 7879
1 7880
0 7881
0 7882
1 7883
0 7884
1 7885
0 7886
0 7887
0 7888
0 7889
1 7890
0 7891
0 7892
1 7893
1 7894
0 7895
1 7896
1 7897
0 7898
1 7899
1 7900
1 7901
1 7902
0 7903
1 7904
0 7905
1 7906
1 7907
1 7908
0 7909
0 7910
1 7911
1 7912
0 7913
0 7914
0 7915
1 7916
0 7917
1 7918
0 7919
0 7920
1 7921
0 7922
0 7923
0 7924
0 7925
0 7926
1 7927
0 7928
1 7929
0 7930
1 7931
1 7932
0 7933
0 7934
0 7935
0 7936
0 7937
0 7938
1 7939
1 7940
0 7941
1 7942
1 7943
0 7944
0 7945
0 7946
0 7947
1 7948
0 7949
0 7950
0 7951
0 7952
1 7953
0 7954
1 7955
0 7956
0 7957
0 7958
0 7959
0 7960
1 7961
1 7962
0 7963
0 7964
0 7965
0 7966
1 7967
1 7968
1 7969
0 7970
1 7971
1 7972
1 7973
0 7974
1 7975
1 7976
0 7977
1 7978
1 7979
0 7980
1 7981
1 7982
1 7983
1 7984
0 7985
0 7986
0 7987
0 7988
0 7989
0 7990
0 7991
0 7992
1 7993
1 7994
0 7995
0 7996
0 7997
0 7998
0 7999
0 8000
0 8001
0 8002
1 8003
1 8004
1 8005
1 8006
1 8007
1 8008
0 8009
0 8010
0 8011
0 8012
1 8013
1 8014
1 8015
1 8016
0 8017
0 8018
1 8019
1 8020
1 8021
1 8022
0 8023
1 8024
0 8025
0 8026
1 8027
0 8028
0 8029
1 8030
0 8031
1 8032
1 8033
0 8034
0 8035
1 8036
1 8037
0 8038
1 8039
0 8040
0 8041
0 8042
1 8043
0 8044
0 8045
0 8046
1 8047
1 8048
0 8049
0 8050
0 8051
0 8052
0 8053
1 8054
0 8055
1 8056
1 8057
0 8058
0 8059
0 8060
0 8061
1 8062
1 8063
1 8064
1 8065
1 8066
0 8067
1 8068
1 8069
0 8070
0 8071
0 8072
1 8073
1 8074
0 8075
1 8076
1 8077
1 8078
0 8079
0 8080
1 8081
1 8082
0 8083
1 8084
1 8085
1 8086
1 8087
1 8088
0 8089
1 8090
1 8091
1 8092
0 8093
1 8094
0 8095
0 8096
1 8097
1 8098
1 8099
1 8100
1 8101
1 8102
1 8103
0 8104
1 8105
1 8106
0 8107
0 8108
1 8109
1 8110
0 8111
1 8112
1 8113
0 8114
0 8115
1 8116
0 8117
1 8118
0 8119
1 8120
0 8121
1 8122
0 8123
0 8124
0 8125
0 8126
0 8127
1 8128
1 8129
0 8130
1 8131
1 8132
0 8133
0 8134
0 8135
0 8136
1 8137
0 8138
0 8139
0 8140
0 8141
1 8142
0 8143
1 8144
1 8145
0 8146
1 8147
0 8148
0 8149
0 8150
1 8151
0 8152
1 8153
0 8154
0 8155
0 8156
0 8157
0 8158
0 8159
0 8160
1 8161
1 8162
1 8163
0 8164
1 8165
0 8166
1 8167
1 8168
0 8169
0 8170
0 8171
1 8172
0 8173
0 8174
0 8175
1 8176
1 8177
0 8178
0 8179
0 8180
0 8181
0 8182
1 8183
0 8184
1 8185
1 8186
0 8187
1 8188
0 8189
1 8190
0 8191
0 8192
1 8193
0 8194
0 8195
0 8196
0 8197
0 8198
0 8199
0 8200
0 8201
1 8202
1 8203
1 8204
0 8205
0 8206
0 8207
0 8208
1 8209
1 8210
1 8211
0 8212
1 8213
0 8214
0 8215
0 8216
1 8217
1 8218
0 8219
1 8220
0 8221
1 8222
0 8223
1 8224
1 8225
0 8226
1 8227
1 8228
0 8229
1 8230
1 8231
1 8232
1 8233
0 8234
0 8235
1 8236
1 8237
1 8238
0 8239
0 8240
0 8241
0 8242
0 8243
1 8244
0 8245
0 8246
0 8247
0 8248
1 8249
0 8250
0 8251
0 8252
0 8253
1 8254
0 8255
0 8256
0 8257
1 8258
0 8259
0 8260
0 8261
1 8262
1 8263
1 8264
1 8265
1 8266
0 8267
1 8268
0 8269
1 8270
0 8271
0 8272
0 8273
1 8274
1 8275
0 8276
0 8277
0 8278
0 8279
1 8280
1 8281
0 8282
0 8283
0 8284
1 8285
0 8286
0 8287
0 8288
0 8289
1 8290
1 8291
1 8292
1 8293
0 8294
0 8295
0 8296
1 8297
1 8298
1 8299
0 8300
1 8301
0 8302
1 8303
1 8304
0 8305
1 8306
1 8307
0 8308
1 8309
0 8310
0 8311
1 8312
1 8313
1 8314
0 8315
0 8316
0 8317
0 8318
0 8319
0 8320
0 8321
0 8322
0 8323
1 8324
0 8325
0 8326
0 8327
0 8328
1 8329
0 8330
1 8331
0 8332
0 8333
1 8334
1 8335
1 8336
0 8337
1 8338
1 8339
0 8340
1 8341
0 8342
1 8343
1 8344
1 8345
0 8346
0 8347
1 8348
0 8349
0 8350
0 8351
1 8352
1 8353
0 8354
0 8355
1 8356
1 8357
0 8358
0 8359
1 8360
0 8361
0 8362
0 8363
0 8364
1 8365
0 8366
0 8367
1 8368
0 8369
0 8370
1 8371
0 8372
0 8373
1 8374
0 8375
0 8376
1 8377
1 8378
1 8379
1 8380
0 8381
1 8382
1 8383
0 8384
1 8385
0 8386
0 8387
0 8388
1 8389
0 8390
0 8391
1 8392
1 8393
0 8394
1 8395
0 8396
1 8397
1 8398
1 8399
0 8400
0 8401
0 8402
0 8403
0 8404
0 8405
0 8406
0 8407
1 8408
0 8409
0 8410
0 8411
0 8412
0 8413
1 8414
1 8415
1 8416
1 8417
1 8418
0 8419
0 8420
1 8421
1 8422
0 8423
0 8424
0 8425
1 8426
1 8427
1 8428
0 8429
1 8430
1 8431
1 8432
0 8433
0 8434
0 8435
0 8436
1 8437
1 8438
1 8439
1 8440
1 8441
0 8442
0 8443
0 8444
1 8445
0 8446
1 8447
1 8448
0 8449
0 8450
1 8451
0 8452
1 8453
0 8454
0 8455
1 8456
1 8457
1 8458
1 8459
1 8460
1 8461
1 8462
1 8463
1 8464
0 8465
1 8466
1 8467
1 8468
1 8469
1 8470
1 8471
1 8472
0 8473
1 8474
1 8475
1 8476
0 8477
0 8478
1 8479
1 8480
1 8481
1 8482
0 8483
1 8484
1 8485
1 8486
1 8487
0 8488
0 8489
0 8490
0 8491
1 8492
1 8493
0 8494
0 8495
0 8496
0 8497
0 8498
0 8499
0 8500
1 8501
1 8502
0 8503
0 8504
0 8505
0 8506
0 8507
0 8508
1 8509
0 8510
0 8511
1 8512
0 8513
0 8514
0 8515
0 8516
1 8517
1 8518
0 8519
1 8520
0 8521
1 8522
1 8523
0 8524
1 8525
1 8526
0 8527
0 8528
0 8529
1 8530
0 8531
0 8532
1 8533
1 8534
1 8535
1 8536
0 8537
0 8538
0 8539
0 8540
1 8541
0 8542
0 8543
1 8544
1 8545
0 8546
1 8547
0 8548
0 8549
1 8550
0 8551
0 8552
0 8553
0 8554
0 8555
1 8556
0 8557
0 8558
1 8559
0 8560
0 8561
1 8562
0 8563
1 8564
1 8565
0 8566
1 8567
0 8568
0 8569
1 8570
1 8571
1 8572
1 8573
0 8574
1 8575
0 8576
0 8577
1 8578
1 8579
1 8580
0 8581
1 8582
0 8583
1 8584
1 8585
0 8586
0 8587
0 8588
0 8589
0 8590
0 8591
1 8592
1 8593
0 8594
1 8595
0 8596
1 8597
1 8598
0 8599
0 8600
1 8601
1 8602
1 8603
1 8604
0 8605
1 8606
0 8607
1 8608
1 8609
1 8610
0 8611
1 8612
1 8613
1 8614
0 8615
0 8616
0 8617
0 8618
0 8619
1 8620
1 8621
0 8622
0 8623
1 8624
1 8625
1 8626
0 8627
0 8628
0 8629
1 8630
1 8631
0 8632
0 8633
0 8634
0 8635
0 8636
0 8637
1 8638
1 8639
1 8640
1 8641
0 8642
0 8643
0 8644
1 8645
1 8646
0 8647
0 8648
0 8649
1 8650
0 8651
0 8652
0 8653
0 8654
1 8655
1 8656
0 8657
0 8658
0 8659
0 8660
1 8661
1 8662
0 8663
0 8664
0 8665
1 8666
0 8667
1 8668
0 8669
0 8670
0 8671
0 8672
0 8673
1 8674
1 8675
0 8676
1 8677
0 8678
1 8679
0 8680
0 8681
1 8682
0 8683
1 8684
0 8685
1 8686
0 8687
0 8688
0 8689
0 8690
1 8691
0 8692
0 8693
0 8694
1 8695
1 8696
0 8697
1 8698
0 8699
0 8700
1 8701
0 8702
0 8703
0 8704
1 8705
1 8706
1 8707
0 8708
0 8709
1 8710
1 8711
0 8712
1 8713
1 8714
1 8715
1 8716
1 8717
0 8718
1 8719
1 8720
0 8721
0 8722
1 8723
0 8724
0 8725
0 8726
1 8727
1 8728
1 8729
0 8730
1 8731
0 8732
0 8733
1 8734
0 8735
1 8736
1 8737
1 8738
0 8739
0 8740
0 8741
0 8742
1 8743
1 8744
1 8745
0 8746
1 8747
0 8748
0 8749
1 8750
1 8751
0 8752
0 8753
0 8754
1 8755
0 8756
1 8757
1 8758
1 8759
0 8760
1 8761
0 8762
1 8763
0 8764
0 8765
0 8766
0 8767
0 8768
1 8769
0 8770
0 8771
1 8772
0 8773
1 8774
0 8775
0 8776
0 8777
1 8778
0 8779
0 8780
1 8781
0 8782
0 8783
0 8784
1 8785
1 8786
1 8787
0 8788
0 8789
0 8790
1 8791
1 8792
1 8793
1 8794
0 8795
0 8796
0 8797
1 8798
0 8799
1 8800
1 8801
0 8802
1 8803
1 8804
1 8805
0 8806
1 8807
1 8808
1 8809
1 8810
1 8811
1 8812
1 8813
1 8814
1 8815
1 8816
0 8817
1 8818
0 8819
1 8820
1 8821
1 8822
0 8823
0 8824
1 8825
1 8826
0 8827
1 8828
1 8829
1 8830
1 8831
0 8832
1 8833
0 8834
0 8835
1 8836
1 8837
1 8838
1 8839
0 8840
1 8841
0 8842
0 8843
1 8844
1 8845
1 8846
1 8847
1 8848
1 8849
1 8850
1 8851
0 8852
0 8853
0 8854
1 8855
1 8856
0 8857
1 8858
0 8859
0 8860
0 8861
0 8862
0 8863
1 8864
0 8865
0 8866
1 8867
0 8868
0 8869
1 8870
1 8871
0 8872
0 8873
0 8874
1 8875
0 8876
0 8877
1 8878
1 8879
0 8880
1 8881
0 8882
0 8883
0 8884
1 8885
1 8886
1 8887
1 8888
0 8889
0 8890
1 8891
0 8892
0 8893
1 8894
0 8895
1 8896
0 8897
1 8898
0 8899
1 8900
0 8901
1 8902
1 8903
0 8904
1 8905
0 8906
0 8907
0 8908
1 8909
1 8910
0 8911
0 8912
0 8913
0 8914
1 8915
1 8916
1 8917
1 8918
0 8919
1 8920
1 8921
0 8922
1 8923
1 8924
0 8925
0 8926
0 8927
1 8928
1 8929
0 8930
0 8931
1 8932
1 8933
0 8934
1 8935
1 8936
0 8937
0 8938
1 8939
0 8940
1 8941
0 8942
0 8943
1 8944
1 8945
0 8946
1 8947
1 8948
1 8949
0 8950
0 8951
0 8952
1 8953
1 8954
0 8955
0 8956
1 8957
0 8958
0 8959
1 8960
0 8961
0 8962
0 8963
1 8964
1 8965
1 8966
0 8967
1 8968
1 8969
0 8970
0 8971
0 8972
0 8973
1 8974
1 8975
0 8976
0 8977
0 8978
1 8979
0 8980
1 8981
1 8982
0 8983
1 8984
1 8985
0 8986
1 8987
1 8988
0 8989
0 8990
0 8991
1 8992
0 8993
0 8994
0 8995
0 8996
0 8997
1 8998
0 8999
1 9000
0 9001
1 9002
0 9003
0 9004
0 9005
0 9006
0 9007
0 9008
1 9009
1 9010
0 9011
0 9012
1 9013
0 9014
0 9015
0 9016
0 9017
1 9018
1 9019
0 9020
0 9021
0 9022
1 9023
0 9024
0 9025
1 9026
0 9027
0 9028
1 9029
0 9030
0 9031
0 9032
0 9033
1 9034
1 9035
0 9036
1 9037
1 9038
1 9039
0 9040
0 9041
1 9042
1 9043
1 9044
0 9045
1 9046
0 9047
1 9048
0 9049
1 9050
0 9051
0 9052
1 9053
1 9054
0 9055
0 9056
0 9057
0 9058
1 9059
1 9060
0 9061
1 9062
0 9063
0 9064
1 9065
0 9066
0 9067
1 9068
1 9069
0 9070
0 9071
1 9072
0 9073
0 9074
1 9075
0 9076
0 9077
1 9078
0 9079
1 9080
0 9081
0 9082
0 9083
1 9084
1 9085
1 9086
0 9087
1 9088
0 9089
1 9090
1 9091
0 9092
1 9093
0 9094
0 9095
0 9096
1 9097
0 9098
1 9099
0 9100
1 9101
0 9102
0 9103
0 9104
0 9105
1 9106
0 9107
0 9108
0 9109
1 9110
1 9111
1 9112
1 9113
0 9114
0 9115
0 9116
1 9117
0 9118
1 9119
0 9120
1 9121
0 9122
0 9123
1 9124
1 9125
1 9126
0 9127
0 9128
0 9129
0 9130
0 9131
0 9132
1 9133
0 9134
0 9135
1 9136
1 9137
0 9138
0 9139
0 9140
0 9141
0 9142
0 9143
1 9144
1 9145
0 9146
0 9147
0 9148
0 9149
1 9150
0 9151
1 9152
0 9153
1 9154
1 9155
0 9156
0 9157
1 9158
0 9159
1 9160
0 9161
1 9162
1 9163
0 9164
0 9165
1 9166
1 9167
1 9168
1 9169
1 9170
0 9171
1 9172
0 9173
1 9174
1 9175
1 9176
0 9177
1 9178
1 9179
1 9180
0 9181
1 9182
1 9183
1 9184
1 9185
1 9186
0 9187
0 9188
1 9189
0 9190
1 9191
1 9192
0 9193
0 9194
1 9195
1 9196
1 9197
0 9198
1 9199
0 9200
1 9201
0 9202
0 9203
0 9204
1 9205
1 9206
0 9207
0 9208
1 9209
0 9210
1 9211
1 9212
1 9213
1 9214
0 9215
0 9216
1 9217
0 9218
0 9219
1 9220
1 9221
1 9222
1 9223
0 9224
0 9225
0 9226
1 9227
1 9228
1 9229
1 9230
0 9231
1 9232
0 9233
0 9234
1 9235
1 9236
0 9237
1 9238
1 9239
0 9240
0 9241
1 9242
0 9243
1 9244
1 9245
0 9246
0 9247
1 9248
0 9249
1 9250
0 9251
0 9252
0 9253
1 9254
0 9255
0 9256
0 9257
0 9258
0 9259
0 9260
1 9261
1 9262
0 9263
0 9264
0 9265
1 9266
0 9267
1 9268
0 9269
0 9270
0 9271
0 9272
1 9273
0 9274
0 9275
0 9276
1 9277
1 9278
0 9279
1 9280
0 9281
0 9282
1 9283
0 9284
1 9285
0 9286
1 9287
1 9288
1 9289
1 9290
0 9291
0 9292
0 9293
0 9294
1 9295
1 9296
0 9297
1 9298
0 9299
0 9300
1 9301
0 9302
1 9303
1 9304
0 9305
0 9306
0 9307
1 9308
0 9309
1 9310
0 9311
0 9312
0 9313
1 9314
1 9315
0 9316
0 9317
1 9318
0 9319
0 9320
0 9321
0 9322
1 9323
0 9324
1 9325
0 9326
0 9327
1 9328
0 9329
1 9330
0 9331
1 9332
1 9333
0 9334
0 9335
0 9336
0 9337
0 9338
0 9339
0 9340
1 9341
0 9342
0 9343
0 9344
1 9345
1 9346
1 9347
0 9348
1 9349
1 9350
1 9351
0 9352
0 9353
0 9354
0 9355
1 9356
1 9357
1 9358
1 9359
1 9360
0 9361
1 9362
0 9363
0 9364
1 9365
0 9366
1 9367
1 9368
0 9369
1 9370
1 9371
0 9372
0 9373
1 9374
1 9375
0 9376
0 9377
0 9378
0 9379
0 9380
1 9381
0 9382
0 9383
1 9384
1 9385
1 9386
0 9387
1 9388
0 9389
0 9390
0 9391
1 9392
0 9393
1 9394
0 9395
0 9396
0 9397
0 9398
1 9399
1 9400
0 9401
1 9402
1 9403
0 9404
0 9405
1 9406
0 9407
0 9408
0 9409
1 9410
0 9411
1 9412
0 9413
1 9414
1 9415
1 9416
0 9417
0 9418
1 9419
1 9420
1 9421
0 9422
0 9423
0 9424
0 9425
0 9426
1 9427
1 9428
1 9429
1 9430
1 9431
0 9432
1 9433
1 9434
1 9435
1 9436
0 9437
0 9438
0 9439
1 9440
1 9441
1 9442
0 9443
0 9444
1 9445
1 9446
1 9447
1 9448
0 9449
1 9450
0 9451
1 9452
1 9453
1 9454
0 9455
0 9456
1 9457
0 9458
1 9459
0 9460
1 9461
1 9462
0 9463
0 9464
0 9465
1 9466
0 9467
0 9468
0 9469
0 9470
0 9471
0 9472
1 9473
0 9474
1 9475
0 9476
1 9477
0 9478
1 9479
1 9480
1 9481
1 9482
0 9483
1 9484
1 9485
1 9486
1 9487
1 9488
1 9489
1 9490
1 9491
1 9492
1 9493
1 9494
0 9495
0 9496
0 9497
1 9498
1 9499
1 9500
1 9501
1 9502
1 9503
0 9504
0 9505
0 9506
1 9507
1 9508
1 9509
0 9510
1 9511
1 9512
1 9513
0 9514
0 9515
1 9516
0 9517
0 9518
1 9519
0 9520
0 9521
0 9522
0 9523
0 9524
0 9525
0 9526
1 9527
1 9528
0 9529
1 9530
0 9531
0 9532
1 9533
1 9534
1 9535
0 9536
0 9537
0 9538
1 9539
1 9540
1 9541
1 9542
1 9543
0 9544
0 9545
0 9546
1 9547
1 9548
1 9549
0 9550
0 9551
1 9552
0 9553
0 9554
0 9555
1 9556
1 9557
0 9558
0 9559
1 9560
1 9561
0 9562
1 9563
0 9564
0 9565
0 9566
0 9567
1 9568
1 9569
1 9570
1 9571
1 9572
1 9573
1 9574
1 9575
0 9576
0 9577
0 9578
0 9579
0 9580
1 9581
1 9582
1 9583
1 9584
0 9585
1 9586
0 9587
0 9588
1 9589
1 9590
0 9591
1 9592
0 9593
0 9594
1 9595
1 9596
0 9597
0 9598
1 9599
0 9600
1 9601
1 9602
1 9603
1 9604
1 9605
1 9606
0 9607
1 9608
1 9609
0 9610
0 9611
1 9612
1 9613
1 9614
1 9615
0 9616
0 9617
0 9618
0 9619
0 9620
0 9621
0 9622
0 9623
0 9624
0 9625
0 9626
0 9627
0 9628
0 9629
0 9630
0 9631
0 9632
1 9633
1 9634
0 9635
0 9636
0 9637
0 9638
0 9639
0 9640
0 9641
1 9642
0 9643
0 9644
0 9645
1 9646
0 9647
1 9648
0 9649
1 9650
1 9651
0 9652
1 9653
0 9654
0 9655
0 9656
0 9657
1 9658
0 9659
1 9660
1 9661
0 9662
0 9663
1 9664
0 9665
1 9666
0 9667
0 9668
0 9669
1 9670
0 9671
0 9672
0 9673
0 9674
0 9675
0 9676
0 9677
1 9678
0 9679
1 9680
1 9681
1 9682
1 9683
0 9684
0 9685
0 9686
1 9687
0 9688
0 9689
1 9690
0 9691
0 9692
0 9693
0 9694
0 9695
0 9696
1 9697
0 9698
1 9699
0 9700
1 9701
1 9702
0 9703
0 9704
0 9705
0 9706
0 9707
1 9708
0 9709
0 9710
0 9711
1 9712
1 9713
0 9714
0 9715
0 9716
1 9717
1 9718
1 9719
0 9720
1 9721
1 9722
1 9723
0 9724
0 9725
0 9726
0 9727
0 9728
0 9729
1 9730
0 9731
0 9732
0 9733
1 9734
1 9735
1 9736
1 9737
1 9738
0 9739
0 9740
0 9741
1 9742
1 9743
0 9744
0 9745
0 9746
0 9747
0 9748
1 9749
1 9750
1 9751
0 9752
0 9753
0 9754
1 9755
1 9756
0 9757
0 9758
0 9759
1 9760
1 9761
0 9762
1 9763
0 9764
0 9765
1 9766
1 9767
1 9768
1 9769
1 9770
0 9771
0 9772
0 9773
0 9774
0 9775
1 9776
1 9777
0 9778
0 9779
0 9780
0 9781
1 9782
0 9783
1 9784
1 9785
0 9786
0 9787
1 9788
0 9789
1 9790
0 9791
0 9792
0 9793
1 9794
0 9795
0 9796
1 9797
1 9798
0 9799
1 9800
0 9801
0 9802
0 9803
0 9804
0 9805
0 9806
0 9807
1 9808
0 9809
0 9810
0 9811
0 9812
0 9813
0 9814
0 9815
0 9816
0 9817
0 9818
1 9819
0 9820
1 9821
0 9822
0 9823
0 9824
0 9825
0 9826
1 9827
0 9828
0 9829
0 9830
1 9831
1 9832
1 9833
0 9834
0 9835
1 9836
0 9837
0 9838
0 9839
0 9840
0 9841
0 9842
1 9843
1 9844
0 9845
0 9846
0 9847
0 9848
0 9849
0 9850
0 9851
0 9852
1 9853
0 9854
0 9855
0 9856
1 9857
1 9858
1 9859
0 9860
1 9861
1 9862
0 9863
1 9864
1 9865
1 9866
1 9867
1 9868
0 9869
0 9870
1 9871
0 9872
1 9873
1 9874
1 9875
0 9876
0 9877
1 9878
1 9879
0 9880
1 9881
1 9882
0 9883
1 9884
0 9885
1 9886
1 9887
1 9888
1 9889
0 9890
0 9891
1 9892
1 9893
1 9894
1 9895
1 9896
1 9897
1 9898
1 9899
1 9900
0 9901
0 9902
1 9903
1 9904
1 9905
1 9906
1 9907
0 9908
0 9909
0 9910
0 9911
1 9912
1 9913
1 9914
0 9915
1 9916
0 9917
0 9918
0 9919
0 9920
1 9921
1 9922
0 9923
0 9924
0 9925
0 9926
1 9927
1 9928
0 9929
0 9930
1 9931
1 9932
1 9933
1 9934
1 9935
0 9936
0 9937
0 9938
0 9939
0 9940
1 9941
1 9942
1 9943
1 9944
0 9945
0 9946
0 9947
1 9948
1 9949
0 9950
1 9951
1 9952
1 9953
0 9954
1 9955
0 9956
1 9957
1 9958
0 9959
0 9960
1 9961
0 9962
1 9963
0 9964
0 9965
0 9966
1 9967
1 9968
0 9969
0 9970
0 9971
0 9972
0 9973
1 9974
0 9975
1 9976
0 9977
0 9978
1 9979
1 9980
0 9981
0 9982
1 9983
0 9984
1 9985
1 9986
0 9987
1 9988
1 9989
1 9990
0 9991
0 9992
1 9993
1 9994
0 9995
0 9996
0 9997
0 9998
0 9999
