0 226
0 484
0 50
0 466
0 302
0 111
0 53
0 559
0 192
0 156
0 213
0 211
0 259
0 7
0 504
0 172
0 556
0 441
0 205
0 304
0 12
0 0
0 311
0 246
0 231
0 133
0 78
0 13
0 146
0 463
0 177
0 490
0 570
0 164
0 126
0 537
0 445
0 19
0 179
0 208
0 432
0 49
0 567
0 283
0 191
0 515
0 95
0 138
0 534
0 273
0 346
0 74
0 203
0 431
0 43
0 592
0 122
0 482
0 143
0 519
0 423
0 9
0 491
0 341
0 28
0 132
0 605
0 281
0 165
0 118
0 578
0 532
0 155
0 152
0 70
0 322
0 207
0 455
0 527
0 308
0 642
0 256
0 323
0 529
0 488
0 522
0 425
0 602
0 121
0 502
0 440
0 278
0 34
0 637
0 608
0 285
0 162
0 489
0 55
0 124
0 646
0 67
0 419
0 584
0 248
0 492
0 173
0 350
0 76
0 607
0 5
0 286
0 632
0 244
0 27
0 45
0 305
0 217
0 125
0 352
0 237
0 644
0 460
0 112
0 187
0 328
0 552
0 384
0 280
0 347
0 204
0 149
0 581
0 478
0 569
0 438
0 575
0 563
0 430
0 508
0 157
0 613
0 647
0 30
0 178
0 625
0 282
0 382
0 553
0 530
0 434
0 385
0 88
0 301
0 35
0 39
0 131
0 284
0 255
0 451
0 331
0 389
0 521
0 44
0 370
0 63
0 614
0 524
0 141
0 500
0 234
0 223
0 603
0 547
0 622
0 555
0 310
0 318
0 264
0 175
0 479
0 167
0 415
0 565
0 580
0 123
0 597
0 619
0 501
0 629
0 535
0 151
0 513
0 324
0 639
0 38
0 468
0 239
0 142
0 18
0 538
0 628
0 471
0 77
0 582
0 626
0 180
0 52
0 473
0 83
0 195
0 604
0 574
0 540
0 511
0 62
0 453
0 91
0 129
0 568
0 100
0 405
0 486
0 288
0 557
0 379
0 297
0 251
0 383
0 98
0 130
0 94
0 103
0 145
0 287
0 612
0 566
0 215
0 230
0 105
0 219
0 435
0 166
0 170
0 371
0 2
0 40
0 583
0 610
0 380
0 96
0 298
0 235
0 222
0 476
0 531
0 494
0 291
0 545
0 54
0 262
0 554
0 631
0 241
0 590
0 406
0 495
0 560
0 470
0 66
0 422
0 171
0 520
0 326
0 481
0 148
0 81
0 507
0 514
0 64
0 108
0 506
0 68
0 369
0 366
0 544
0 290
0 421
0 161
0 84
0 361
0 505
0 160
0 21
0 75
0 271
0 1
0 459
0 572
0 249
0 454
0 523
0 140
0 648
0 528
0 589
0 257
0 33
0 194
0 225
0 621
0 635
0 92
0 464
0 388
0 41
0 643
0 253
0 627
0 477
0 518
0 548
0 48
0 452
0 279
0 245
0 206
0 368
0 136
0 325
0 72
0 159
0 457
0 447
0 437
0 193
0 227
0 260
0 429
0 268
0 586
0 184
0 224
0 562
0 102
0 85
0 24
0 436
0 408
0 252
0 485
0 137
0 624
0 80
0 598
0 542
0 82
0 144
0 127
0 299
0 274
0 174
0 26
0 551
0 353
0 424
0 254
0 71
0 601
0 97
0 86
0 588
0 541
0 550
0 446
0 558
0 587
0 577
0 465
0 200
0 543
0 317
0 319
0 11
0 228
0 29
0 158
0 232
0 571
0 579
0 153
0 4
0 480
0 25
0 313
0 220
0 154
0 483
0 186
0 303
0 362
0 134
0 487
0 573
0 609
0 407
0 474
0 449
0 294
1 509
1 420
1 329
1 202
1 344
1 296
1 546
1 199
1 210
1 58
1 198
1 403
1 365
1 216
1 340
1 15
1 56
1 93
1 17
1 410
1 101
1 332
1 338
1 591
1 309
1 312
1 201
1 618
1 267
1 115
1 139
1 335
1 47
1 496
1 354
1 392
1 8
1 433
1 400
1 209
1 401
1 364
1 378
1 339
1 258
1 417
1 533
1 595
1 596
1 110
1 599
1 404
1 289
1 65
1 59
1 398
1 147
1 238
1 336
1 276
1 397
1 334
1 411
1 386
1 418
1 250
1 243
1 330
1 439
1 510
1 10
1 51
1 630
1 363
1 315
1 295
1 349
1 396
1 60
1 20
1 31
1 526
1 638
1 427
1 634
1 119
1 240
1 360
1 594
1 357
1 327
1 333
1 212
1 549
1 399
1 381
1 270
1 409
1 391
1 307
1 16
1 135
1 247
1 292
1 356
1 472
1 120
1 185
1 358
1 269
1 197
1 498
1 394
1 387
1 87
1 374
1 617
1 343
1 190
1 525
1 272
1 337
1 600
1 314
1 456
1 36
1 266
1 321
1 390
1 229
1 181
1 503
1 633
1 359
1 61
1 516
1 467
1 214
1 462
1 348
1 412
1 606
1 376
1 32
1 351
1 355
1 536
1 3
1 107
1 375
1 393
1 345
1 517
1 416
1 117
1 183
1 306
1 620
1 42
1 73
1 450
1 116
1 611
1 14
1 615
1 265
1 442
1 104
1 57
1 475
1 448
1 342
1 236
1 636
