0 139
0 501
0 353
0 465
0 205
0 127
0 232
0 286
0 250
0 129
0 103
0 71
0 114
0 509
0 432
0 289
0 133
0 2
0 402
0 57
0 95
0 544
0 118
0 111
0 395
0 434
0 249
0 437
0 13
0 115
0 527
0 86
0 73
0 563
0 541
0 226
0 359
0 421
0 52
0 557
0 473
0 310
0 196
0 483
0 390
0 231
0 347
0 104
0 491
0 108
0 475
0 281
0 376
0 520
0 306
0 377
0 487
0 135
0 327
0 247
0 529
0 287
0 525
0 361
0 22
0 316
0 346
0 442
0 568
0 493
0 128
0 8
0 325
0 425
0 85
0 76
0 422
0 175
0 365
0 453
0 479
0 344
0 217
0 240
0 90
0 386
0 273
0 454
0 522
0 82
0 119
0 278
0 441
0 67
0 511
0 523
0 498
0 48
0 156
0 406
0 188
0 87
0 456
0 18
0 176
0 81
0 553
0 503
0 27
0 387
0 372
0 399
0 550
0 157
0 366
0 497
0 150
0 146
0 403
0 125
0 12
0 123
0 65
0 561
0 271
0 230
0 315
0 237
0 219
0 56
0 39
0 414
0 101
0 229
0 369
0 383
0 431
0 292
0 78
0 513
0 371
0 116
0 533
0 317
0 404
0 279
0 147
0 452
0 130
0 355
0 185
0 354
0 268
0 373
0 341
0 560
0 303
0 236
0 228
0 203
0 171
0 61
0 552
0 484
0 43
0 172
0 202
0 385
0 528
0 77
0 556
0 322
0 5
0 370
0 274
0 360
0 33
0 197
0 291
0 554
0 504
0 407
0 417
0 335
0 132
0 194
0 138
0 283
0 476
0 233
0 248
0 507
0 313
0 464
0 149
0 318
0 151
0 471
0 349
0 559
0 159
0 332
0 285
0 45
0 50
0 180
0 141
0 409
0 506
0 29
0 472
0 405
0 342
0 223
0 72
0 145
0 282
0 451
0 368
0 204
0 106
0 458
0 352
0 26
0 340
0 299
0 140
0 524
0 378
0 32
0 168
0 500
0 255
0 225
0 266
0 469
0 489
0 60
0 459
0 80
0 288
0 333
0 502
0 47
0 298
0 3
0 21
0 517
0 294
0 380
0 356
0 474
0 457
0 69
0 545
0 218
0 307
0 262
0 183
0 211
0 131
0 164
0 270
0 174
0 144
0 97
0 162
0 567
0 551
0 510
0 170
0 468
0 14
0 215
0 301
0 526
0 284
0 74
0 460
0 19
0 265
0 154
0 374
0 440
0 275
0 0
0 323
0 375
0 177
0 337
0 449
0 558
0 122
0 397
0 17
0 264
0 438
0 267
0 126
0 413
0 276
0 198
0 20
0 548
0 91
0 24
0 388
0 447
0 467
0 193
0 445
0 415
0 515
0 562
0 351
0 31
0 408
0 311
0 412
0 393
0 253
0 569
0 214
0 396
0 532
0 241
0 142
0 494
0 555
0 224
0 167
0 68
0 423
0 512
0 220
0 251
0 482
0 160
0 391
0 120
0 389
0 234
0 235
0 326
0 1
0 25
0 192
0 11
0 521
0 98
0 113
0 216
0 44
0 63
0 446
0 321
0 537
0 394
0 36
0 210
0 379
0 257
0 302
0 209
0 239
0 293
0 272
0 152
0 34
0 336
0 40
0 221
0 207
0 539
0 121
0 540
0 296
0 190
0 64
0 295
0 105
0 191
0 148
0 418
0 158
0 312
0 565
0 324
0 58
0 320
0 94
0 102
0 358
0 280
0 143
0 331
0 538
0 41
0 439
0 254
0 9
0 480
0 189
0 161
0 178
0 478
0 314
0 246
0 490
0 84
0 492
0 38
0 443
0 51
0 242
0 495
0 398
0 49
0 542
0 345
0 10
0 181
0 436
0 53
0 7
0 35
0 199
0 195
0 16
0 93
0 410
0 117
0 99
0 496
0 518
0 89
0 435
0 334
0 530
0 328
0 54
0 201
0 88
0 304
0 488
0 319
0 96
0 381
0 166
0 401
0 338
0 363
0 261
0 30
0 466
0 212
0 535
0 222
0 392
0 430
0 343
0 448
0 163
0 428
0 384
0 367
0 330
0 4
0 258
0 75
0 477
0 570
0 429
0 23
0 62
0 187
0 300
0 208
0 519
0 186
0 15
0 308
0 463
0 290
0 243
0 549
0 169
0 534
0 165
0 277
0 269
0 461
0 112
0 508
0 362
0 37
0 6
0 547
0 514
0 200
0 46
0 305
0 297
0 137
0 136
0 450
0 70
0 55
0 309
0 182
0 227
0 505
0 357
1 595
1 800
1 637
1 738
1 782
1 685
1 696
1 767
1 803
1 824
1 872
1 761
1 648
1 816
1 856
1 797
1 594
1 669
1 737
1 671
1 618
1 759
1 880
1 579
1 822
1 739
1 615
1 598
1 896
1 878
1 830
1 602
1 617
1 898
1 620
1 909
1 740
1 710
1 796
1 756
1 857
1 610
1 915
1 611
1 635
1 924
1 724
1 919
1 865
1 728
1 790
1 688
1 661
1 711
1 732
1 836
1 624
1 795
1 922
1 802
1 701
1 835
1 764
1 863
1 821
1 784
1 793
1 691
1 733
1 866
1 633
1 877
1 654
1 791
1 591
1 607
1 589
1 770
1 749
1 629
1 905
1 851
1 574
1 899
1 741
1 914
1 628
1 918
1 655
1 723
1 729
1 750
1 627
1 708
1 698
1 674
1 630
1 783
1 652
1 758
1 613
1 842
1 765
1 838
1 580
1 593
1 643
1 631
1 626
1 763
1 639
1 584
1 913
1 681
1 726
1 811
1 746
1 646
1 870
1 663
1 753
1 692
1 900
1 586
1 679
1 760
1 704
1 788
1 716
1 641
1 847
1 590
1 926
1 745
1 879
1 658
1 604
1 596
1 644
1 606
1 769
1 907
1 673
1 848
1 771
1 849
1 852
1 707
1 757
1 731
1 778
1 902
1 587
1 805
1 801
1 867
1 725
1 649
1 929
1 722
1 911
1 871
1 577
1 883
1 773
1 781
1 597
1 730
1 901
1 809
1 832
1 697
1 890
1 928
1 665
1 840
1 702
1 888
1 887
1 873
1 772
1 585
1 656
1 892
1 917
1 774
1 807
1 571
1 734
1 677
1 619
1 576
1 582
1 841
1 810
1 700
1 678
1 839
1 675
1 706
1 850
1 683
1 599
1 608
1 875
1 705
1 804
1 813
1 923
1 583
1 780
1 736
1 762
1 837
1 694
1 616
1 614
1 930
1 895
1 854
1 650
1 768
1 785
1 843
1 748
1 893
1 916
1 657
1 881
1 775
1 689
1 819
1 876
1 636
1 727
1 812
1 670
1 719
1 666
1 612
1 715
1 600
1 927
1 904
1 827
1 662
1 751
1 920
1 709
1 779
1 776
1 714
1 603
1 823
1 910
1 815
1 828
1 846
1 853
1 885
1 578
1 826
1 861
1 693
1 676
1 897
1 808
1 747
1 860
1 640
1 891
1 859
1 664
1 645
1 573
1 605
1 834
1 906
1 864
1 743
1 667
1 684
1 625
1 588
1 720
1 659
1 682
1 792
1 786
1 787
1 592
1 874
1 680
1 572
1 601
1 858
1 581
1 869
1 634
1 894
1 622
1 752
1 799
1 690
1 754
1 912
1 668
1 845
1 647
1 699
1 817
1 794
1 777
1 925
1 903
1 818
1 844
1 889
1 575
1 886
1 833
1 825
1 609
1 868
