1 0
1 1
0 2
1 3
0 4
1 5
0 6
0 7
0 8
0 9
1 10
1 11
0 12
1 13
0 14
0 15
1 16
0 17
1 18
0 19
1 20
1 21
0 22
1 23
1 24
1 25
0 26
0 27
0 28
0 29
0 30
0 31
0 32
0 33
1 34
0 35
0 36
1 37
0 38
1 39
1 40
0 41
0 42
0 43
1 44
0 45
1 46
0 47
1 48
1 49
0 50
0 51
0 52
0 53
1 54
1 55
1 56
0 57
1 58
0 59
1 60
1 61
0 62
0 63
0 64
0 65
0 66
1 67
1 68
0 69
0 70
1 71
0 72
0 73
0 74
0 75
0 76
1 77
0 78
0 79
0 80
0 81
1 82
0 83
0 84
0 85
1 86
0 87
1 88
0 89
0 90
1 91
1 92
0 93
1 94
0 95
0 96
1 97
0 98
1 99
1 100
0 101
1 102
1 103
1 104
0 105
0 106
0 107
0 108
1 109
1 110
0 111
0 112
0 113
1 114
0 115
1 116
0 117
0 118
1 119
1 120
0 121
0 122
1 123
1 124
0 125
1 126
0 127
1 128
1 129
1 130
1 131
1 132
0 133
0 134
1 135
0 136
1 137
0 138
0 139
0 140
0 141
1 142
1 143
0 144
0 145
0 146
0 147
0 148
0 149
0 150
1 151
1 152
1 153
1 154
0 155
1 156
1 157
0 158
0 159
1 160
0 161
1 162
0 163
0 164
0 165
1 166
1 167
0 168
0 169
1 170
1 171
0 172
0 173
0 174
1 175
1 176
1 177
0 178
0 179
1 180
0 181
1 182
1 183
1 184
0 185
0 186
0 187
1 188
0 189
0 190
1 191
1 192
0 193
0 194
1 195
0 196
0 197
1 198
1 199
1 200
1 201
1 202
0 203
0 204
1 205
1 206
1 207
1 208
1 209
0 210
0 211
1 212
0 213
0 214
1 215
0 216
1 217
1 218
0 219
0 220
0 221
0 222
0 223
1 224
0 225
0 226
1 227
1 228
0 229
1 230
0 231
0 232
0 233
0 234
0 235
1 236
0 237
1 238
0 239
1 240
1 241
1 242
1 243
1 244
1 245
0 246
1 247
1 248
0 249
1 250
1 251
0 252
0 253
1 254
0 255
1 256
0 257
1 258
1 259
0 260
1 261
1 262
0 263
0 264
1 265
1 266
0 267
0 268
0 269
1 270
0 271
0 272
0 273
0 274
1 275
0 276
0 277
0 278
0 279
0 280
1 281
0 282
0 283
1 284
0 285
1 286
0 287
0 288
0 289
1 290
0 291
0 292
0 293
1 294
0 295
0 296
1 297
1 298
1 299
1 300
0 301
0 302
0 303
0 304
1 305
0 306
0 307
0 308
0 309
1 310
0 311
0 312
1 313
1 314
1 315
0 316
0 317
1 318
0 319
1 320
1 321
1 322
1 323
1 324
0 325
1 326
0 327
1 328
0 329
0 330
0 331
0 332
0 333
1 334
1 335
1 336
0 337
0 338
0 339
0 340
1 341
1 342
0 343
1 344
0 345
1 346
0 347
1 348
0 349
0 350
0 351
0 352
1 353
0 354
1 355
1 356
1 357
1 358
0 359
0 360
0 361
0 362
0 363
1 364
0 365
0 366
0 367
1 368
1 369
1 370
1 371
0 372
0 373
0 374
1 375
1 376
0 377
1 378
0 379
1 380
0 381
0 382
0 383
0 384
1 385
1 386
0 387
0 388
1 389
0 390
1 391
0 392
0 393
0 394
0 395
0 396
1 397
0 398
1 399
1 400
1 401
1 402
0 403
1 404
0 405
1 406
1 407
0 408
0 409
0 410
1 411
1 412
1 413
1 414
0 415
1 416
1 417
1 418
0 419
0 420
0 421
0 422
1 423
1 424
0 425
1 426
1 427
1 428
1 429
0 430
1 431
0 432
0 433
1 434
1 435
1 436
1 437
1 438
1 439
0 440
0 441
1 442
0 443
0 444
0 445
0 446
1 447
0 448
1 449
1 450
1 451
0 452
1 453
1 454
1 455
1 456
1 457
0 458
0 459
1 460
0 461
1 462
0 463
1 464
1 465
1 466
0 467
1 468
0 469
0 470
0 471
1 472
1 473
1 474
1 475
1 476
1 477
1 478
0 479
1 480
0 481
1 482
1 483
0 484
1 485
0 486
1 487
1 488
0 489
0 490
0 491
1 492
1 493
1 494
1 495
0 496
0 497
0 498
0 499
0 500
0 501
1 502
0 503
0 504
1 505
0 506
1 507
1 508
0 509
0 510
0 511
1 512
0 513
0 514
1 515
0 516
1 517
1 518
1 519
1 520
1 521
1 522
0 523
1 524
0 525
0 526
1 527
0 528
1 529
1 530
0 531
1 532
1 533
0 534
0 535
0 536
0 537
1 538
0 539
0 540
1 541
0 542
1 543
0 544
1 545
0 546
0 547
0 548
0 549
1 550
1 551
0 552
0 553
1 554
0 555
1 556
1 557
0 558
1 559
0 560
1 561
1 562
1 563
0 564
0 565
0 566
0 567
0 568
0 569
1 570
1 571
1 572
0 573
1 574
1 575
1 576
0 577
1 578
1 579
1 580
1 581
1 582
1 583
0 584
0 585
1 586
1 587
1 588
1 589
0 590
1 591
1 592
0 593
0 594
1 595
1 596
0 597
0 598
1 599
1 600
0 601
0 602
0 603
0 604
0 605
1 606
1 607
0 608
1 609
1 610
0 611
0 612
0 613
1 614
1 615
0 616
1 617
1 618
0 619
1 620
0 621
0 622
0 623
1 624
1 625
1 626
1 627
0 628
1 629
0 630
0 631
1 632
1 633
1 634
1 635
0 636
1 637
1 638
1 639
1 640
1 641
1 642
0 643
0 644
1 645
0 646
0 647
1 648
1 649
1 650
1 651
1 652
1 653
0 654
0 655
1 656
0 657
0 658
0 659
1 660
1 661
1 662
1 663
1 664
1 665
0 666
1 667
1 668
1 669
0 670
1 671
1 672
0 673
0 674
0 675
0 676
1 677
1 678
1 679
1 680
0 681
1 682
0 683
0 684
0 685
0 686
1 687
0 688
1 689
1 690
0 691
0 692
1 693
0 694
0 695
0 696
1 697
1 698
0 699
0 700
1 701
1 702
0 703
1 704
1 705
1 706
0 707
0 708
1 709
0 710
0 711
1 712
0 713
1 714
0 715
1 716
1 717
1 718
1 719
1 720
1 721
0 722
0 723
1 724
0 725
1 726
0 727
1 728
1 729
1 730
1 731
1 732
1 733
1 734
0 735
0 736
1 737
1 738
0 739
1 740
1 741
0 742
0 743
0 744
1 745
0 746
0 747
0 748
1 749
0 750
0 751
0 752
0 753
0 754
1 755
0 756
0 757
1 758
0 759
0 760
0 761
0 762
1 763
0 764
1 765
1 766
1 767
1 768
1 769
0 770
0 771
1 772
0 773
1 774
0 775
0 776
1 777
0 778
1 779
1 780
1 781
0 782
1 783
0 784
1 785
1 786
1 787
0 788
0 789
0 790
1 791
0 792
0 793
1 794
1 795
0 796
1 797
1 798
0 799
0 800
0 801
1 802
1 803
0 804
0 805
1 806
1 807
1 808
1 809
0 810
0 811
1 812
0 813
0 814
0 815
1 816
0 817
1 818
1 819
1 820
1 821
1 822
1 823
1 824
1 825
0 826
1 827
1 828
0 829
0 830
1 831
1 832
0 833
0 834
1 835
1 836
1 837
1 838
1 839
0 840
1 841
1 842
1 843
1 844
1 845
1 846
0 847
0 848
0 849
1 850
1 851
0 852
1 853
1 854
1 855
1 856
1 857
0 858
1 859
1 860
1 861
1 862
0 863
1 864
1 865
0 866
1 867
0 868
0 869
1 870
1 871
0 872
1 873
1 874
0 875
0 876
0 877
1 878
1 879
0 880
0 881
0 882
1 883
0 884
1 885
1 886
0 887
0 888
0 889
0 890
1 891
0 892
0 893
0 894
1 895
0 896
1 897
0 898
0 899
1 900
0 901
1 902
1 903
0 904
1 905
1 906
0 907
0 908
0 909
0 910
1 911
0 912
1 913
1 914
0 915
1 916
1 917
0 918
1 919
0 920
1 921
1 922
0 923
0 924
0 925
1 926
0 927
0 928
0 929
0 930
0 931
0 932
0 933
0 934
1 935
1 936
0 937
1 938
0 939
0 940
1 941
1 942
1 943
1 944
1 945
1 946
0 947
1 948
1 949
1 950
0 951
0 952
0 953
1 954
1 955
1 956
1 957
0 958
1 959
1 960
0 961
0 962
1 963
0 964
0 965
0 966
1 967
0 968
0 969
1 970
0 971
1 972
1 973
1 974
1 975
0 976
1 977
1 978
1 979
0 980
1 981
1 982
0 983
0 984
0 985
1 986
1 987
0 988
1 989
1 990
0 991
1 992
1 993
0 994
0 995
1 996
1 997
1 998
0 999
1 1000
1 1001
0 1002
0 1003
0 1004
1 1005
0 1006
0 1007
0 1008
0 1009
1 1010
0 1011
1 1012
1 1013
0 1014
1 1015
0 1016
1 1017
1 1018
1 1019
1 1020
1 1021
1 1022
0 1023
1 1024
1 1025
0 1026
1 1027
1 1028
0 1029
0 1030
1 1031
1 1032
0 1033
1 1034
1 1035
0 1036
1 1037
1 1038
1 1039
1 1040
0 1041
0 1042
1 1043
0 1044
0 1045
0 1046
1 1047
1 1048
1 1049
0 1050
0 1051
1 1052
1 1053
0 1054
0 1055
0 1056
0 1057
1 1058
1 1059
1 1060
1 1061
1 1062
1 1063
0 1064
0 1065
0 1066
1 1067
1 1068
0 1069
1 1070
1 1071
1 1072
1 1073
1 1074
1 1075
1 1076
0 1077
1 1078
1 1079
0 1080
0 1081
0 1082
0 1083
0 1084
0 1085
0 1086
1 1087
0 1088
0 1089
1 1090
0 1091
0 1092
1 1093
0 1094
0 1095
0 1096
1 1097
0 1098
0 1099
1 1100
1 1101
0 1102
0 1103
1 1104
1 1105
0 1106
0 1107
0 1108
0 1109
0 1110
0 1111
0 1112
0 1113
0 1114
1 1115
0 1116
0 1117
1 1118
0 1119
1 1120
0 1121
0 1122
0 1123
1 1124
0 1125
0 1126
0 1127
0 1128
0 1129
0 1130
1 1131
0 1132
1 1133
1 1134
0 1135
1 1136
0 1137
1 1138
0 1139
0 1140
1 1141
1 1142
0 1143
0 1144
0 1145
1 1146
0 1147
1 1148
0 1149
0 1150
1 1151
1 1152
0 1153
0 1154
0 1155
1 1156
0 1157
1 1158
1 1159
1 1160
1 1161
1 1162
1 1163
0 1164
1 1165
0 1166
1 1167
1 1168
1 1169
1 1170
0 1171
0 1172
0 1173
0 1174
1 1175
0 1176
1 1177
1 1178
1 1179
1 1180
0 1181
0 1182
0 1183
0 1184
1 1185
0 1186
1 1187
0 1188
0 1189
0 1190
1 1191
1 1192
0 1193
0 1194
1 1195
1 1196
1 1197
0 1198
0 1199
0 1200
0 1201
0 1202
1 1203
1 1204
1 1205
0 1206
1 1207
0 1208
1 1209
0 1210
0 1211
1 1212
0 1213
0 1214
1 1215
1 1216
0 1217
0 1218
0 1219
1 1220
0 1221
1 1222
1 1223
0 1224
0 1225
0 1226
1 1227
0 1228
0 1229
1 1230
0 1231
1 1232
0 1233
0 1234
0 1235
1 1236
0 1237
0 1238
1 1239
0 1240
1 1241
1 1242
1 1243
1 1244
1 1245
0 1246
1 1247
0 1248
0 1249
1 1250
0 1251
0 1252
1 1253
1 1254
0 1255
1 1256
1 1257
1 1258
0 1259
1 1260
0 1261
0 1262
0 1263
0 1264
0 1265
0 1266
1 1267
0 1268
0 1269
0 1270
0 1271
0 1272
1 1273
1 1274
1 1275
0 1276
0 1277
0 1278
1 1279
0 1280
1 1281
1 1282
1 1283
0 1284
0 1285
1 1286
0 1287
0 1288
0 1289
0 1290
0 1291
0 1292
1 1293
1 1294
0 1295
1 1296
1 1297
0 1298
1 1299
1 1300
1 1301
0 1302
0 1303
0 1304
1 1305
0 1306
1 1307
1 1308
1 1309
0 1310
0 1311
0 1312
0 1313
0 1314
0 1315
1 1316
1 1317
0 1318
1 1319
0 1320
0 1321
0 1322
0 1323
1 1324
1 1325
0 1326
0 1327
1 1328
0 1329
0 1330
1 1331
1 1332
1 1333
0 1334
0 1335
1 1336
0 1337
1 1338
1 1339
0 1340
1 1341
0 1342
0 1343
1 1344
0 1345
0 1346
0 1347
0 1348
0 1349
0 1350
1 1351
1 1352
1 1353
0 1354
0 1355
0 1356
1 1357
0 1358
1 1359
1 1360
1 1361
0 1362
0 1363
0 1364
0 1365
0 1366
0 1367
1 1368
1 1369
1 1370
0 1371
0 1372
1 1373
0 1374
0 1375
0 1376
1 1377
1 1378
0 1379
0 1380
1 1381
0 1382
0 1383
0 1384
0 1385
1 1386
0 1387
1 1388
1 1389
0 1390
0 1391
0 1392
0 1393
0 1394
0 1395
0 1396
0 1397
1 1398
1 1399
1 1400
1 1401
0 1402
0 1403
0 1404
0 1405
0 1406
0 1407
0 1408
1 1409
1 1410
1 1411
0 1412
0 1413
1 1414
1 1415
1 1416
0 1417
1 1418
0 1419
1 1420
1 1421
1 1422
1 1423
0 1424
1 1425
1 1426
1 1427
0 1428
1 1429
1 1430
1 1431
0 1432
0 1433
0 1434
1 1435
1 1436
1 1437
0 1438
0 1439
0 1440
1 1441
0 1442
1 1443
0 1444
1 1445
0 1446
0 1447
1 1448
0 1449
1 1450
0 1451
0 1452
0 1453
0 1454
0 1455
1 1456
1 1457
0 1458
1 1459
1 1460
0 1461
0 1462
1 1463
0 1464
1 1465
1 1466
0 1467
1 1468
0 1469
0 1470
1 1471
1 1472
1 1473
1 1474
1 1475
0 1476
1 1477
0 1478
0 1479
0 1480
1 1481
1 1482
0 1483
1 1484
1 1485
1 1486
0 1487
1 1488
1 1489
0 1490
0 1491
1 1492
1 1493
0 1494
0 1495
1 1496
1 1497
0 1498
1 1499
0 1500
1 1501
1 1502
1 1503
0 1504
1 1505
0 1506
1 1507
1 1508
0 1509
0 1510
0 1511
1 1512
1 1513
1 1514
0 1515
0 1516
1 1517
0 1518
1 1519
0 1520
0 1521
1 1522
0 1523
0 1524
1 1525
1 1526
1 1527
0 1528
1 1529
0 1530
0 1531
1 1532
0 1533
1 1534
1 1535
0 1536
1 1537
0 1538
1 1539
1 1540
1 1541
1 1542
0 1543
1 1544
1 1545
1 1546
1 1547
1 1548
0 1549
1 1550
1 1551
1 1552
0 1553
1 1554
1 1555
0 1556
0 1557
1 1558
1 1559
0 1560
1 1561
1 1562
1 1563
1 1564
0 1565
0 1566
0 1567
0 1568
1 1569
1 1570
1 1571
0 1572
0 1573
1 1574
1 1575
1 1576
1 1577
0 1578
1 1579
1 1580
1 1581
1 1582
1 1583
1 1584
0 1585
1 1586
0 1587
1 1588
0 1589
0 1590
0 1591
0 1592
0 1593
0 1594
1 1595
1 1596
1 1597
1 1598
0 1599
1 1600
1 1601
1 1602
1 1603
1 1604
1 1605
1 1606
0 1607
1 1608
1 1609
1 1610
0 1611
1 1612
1 1613
0 1614
0 1615
1 1616
0 1617
0 1618
1 1619
0 1620
1 1621
0 1622
1 1623
1 1624
0 1625
1 1626
1 1627
1 1628
0 1629
1 1630
0 1631
1 1632
1 1633
0 1634
0 1635
0 1636
0 1637
1 1638
0 1639
1 1640
0 1641
0 1642
0 1643
1 1644
0 1645
0 1646
1 1647
0 1648
1 1649
1 1650
0 1651
0 1652
0 1653
0 1654
0 1655
0 1656
1 1657
0 1658
1 1659
1 1660
1 1661
1 1662
1 1663
1 1664
0 1665
1 1666
0 1667
1 1668
1 1669
1 1670
1 1671
0 1672
0 1673
0 1674
0 1675
1 1676
0 1677
1 1678
1 1679
1 1680
0 1681
1 1682
1 1683
0 1684
0 1685
0 1686
0 1687
0 1688
1 1689
0 1690
0 1691
0 1692
1 1693
0 1694
1 1695
0 1696
1 1697
1 1698
1 1699
0 1700
1 1701
0 1702
0 1703
1 1704
1 1705
1 1706
0 1707
0 1708
1 1709
0 1710
0 1711
0 1712
0 1713
1 1714
1 1715
1 1716
1 1717
0 1718
1 1719
0 1720
0 1721
0 1722
0 1723
0 1724
1 1725
1 1726
1 1727
0 1728
1 1729
0 1730
1 1731
1 1732
1 1733
1 1734
0 1735
1 1736
1 1737
1 1738
1 1739
1 1740
0 1741
0 1742
0 1743
1 1744
0 1745
1 1746
0 1747
1 1748
0 1749
1 1750
1 1751
0 1752
1 1753
0 1754
1 1755
1 1756
1 1757
0 1758
0 1759
0 1760
0 1761
0 1762
0 1763
1 1764
0 1765
1 1766
1 1767
0 1768
0 1769
1 1770
1 1771
1 1772
1 1773
1 1774
0 1775
0 1776
0 1777
0 1778
0 1779
1 1780
0 1781
0 1782
0 1783
0 1784
0 1785
1 1786
0 1787
1 1788
1 1789
0 1790
1 1791
1 1792
1 1793
1 1794
0 1795
1 1796
1 1797
0 1798
1 1799
1 1800
1 1801
0 1802
1 1803
1 1804
1 1805
0 1806
1 1807
1 1808
0 1809
0 1810
1 1811
0 1812
0 1813
0 1814
1 1815
0 1816
0 1817
1 1818
1 1819
0 1820
0 1821
1 1822
1 1823
0 1824
0 1825
1 1826
0 1827
1 1828
1 1829
1 1830
0 1831
1 1832
0 1833
1 1834
1 1835
0 1836
1 1837
0 1838
0 1839
1 1840
0 1841
0 1842
0 1843
0 1844
1 1845
0 1846
0 1847
0 1848
0 1849
1 1850
1 1851
0 1852
0 1853
1 1854
0 1855
0 1856
1 1857
1 1858
0 1859
0 1860
1 1861
0 1862
1 1863
1 1864
0 1865
0 1866
0 1867
1 1868
0 1869
0 1870
0 1871
0 1872
1 1873
1 1874
0 1875
0 1876
1 1877
0 1878
0 1879
0 1880
1 1881
1 1882
0 1883
0 1884
0 1885
0 1886
0 1887
1 1888
0 1889
0 1890
0 1891
0 1892
0 1893
1 1894
1 1895
1 1896
1 1897
1 1898
0 1899
1 1900
0 1901
1 1902
0 1903
1 1904
0 1905
0 1906
1 1907
1 1908
1 1909
1 1910
1 1911
0 1912
1 1913
1 1914
0 1915
1 1916
1 1917
1 1918
1 1919
1 1920
1 1921
1 1922
1 1923
1 1924
1 1925
0 1926
1 1927
1 1928
1 1929
0 1930
0 1931
1 1932
0 1933
1 1934
1 1935
0 1936
0 1937
1 1938
0 1939
0 1940
0 1941
0 1942
0 1943
1 1944
0 1945
1 1946
0 1947
1 1948
1 1949
1 1950
1 1951
1 1952
1 1953
0 1954
0 1955
1 1956
0 1957
1 1958
1 1959
1 1960
1 1961
0 1962
0 1963
1 1964
1 1965
1 1966
0 1967
0 1968
0 1969
1 1970
0 1971
1 1972
1 1973
1 1974
1 1975
0 1976
1 1977
0 1978
0 1979
1 1980
0 1981
0 1982
1 1983
1 1984
0 1985
1 1986
0 1987
0 1988
0 1989
1 1990
0 1991
1 1992
0 1993
1 1994
1 1995
1 1996
0 1997
0 1998
0 1999
0 2000
1 2001
1 2002
0 2003
1 2004
1 2005
0 2006
1 2007
1 2008
1 2009
1 2010
0 2011
1 2012
0 2013
1 2014
1 2015
1 2016
0 2017
1 2018
0 2019
0 2020
1 2021
1 2022
0 2023
0 2024
0 2025
0 2026
1 2027
1 2028
0 2029
1 2030
0 2031
0 2032
0 2033
0 2034
1 2035
1 2036
0 2037
0 2038
0 2039
0 2040
1 2041
0 2042
0 2043
1 2044
1 2045
0 2046
0 2047
1 2048
1 2049
1 2050
1 2051
1 2052
0 2053
1 2054
1 2055
1 2056
1 2057
1 2058
0 2059
0 2060
0 2061
0 2062
1 2063
0 2064
0 2065
0 2066
0 2067
1 2068
1 2069
0 2070
1 2071
0 2072
0 2073
0 2074
0 2075
1 2076
0 2077
0 2078
1 2079
0 2080
0 2081
0 2082
0 2083
0 2084
1 2085
1 2086
1 2087
1 2088
1 2089
1 2090
1 2091
0 2092
0 2093
0 2094
1 2095
0 2096
0 2097
0 2098
0 2099
1 2100
1 2101
1 2102
1 2103
1 2104
1 2105
1 2106
0 2107
0 2108
1 2109
1 2110
1 2111
0 2112
1 2113
0 2114
0 2115
0 2116
1 2117
0 2118
0 2119
1 2120
0 2121
0 2122
1 2123
1 2124
1 2125
1 2126
1 2127
1 2128
1 2129
1 2130
1 2131
1 2132
1 2133
1 2134
1 2135
0 2136
0 2137
1 2138
0 2139
1 2140
1 2141
1 2142
0 2143
1 2144
1 2145
1 2146
0 2147
1 2148
1 2149
0 2150
1 2151
0 2152
1 2153
1 2154
0 2155
1 2156
1 2157
0 2158
1 2159
1 2160
0 2161
1 2162
1 2163
1 2164
0 2165
1 2166
1 2167
1 2168
1 2169
1 2170
0 2171
1 2172
0 2173
1 2174
1 2175
1 2176
0 2177
0 2178
1 2179
1 2180
0 2181
0 2182
0 2183
1 2184
1 2185
1 2186
1 2187
1 2188
1 2189
1 2190
1 2191
1 2192
0 2193
0 2194
0 2195
1 2196
1 2197
0 2198
0 2199
1 2200
0 2201
1 2202
0 2203
1 2204
1 2205
0 2206
1 2207
1 2208
0 2209
0 2210
0 2211
1 2212
0 2213
1 2214
1 2215
1 2216
0 2217
0 2218
0 2219
1 2220
1 2221
0 2222
0 2223
1 2224
1 2225
0 2226
1 2227
0 2228
1 2229
0 2230
1 2231
0 2232
1 2233
1 2234
0 2235
0 2236
1 2237
1 2238
0 2239
0 2240
1 2241
1 2242
0 2243
0 2244
1 2245
1 2246
1 2247
0 2248
1 2249
1 2250
1 2251
1 2252
0 2253
1 2254
1 2255
0 2256
0 2257
0 2258
1 2259
0 2260
0 2261
0 2262
0 2263
0 2264
0 2265
1 2266
0 2267
0 2268
0 2269
0 2270
1 2271
0 2272
1 2273
0 2274
0 2275
0 2276
1 2277
1 2278
0 2279
1 2280
0 2281
0 2282
1 2283
1 2284
0 2285
0 2286
1 2287
0 2288
1 2289
1 2290
0 2291
1 2292
1 2293
1 2294
1 2295
1 2296
1 2297
0 2298
0 2299
1 2300
1 2301
0 2302
0 2303
1 2304
1 2305
1 2306
0 2307
0 2308
1 2309
1 2310
1 2311
0 2312
0 2313
1 2314
1 2315
1 2316
1 2317
1 2318
0 2319
1 2320
0 2321
1 2322
0 2323
1 2324
0 2325
0 2326
1 2327
0 2328
0 2329
0 2330
1 2331
1 2332
0 2333
1 2334
1 2335
0 2336
1 2337
0 2338
1 2339
0 2340
1 2341
1 2342
1 2343
0 2344
1 2345
0 2346
0 2347
0 2348
1 2349
1 2350
0 2351
1 2352
0 2353
0 2354
0 2355
0 2356
0 2357
1 2358
0 2359
1 2360
0 2361
0 2362
0 2363
0 2364
0 2365
0 2366
1 2367
0 2368
0 2369
0 2370
0 2371
1 2372
1 2373
1 2374
1 2375
1 2376
0 2377
0 2378
1 2379
1 2380
0 2381
1 2382
1 2383
1 2384
0 2385
0 2386
0 2387
1 2388
0 2389
1 2390
0 2391
1 2392
0 2393
0 2394
0 2395
1 2396
1 2397
0 2398
1 2399
1 2400
0 2401
1 2402
1 2403
0 2404
0 2405
0 2406
0 2407
0 2408
0 2409
0 2410
0 2411
1 2412
0 2413
0 2414
1 2415
0 2416
1 2417
1 2418
1 2419
1 2420
0 2421
1 2422
0 2423
0 2424
1 2425
1 2426
0 2427
1 2428
0 2429
1 2430
1 2431
0 2432
1 2433
1 2434
0 2435
0 2436
0 2437
1 2438
1 2439
1 2440
1 2441
1 2442
1 2443
0 2444
1 2445
1 2446
0 2447
0 2448
0 2449
1 2450
1 2451
0 2452
1 2453
0 2454
1 2455
1 2456
1 2457
1 2458
0 2459
0 2460
0 2461
0 2462
1 2463
0 2464
0 2465
0 2466
1 2467
0 2468
1 2469
1 2470
1 2471
1 2472
0 2473
1 2474
0 2475
0 2476
0 2477
1 2478
0 2479
0 2480
0 2481
1 2482
1 2483
0 2484
1 2485
0 2486
0 2487
0 2488
0 2489
1 2490
1 2491
0 2492
1 2493
1 2494
1 2495
0 2496
1 2497
0 2498
1 2499
1 2500
1 2501
0 2502
1 2503
0 2504
0 2505
0 2506
1 2507
1 2508
0 2509
1 2510
1 2511
0 2512
1 2513
1 2514
1 2515
1 2516
1 2517
1 2518
1 2519
1 2520
0 2521
0 2522
1 2523
0 2524
0 2525
1 2526
0 2527
1 2528
0 2529
0 2530
1 2531
0 2532
1 2533
0 2534
0 2535
1 2536
1 2537
1 2538
0 2539
0 2540
1 2541
0 2542
1 2543
0 2544
0 2545
0 2546
1 2547
0 2548
1 2549
0 2550
1 2551
0 2552
1 2553
1 2554
1 2555
0 2556
1 2557
0 2558
1 2559
1 2560
1 2561
1 2562
1 2563
1 2564
0 2565
1 2566
0 2567
1 2568
0 2569
1 2570
0 2571
0 2572
1 2573
0 2574
1 2575
1 2576
0 2577
1 2578
0 2579
1 2580
0 2581
1 2582
1 2583
0 2584
0 2585
0 2586
1 2587
0 2588
1 2589
1 2590
1 2591
0 2592
0 2593
0 2594
0 2595
0 2596
1 2597
0 2598
1 2599
1 2600
0 2601
1 2602
1 2603
0 2604
1 2605
0 2606
1 2607
0 2608
1 2609
1 2610
0 2611
1 2612
1 2613
0 2614
0 2615
1 2616
1 2617
1 2618
1 2619
1 2620
1 2621
0 2622
1 2623
1 2624
1 2625
0 2626
1 2627
1 2628
0 2629
0 2630
0 2631
1 2632
0 2633
0 2634
1 2635
0 2636
0 2637
1 2638
1 2639
0 2640
0 2641
0 2642
0 2643
1 2644
0 2645
1 2646
0 2647
1 2648
1 2649
0 2650
0 2651
1 2652
1 2653
0 2654
1 2655
0 2656
0 2657
1 2658
0 2659
1 2660
1 2661
1 2662
1 2663
1 2664
1 2665
1 2666
1 2667
0 2668
1 2669
0 2670
0 2671
0 2672
0 2673
0 2674
1 2675
1 2676
1 2677
0 2678
1 2679
0 2680
0 2681
0 2682
1 2683
1 2684
1 2685
1 2686
1 2687
0 2688
0 2689
0 2690
1 2691
1 2692
0 2693
0 2694
1 2695
1 2696
1 2697
1 2698
0 2699
1 2700
1 2701
1 2702
1 2703
1 2704
1 2705
0 2706
0 2707
0 2708
1 2709
0 2710
0 2711
0 2712
1 2713
0 2714
1 2715
0 2716
1 2717
1 2718
1 2719
1 2720
1 2721
0 2722
1 2723
0 2724
1 2725
0 2726
1 2727
0 2728
0 2729
0 2730
0 2731
0 2732
0 2733
0 2734
1 2735
1 2736
1 2737
0 2738
0 2739
0 2740
1 2741
0 2742
1 2743
0 2744
1 2745
1 2746
0 2747
0 2748
1 2749
1 2750
1 2751
0 2752
1 2753
1 2754
0 2755
0 2756
1 2757
1 2758
0 2759
1 2760
0 2761
0 2762
0 2763
0 2764
0 2765
0 2766
1 2767
1 2768
1 2769
1 2770
1 2771
1 2772
1 2773
0 2774
0 2775
1 2776
0 2777
1 2778
1 2779
1 2780
1 2781
1 2782
0 2783
1 2784
0 2785
1 2786
0 2787
1 2788
0 2789
1 2790
1 2791
1 2792
1 2793
1 2794
0 2795
1 2796
0 2797
1 2798
1 2799
0 2800
1 2801
1 2802
0 2803
1 2804
0 2805
0 2806
1 2807
1 2808
0 2809
1 2810
0 2811
1 2812
1 2813
0 2814
1 2815
1 2816
0 2817
0 2818
1 2819
1 2820
0 2821
0 2822
0 2823
0 2824
1 2825
0 2826
0 2827
1 2828
1 2829
0 2830
0 2831
1 2832
1 2833
0 2834
0 2835
0 2836
1 2837
0 2838
1 2839
0 2840
1 2841
1 2842
1 2843
0 2844
0 2845
1 2846
0 2847
0 2848
0 2849
1 2850
1 2851
1 2852
0 2853
1 2854
0 2855
0 2856
1 2857
0 2858
1 2859
0 2860
1 2861
0 2862
1 2863
0 2864
0 2865
0 2866
1 2867
0 2868
0 2869
0 2870
1 2871
1 2872
1 2873
1 2874
0 2875
1 2876
0 2877
0 2878
0 2879
1 2880
1 2881
0 2882
1 2883
0 2884
0 2885
0 2886
1 2887
1 2888
1 2889
0 2890
0 2891
0 2892
1 2893
0 2894
1 2895
0 2896
0 2897
0 2898
0 2899
1 2900
1 2901
0 2902
1 2903
0 2904
0 2905
1 2906
0 2907
0 2908
1 2909
0 2910
0 2911
1 2912
1 2913
0 2914
0 2915
0 2916
1 2917
0 2918
0 2919
0 2920
1 2921
0 2922
0 2923
1 2924
0 2925
0 2926
0 2927
0 2928
0 2929
1 2930
0 2931
1 2932
0 2933
0 2934
1 2935
1 2936
1 2937
0 2938
0 2939
0 2940
1 2941
1 2942
0 2943
0 2944
1 2945
0 2946
1 2947
0 2948
1 2949
0 2950
1 2951
0 2952
0 2953
1 2954
0 2955
1 2956
0 2957
1 2958
1 2959
1 2960
0 2961
0 2962
1 2963
0 2964
1 2965
0 2966
1 2967
1 2968
1 2969
0 2970
1 2971
0 2972
0 2973
0 2974
0 2975
1 2976
0 2977
0 2978
1 2979
1 2980
1 2981
1 2982
1 2983
1 2984
1 2985
0 2986
1 2987
0 2988
1 2989
0 2990
1 2991
1 2992
1 2993
0 2994
1 2995
0 2996
1 2997
0 2998
0 2999
1 3000
1 3001
1 3002
1 3003
1 3004
1 3005
1 3006
0 3007
0 3008
0 3009
1 3010
1 3011
1 3012
0 3013
1 3014
1 3015
0 3016
1 3017
0 3018
0 3019
0 3020
1 3021
0 3022
1 3023
1 3024
0 3025
0 3026
0 3027
1 3028
1 3029
0 3030
1 3031
0 3032
1 3033
0 3034
1 3035
1 3036
1 3037
1 3038
0 3039
0 3040
0 3041
0 3042
0 3043
0 3044
0 3045
0 3046
0 3047
0 3048
0 3049
1 3050
1 3051
1 3052
1 3053
0 3054
0 3055
0 3056
1 3057
0 3058
1 3059
1 3060
0 3061
1 3062
0 3063
1 3064
1 3065
1 3066
1 3067
0 3068
0 3069
0 3070
0 3071
0 3072
1 3073
1 3074
1 3075
0 3076
0 3077
0 3078
0 3079
1 3080
1 3081
0 3082
0 3083
1 3084
0 3085
1 3086
0 3087
1 3088
1 3089
1 3090
1 3091
1 3092
0 3093
1 3094
1 3095
0 3096
1 3097
1 3098
1 3099
0 3100
1 3101
1 3102
1 3103
1 3104
1 3105
0 3106
1 3107
0 3108
0 3109
0 3110
1 3111
1 3112
0 3113
0 3114
1 3115
1 3116
0 3117
0 3118
1 3119
1 3120
1 3121
0 3122
1 3123
1 3124
1 3125
1 3126
1 3127
0 3128
1 3129
0 3130
1 3131
1 3132
0 3133
1 3134
1 3135
1 3136
1 3137
0 3138
1 3139
0 3140
0 3141
1 3142
1 3143
0 3144
0 3145
0 3146
0 3147
1 3148
0 3149
1 3150
0 3151
0 3152
1 3153
0 3154
1 3155
0 3156
0 3157
0 3158
1 3159
1 3160
1 3161
1 3162
1 3163
1 3164
1 3165
0 3166
0 3167
1 3168
0 3169
0 3170
1 3171
0 3172
0 3173
1 3174
0 3175
1 3176
1 3177
0 3178
1 3179
1 3180
1 3181
1 3182
0 3183
0 3184
1 3185
1 3186
1 3187
0 3188
0 3189
1 3190
1 3191
1 3192
0 3193
0 3194
1 3195
1 3196
1 3197
0 3198
0 3199
0 3200
0 3201
0 3202
0 3203
0 3204
0 3205
1 3206
0 3207
1 3208
0 3209
1 3210
0 3211
0 3212
0 3213
0 3214
1 3215
1 3216
0 3217
0 3218
1 3219
1 3220
1 3221
1 3222
1 3223
0 3224
1 3225
0 3226
0 3227
0 3228
1 3229
1 3230
0 3231
1 3232
1 3233
1 3234
0 3235
1 3236
0 3237
1 3238
1 3239
0 3240
1 3241
0 3242
1 3243
1 3244
0 3245
0 3246
1 3247
1 3248
0 3249
0 3250
1 3251
1 3252
1 3253
1 3254
0 3255
0 3256
1 3257
0 3258
0 3259
0 3260
0 3261
1 3262
0 3263
1 3264
1 3265
0 3266
1 3267
1 3268
0 3269
1 3270
0 3271
1 3272
0 3273
0 3274
1 3275
1 3276
1 3277
1 3278
0 3279
1 3280
0 3281
0 3282
1 3283
1 3284
0 3285
0 3286
0 3287
0 3288
0 3289
0 3290
0 3291
0 3292
0 3293
1 3294
1 3295
1 3296
1 3297
0 3298
1 3299
0 3300
1 3301
1 3302
1 3303
0 3304
1 3305
0 3306
1 3307
0 3308
0 3309
1 3310
0 3311
0 3312
0 3313
0 3314
0 3315
0 3316
0 3317
1 3318
1 3319
1 3320
0 3321
1 3322
0 3323
1 3324
1 3325
1 3326
0 3327
0 3328
0 3329
1 3330
1 3331
0 3332
0 3333
0 3334
0 3335
1 3336
0 3337
0 3338
0 3339
1 3340
0 3341
1 3342
0 3343
0 3344
1 3345
1 3346
1 3347
1 3348
0 3349
1 3350
1 3351
1 3352
1 3353
1 3354
0 3355
1 3356
0 3357
0 3358
1 3359
1 3360
0 3361
0 3362
1 3363
0 3364
0 3365
0 3366
1 3367
1 3368
1 3369
1 3370
1 3371
1 3372
0 3373
0 3374
0 3375
0 3376
0 3377
0 3378
0 3379
1 3380
1 3381
0 3382
0 3383
1 3384
0 3385
0 3386
0 3387
1 3388
0 3389
0 3390
1 3391
0 3392
1 3393
0 3394
0 3395
0 3396
1 3397
0 3398
0 3399
0 3400
1 3401
0 3402
0 3403
1 3404
0 3405
0 3406
1 3407
0 3408
0 3409
1 3410
0 3411
0 3412
1 3413
1 3414
0 3415
1 3416
0 3417
0 3418
0 3419
0 3420
1 3421
1 3422
0 3423
1 3424
1 3425
0 3426
0 3427
0 3428
0 3429
0 3430
1 3431
0 3432
0 3433
1 3434
1 3435
1 3436
0 3437
1 3438
0 3439
0 3440
1 3441
1 3442
1 3443
0 3444
0 3445
0 3446
0 3447
1 3448
0 3449
1 3450
1 3451
0 3452
1 3453
1 3454
0 3455
0 3456
1 3457
1 3458
1 3459
0 3460
1 3461
1 3462
1 3463
1 3464
1 3465
1 3466
1 3467
1 3468
1 3469
1 3470
0 3471
1 3472
0 3473
1 3474
0 3475
1 3476
0 3477
0 3478
1 3479
1 3480
0 3481
1 3482
1 3483
0 3484
1 3485
0 3486
1 3487
1 3488
0 3489
0 3490
1 3491
0 3492
0 3493
1 3494
0 3495
1 3496
1 3497
1 3498
0 3499
0 3500
0 3501
0 3502
0 3503
0 3504
1 3505
1 3506
1 3507
0 3508
1 3509
1 3510
0 3511
0 3512
1 3513
0 3514
0 3515
1 3516
1 3517
1 3518
0 3519
1 3520
0 3521
1 3522
1 3523
1 3524
0 3525
0 3526
0 3527
1 3528
1 3529
0 3530
1 3531
0 3532
0 3533
0 3534
1 3535
0 3536
1 3537
0 3538
0 3539
0 3540
0 3541
1 3542
0 3543
0 3544
0 3545
1 3546
0 3547
1 3548
0 3549
0 3550
0 3551
1 3552
1 3553
1 3554
0 3555
0 3556
0 3557
1 3558
0 3559
1 3560
0 3561
1 3562
0 3563
0 3564
1 3565
0 3566
1 3567
1 3568
1 3569
1 3570
0 3571
1 3572
1 3573
0 3574
1 3575
1 3576
0 3577
0 3578
0 3579
1 3580
0 3581
0 3582
1 3583
0 3584
1 3585
0 3586
0 3587
0 3588
1 3589
1 3590
0 3591
0 3592
0 3593
1 3594
0 3595
1 3596
1 3597
0 3598
1 3599
0 3600
0 3601
0 3602
0 3603
1 3604
1 3605
1 3606
0 3607
1 3608
1 3609
1 3610
0 3611
1 3612
1 3613
1 3614
0 3615
0 3616
1 3617
1 3618
0 3619
0 3620
0 3621
1 3622
0 3623
0 3624
1 3625
1 3626
0 3627
0 3628
1 3629
1 3630
1 3631
0 3632
0 3633
0 3634
1 3635
1 3636
1 3637
1 3638
1 3639
1 3640
0 3641
0 3642
1 3643
0 3644
1 3645
1 3646
1 3647
0 3648
0 3649
1 3650
1 3651
0 3652
1 3653
1 3654
0 3655
0 3656
1 3657
0 3658
1 3659
1 3660
1 3661
1 3662
0 3663
0 3664
0 3665
0 3666
0 3667
0 3668
0 3669
1 3670
0 3671
1 3672
0 3673
0 3674
1 3675
1 3676
1 3677
0 3678
1 3679
0 3680
0 3681
1 3682
0 3683
1 3684
1 3685
1 3686
0 3687
1 3688
0 3689
1 3690
0 3691
0 3692
0 3693
0 3694
0 3695
1 3696
0 3697
0 3698
0 3699
0 3700
0 3701
1 3702
1 3703
1 3704
0 3705
0 3706
0 3707
1 3708
0 3709
0 3710
1 3711
0 3712
0 3713
1 3714
1 3715
1 3716
0 3717
0 3718
0 3719
1 3720
1 3721
1 3722
1 3723
1 3724
1 3725
0 3726
0 3727
0 3728
1 3729
0 3730
1 3731
1 3732
1 3733
0 3734
0 3735
0 3736
0 3737
0 3738
0 3739
0 3740
1 3741
1 3742
1 3743
0 3744
1 3745
0 3746
0 3747
1 3748
1 3749
1 3750
1 3751
0 3752
1 3753
0 3754
0 3755
0 3756
0 3757
0 3758
1 3759
1 3760
1 3761
0 3762
1 3763
0 3764
1 3765
1 3766
1 3767
0 3768
1 3769
0 3770
1 3771
1 3772
0 3773
0 3774
0 3775
1 3776
0 3777
0 3778
1 3779
0 3780
0 3781
1 3782
0 3783
0 3784
1 3785
0 3786
0 3787
0 3788
0 3789
0 3790
0 3791
0 3792
1 3793
0 3794
0 3795
0 3796
1 3797
0 3798
0 3799
0 3800
1 3801
0 3802
1 3803
0 3804
1 3805
0 3806
1 3807
1 3808
0 3809
0 3810
1 3811
1 3812
1 3813
0 3814
1 3815
0 3816
0 3817
0 3818
1 3819
1 3820
1 3821
0 3822
0 3823
1 3824
0 3825
1 3826
0 3827
1 3828
0 3829
1 3830
1 3831
1 3832
0 3833
1 3834
0 3835
0 3836
0 3837
0 3838
0 3839
0 3840
0 3841
1 3842
0 3843
1 3844
1 3845
1 3846
0 3847
0 3848
1 3849
1 3850
1 3851
1 3852
1 3853
0 3854
0 3855
1 3856
1 3857
1 3858
0 3859
0 3860
1 3861
1 3862
1 3863
1 3864
1 3865
1 3866
0 3867
0 3868
0 3869
1 3870
0 3871
0 3872
0 3873
0 3874
0 3875
1 3876
1 3877
0 3878
1 3879
0 3880
1 3881
0 3882
0 3883
1 3884
0 3885
0 3886
1 3887
0 3888
0 3889
1 3890
1 3891
1 3892
0 3893
1 3894
1 3895
0 3896
0 3897
1 3898
1 3899
0 3900
1 3901
0 3902
0 3903
0 3904
1 3905
1 3906
0 3907
0 3908
0 3909
0 3910
0 3911
0 3912
0 3913
1 3914
1 3915
0 3916
1 3917
1 3918
1 3919
0 3920
0 3921
0 3922
1 3923
0 3924
0 3925
1 3926
1 3927
1 3928
1 3929
1 3930
1 3931
1 3932
0 3933
1 3934
0 3935
0 3936
1 3937
0 3938
0 3939
0 3940
1 3941
0 3942
0 3943
1 3944
0 3945
0 3946
0 3947
0 3948
1 3949
0 3950
1 3951
1 3952
0 3953
1 3954
1 3955
1 3956
1 3957
1 3958
0 3959
0 3960
0 3961
0 3962
1 3963
0 3964
0 3965
1 3966
1 3967
1 3968
1 3969
0 3970
0 3971
0 3972
1 3973
0 3974
1 3975
1 3976
0 3977
0 3978
1 3979
0 3980
0 3981
0 3982
0 3983
0 3984
1 3985
0 3986
1 3987
1 3988
0 3989
1 3990
0 3991
0 3992
1 3993
0 3994
0 3995
0 3996
0 3997
0 3998
0 3999
0 4000
1 4001
0 4002
0 4003
0 4004
0 4005
0 4006
1 4007
0 4008
1 4009
1 4010
1 4011
0 4012
0 4013
1 4014
0 4015
0 4016
0 4017
0 4018
0 4019
0 4020
0 4021
1 4022
0 4023
0 4024
1 4025
0 4026
1 4027
0 4028
0 4029
0 4030
0 4031
0 4032
1 4033
1 4034
0 4035
1 4036
1 4037
1 4038
1 4039
0 4040
1 4041
1 4042
1 4043
1 4044
0 4045
1 4046
0 4047
0 4048
0 4049
1 4050
0 4051
1 4052
0 4053
1 4054
0 4055
0 4056
0 4057
1 4058
0 4059
1 4060
1 4061
0 4062
0 4063
1 4064
0 4065
0 4066
1 4067
0 4068
1 4069
1 4070
1 4071
0 4072
0 4073
0 4074
0 4075
0 4076
0 4077
1 4078
0 4079
0 4080
1 4081
0 4082
0 4083
0 4084
0 4085
0 4086
1 4087
0 4088
0 4089
0 4090
0 4091
1 4092
1 4093
0 4094
1 4095
1 4096
1 4097
0 4098
0 4099
1 4100
1 4101
0 4102
0 4103
0 4104
0 4105
1 4106
1 4107
0 4108
0 4109
1 4110
1 4111
1 4112
0 4113
0 4114
0 4115
0 4116
1 4117
0 4118
1 4119
0 4120
1 4121
0 4122
0 4123
1 4124
1 4125
0 4126
1 4127
0 4128
0 4129
0 4130
0 4131
1 4132
1 4133
1 4134
0 4135
0 4136
1 4137
1 4138
0 4139
0 4140
0 4141
1 4142
1 4143
0 4144
1 4145
1 4146
0 4147
0 4148
0 4149
0 4150
1 4151
0 4152
1 4153
0 4154
0 4155
0 4156
1 4157
1 4158
1 4159
1 4160
0 4161
0 4162
1 4163
1 4164
1 4165
0 4166
0 4167
0 4168
0 4169
0 4170
1 4171
1 4172
1 4173
0 4174
1 4175
1 4176
1 4177
0 4178
0 4179
1 4180
1 4181
1 4182
0 4183
0 4184
1 4185
1 4186
0 4187
0 4188
0 4189
0 4190
1 4191
1 4192
0 4193
0 4194
1 4195
1 4196
1 4197
1 4198
1 4199
1 4200
1 4201
0 4202
0 4203
0 4204
1 4205
0 4206
1 4207
0 4208
1 4209
0 4210
1 4211
0 4212
0 4213
0 4214
1 4215
0 4216
0 4217
0 4218
1 4219
0 4220
1 4221
0 4222
0 4223
1 4224
0 4225
0 4226
0 4227
1 4228
1 4229
0 4230
1 4231
1 4232
0 4233
0 4234
0 4235
0 4236
0 4237
0 4238
1 4239
1 4240
1 4241
1 4242
0 4243
1 4244
0 4245
1 4246
1 4247
1 4248
1 4249
0 4250
1 4251
0 4252
0 4253
1 4254
0 4255
0 4256
0 4257
1 4258
0 4259
1 4260
1 4261
1 4262
1 4263
1 4264
1 4265
0 4266
1 4267
0 4268
0 4269
0 4270
1 4271
0 4272
1 4273
0 4274
0 4275
1 4276
1 4277
0 4278
0 4279
0 4280
1 4281
0 4282
1 4283
0 4284
0 4285
0 4286
0 4287
1 4288
0 4289
1 4290
0 4291
0 4292
1 4293
0 4294
1 4295
1 4296
1 4297
1 4298
0 4299
1 4300
0 4301
1 4302
1 4303
0 4304
1 4305
1 4306
1 4307
1 4308
0 4309
1 4310
1 4311
0 4312
1 4313
0 4314
1 4315
0 4316
0 4317
1 4318
0 4319
0 4320
0 4321
1 4322
0 4323
1 4324
0 4325
0 4326
0 4327
1 4328
1 4329
1 4330
1 4331
0 4332
1 4333
1 4334
1 4335
0 4336
0 4337
0 4338
1 4339
1 4340
1 4341
0 4342
0 4343
1 4344
0 4345
0 4346
1 4347
0 4348
0 4349
1 4350
0 4351
0 4352
0 4353
0 4354
1 4355
1 4356
0 4357
1 4358
0 4359
1 4360
1 4361
0 4362
1 4363
0 4364
1 4365
0 4366
1 4367
0 4368
0 4369
0 4370
0 4371
1 4372
1 4373
0 4374
0 4375
0 4376
1 4377
0 4378
1 4379
0 4380
0 4381
0 4382
1 4383
0 4384
0 4385
1 4386
0 4387
1 4388
0 4389
1 4390
0 4391
1 4392
0 4393
0 4394
0 4395
1 4396
1 4397
0 4398
0 4399
1 4400
0 4401
1 4402
0 4403
1 4404
0 4405
0 4406
0 4407
1 4408
0 4409
1 4410
0 4411
1 4412
0 4413
1 4414
1 4415
1 4416
0 4417
1 4418
1 4419
0 4420
1 4421
0 4422
1 4423
0 4424
1 4425
0 4426
0 4427
0 4428
0 4429
0 4430
0 4431
1 4432
0 4433
1 4434
1 4435
1 4436
1 4437
0 4438
1 4439
1 4440
0 4441
0 4442
1 4443
1 4444
0 4445
1 4446
1 4447
0 4448
0 4449
0 4450
1 4451
0 4452
0 4453
0 4454
1 4455
0 4456
1 4457
1 4458
1 4459
0 4460
0 4461
1 4462
0 4463
0 4464
1 4465
1 4466
0 4467
1 4468
1 4469
1 4470
0 4471
1 4472
0 4473
0 4474
0 4475
0 4476
1 4477
0 4478
0 4479
0 4480
1 4481
0 4482
1 4483
0 4484
1 4485
1 4486
0 4487
0 4488
0 4489
1 4490
0 4491
0 4492
0 4493
0 4494
0 4495
0 4496
0 4497
1 4498
0 4499
0 4500
0 4501
0 4502
1 4503
1 4504
1 4505
1 4506
0 4507
1 4508
0 4509
1 4510
1 4511
1 4512
0 4513
1 4514
0 4515
0 4516
0 4517
1 4518
0 4519
0 4520
0 4521
0 4522
1 4523
1 4524
1 4525
1 4526
1 4527
1 4528
1 4529
0 4530
1 4531
0 4532
0 4533
1 4534
0 4535
1 4536
1 4537
0 4538
1 4539
0 4540
0 4541
1 4542
0 4543
1 4544
1 4545
0 4546
0 4547
1 4548
0 4549
1 4550
0 4551
1 4552
1 4553
0 4554
1 4555
1 4556
1 4557
1 4558
0 4559
0 4560
1 4561
1 4562
1 4563
0 4564
0 4565
0 4566
0 4567
0 4568
0 4569
0 4570
0 4571
0 4572
0 4573
0 4574
1 4575
0 4576
1 4577
1 4578
0 4579
0 4580
1 4581
1 4582
0 4583
0 4584
0 4585
0 4586
1 4587
0 4588
1 4589
1 4590
1 4591
1 4592
1 4593
0 4594
0 4595
1 4596
0 4597
1 4598
0 4599
0 4600
0 4601
1 4602
1 4603
1 4604
0 4605
1 4606
0 4607
0 4608
1 4609
1 4610
0 4611
1 4612
1 4613
1 4614
0 4615
1 4616
1 4617
0 4618
0 4619
0 4620
1 4621
0 4622
1 4623
0 4624
0 4625
0 4626
0 4627
1 4628
1 4629
1 4630
1 4631
0 4632
1 4633
1 4634
1 4635
0 4636
1 4637
1 4638
0 4639
1 4640
1 4641
1 4642
0 4643
1 4644
0 4645
1 4646
0 4647
1 4648
1 4649
1 4650
0 4651
0 4652
1 4653
0 4654
1 4655
1 4656
0 4657
1 4658
1 4659
0 4660
0 4661
0 4662
1 4663
0 4664
1 4665
0 4666
0 4667
1 4668
0 4669
1 4670
0 4671
1 4672
0 4673
1 4674
1 4675
1 4676
0 4677
1 4678
1 4679
1 4680
1 4681
0 4682
1 4683
0 4684
0 4685
1 4686
0 4687
0 4688
0 4689
0 4690
0 4691
1 4692
1 4693
0 4694
0 4695
1 4696
0 4697
1 4698
1 4699
0 4700
0 4701
1 4702
0 4703
0 4704
0 4705
0 4706
1 4707
1 4708
1 4709
1 4710
1 4711
1 4712
0 4713
0 4714
0 4715
0 4716
0 4717
0 4718
1 4719
1 4720
0 4721
1 4722
0 4723
1 4724
1 4725
0 4726
0 4727
0 4728
1 4729
1 4730
1 4731
0 4732
1 4733
1 4734
1 4735
0 4736
1 4737
1 4738
1 4739
0 4740
0 4741
0 4742
0 4743
1 4744
1 4745
0 4746
0 4747
0 4748
1 4749
1 4750
1 4751
0 4752
1 4753
0 4754
1 4755
1 4756
1 4757
1 4758
1 4759
1 4760
0 4761
0 4762
0 4763
1 4764
0 4765
1 4766
1 4767
1 4768
0 4769
1 4770
0 4771
0 4772
1 4773
1 4774
1 4775
1 4776
1 4777
0 4778
0 4779
0 4780
1 4781
1 4782
0 4783
1 4784
1 4785
0 4786
0 4787
0 4788
1 4789
1 4790
0 4791
1 4792
0 4793
1 4794
0 4795
0 4796
1 4797
1 4798
1 4799
1 4800
1 4801
0 4802
0 4803
1 4804
1 4805
1 4806
0 4807
1 4808
1 4809
1 4810
0 4811
0 4812
0 4813
0 4814
1 4815
0 4816
0 4817
0 4818
1 4819
1 4820
0 4821
1 4822
0 4823
0 4824
1 4825
0 4826
1 4827
0 4828
0 4829
0 4830
1 4831
1 4832
0 4833
1 4834
0 4835
0 4836
0 4837
0 4838
0 4839
0 4840
0 4841
0 4842
0 4843
0 4844
1 4845
1 4846
1 4847
1 4848
1 4849
1 4850
1 4851
1 4852
0 4853
0 4854
1 4855
1 4856
1 4857
0 4858
0 4859
1 4860
0 4861
1 4862
1 4863
0 4864
0 4865
1 4866
0 4867
1 4868
0 4869
1 4870
0 4871
1 4872
0 4873
1 4874
1 4875
0 4876
0 4877
1 4878
0 4879
0 4880
1 4881
0 4882
0 4883
1 4884
1 4885
0 4886
0 4887
0 4888
0 4889
1 4890
1 4891
0 4892
1 4893
0 4894
0 4895
0 4896
0 4897
1 4898
1 4899
0 4900
0 4901
1 4902
1 4903
1 4904
1 4905
1 4906
0 4907
0 4908
0 4909
0 4910
0 4911
1 4912
1 4913
0 4914
0 4915
0 4916
0 4917
1 4918
1 4919
1 4920
0 4921
1 4922
1 4923
1 4924
0 4925
0 4926
0 4927
1 4928
1 4929
1 4930
1 4931
0 4932
1 4933
0 4934
0 4935
1 4936
0 4937
1 4938
0 4939
1 4940
0 4941
1 4942
0 4943
1 4944
0 4945
0 4946
0 4947
1 4948
0 4949
0 4950
1 4951
1 4952
0 4953
1 4954
1 4955
0 4956
1 4957
0 4958
1 4959
0 4960
1 4961
1 4962
1 4963
0 4964
0 4965
0 4966
0 4967
0 4968
1 4969
0 4970
0 4971
0 4972
1 4973
1 4974
1 4975
0 4976
0 4977
1 4978
0 4979
0 4980
1 4981
1 4982
1 4983
1 4984
1 4985
0 4986
1 4987
1 4988
0 4989
0 4990
1 4991
0 4992
0 4993
1 4994
0 4995
0 4996
0 4997
0 4998
0 4999
0 5000
1 5001
1 5002
1 5003
1 5004
0 5005
1 5006
0 5007
1 5008
1 5009
1 5010
1 5011
1 5012
1 5013
0 5014
1 5015
0 5016
1 5017
0 5018
1 5019
1 5020
0 5021
0 5022
1 5023
0 5024
1 5025
1 5026
1 5027
1 5028
1 5029
1 5030
0 5031
0 5032
0 5033
1 5034
0 5035
1 5036
1 5037
0 5038
0 5039
0 5040
1 5041
0 5042
1 5043
1 5044
1 5045
0 5046
1 5047
0 5048
1 5049
1 5050
0 5051
0 5052
1 5053
0 5054
0 5055
1 5056
1 5057
1 5058
1 5059
1 5060
0 5061
1 5062
1 5063
0 5064
0 5065
1 5066
0 5067
0 5068
1 5069
1 5070
1 5071
1 5072
1 5073
0 5074
0 5075
1 5076
1 5077
0 5078
0 5079
1 5080
1 5081
1 5082
1 5083
1 5084
0 5085
1 5086
0 5087
1 5088
1 5089
1 5090
1 5091
0 5092
1 5093
1 5094
1 5095
1 5096
1 5097
0 5098
1 5099
1 5100
1 5101
0 5102
0 5103
0 5104
0 5105
0 5106
1 5107
1 5108
0 5109
1 5110
0 5111
1 5112
0 5113
1 5114
1 5115
1 5116
1 5117
1 5118
1 5119
0 5120
0 5121
1 5122
1 5123
0 5124
1 5125
1 5126
1 5127
0 5128
0 5129
0 5130
1 5131
1 5132
0 5133
0 5134
1 5135
0 5136
0 5137
1 5138
1 5139
0 5140
0 5141
0 5142
0 5143
0 5144
0 5145
0 5146
1 5147
1 5148
1 5149
0 5150
1 5151
1 5152
0 5153
0 5154
1 5155
1 5156
0 5157
0 5158
1 5159
0 5160
0 5161
0 5162
1 5163
0 5164
0 5165
0 5166
0 5167
1 5168
0 5169
1 5170
0 5171
1 5172
1 5173
1 5174
1 5175
1 5176
1 5177
0 5178
1 5179
0 5180
0 5181
1 5182
1 5183
0 5184
0 5185
1 5186
0 5187
1 5188
1 5189
1 5190
0 5191
0 5192
0 5193
1 5194
1 5195
0 5196
1 5197
0 5198
1 5199
0 5200
0 5201
1 5202
1 5203
0 5204
1 5205
0 5206
1 5207
1 5208
1 5209
0 5210
0 5211
1 5212
1 5213
0 5214
1 5215
0 5216
1 5217
0 5218
0 5219
0 5220
1 5221
1 5222
0 5223
0 5224
0 5225
1 5226
1 5227
0 5228
1 5229
0 5230
1 5231
0 5232
0 5233
1 5234
1 5235
1 5236
1 5237
1 5238
1 5239
0 5240
1 5241
1 5242
0 5243
0 5244
1 5245
0 5246
1 5247
0 5248
1 5249
1 5250
1 5251
1 5252
1 5253
1 5254
0 5255
1 5256
0 5257
1 5258
1 5259
1 5260
1 5261
1 5262
1 5263
0 5264
1 5265
0 5266
1 5267
1 5268
1 5269
0 5270
1 5271
1 5272
1 5273
0 5274
0 5275
0 5276
0 5277
0 5278
0 5279
0 5280
0 5281
0 5282
0 5283
1 5284
1 5285
0 5286
0 5287
1 5288
0 5289
0 5290
0 5291
0 5292
0 5293
0 5294
1 5295
1 5296
1 5297
1 5298
1 5299
1 5300
1 5301
0 5302
1 5303
1 5304
0 5305
1 5306
0 5307
1 5308
0 5309
0 5310
0 5311
1 5312
0 5313
1 5314
1 5315
1 5316
0 5317
0 5318
0 5319
1 5320
0 5321
0 5322
0 5323
1 5324
1 5325
0 5326
0 5327
0 5328
1 5329
0 5330
1 5331
1 5332
0 5333
0 5334
0 5335
1 5336
1 5337
0 5338
1 5339
1 5340
0 5341
1 5342
1 5343
1 5344
0 5345
0 5346
0 5347
1 5348
0 5349
0 5350
0 5351
0 5352
1 5353
0 5354
1 5355
1 5356
1 5357
1 5358
1 5359
1 5360
1 5361
1 5362
1 5363
0 5364
1 5365
1 5366
1 5367
0 5368
0 5369
0 5370
0 5371
0 5372
1 5373
1 5374
0 5375
1 5376
1 5377
1 5378
0 5379
0 5380
1 5381
0 5382
0 5383
1 5384
0 5385
0 5386
0 5387
0 5388
1 5389
0 5390
1 5391
0 5392
1 5393
0 5394
0 5395
0 5396
0 5397
1 5398
0 5399
0 5400
0 5401
1 5402
1 5403
0 5404
1 5405
0 5406
0 5407
1 5408
0 5409
0 5410
1 5411
0 5412
1 5413
0 5414
1 5415
0 5416
1 5417
1 5418
0 5419
0 5420
1 5421
1 5422
1 5423
1 5424
0 5425
1 5426
0 5427
0 5428
0 5429
0 5430
1 5431
1 5432
1 5433
1 5434
1 5435
1 5436
1 5437
0 5438
0 5439
0 5440
1 5441
1 5442
1 5443
0 5444
0 5445
1 5446
0 5447
1 5448
0 5449
0 5450
1 5451
1 5452
0 5453
0 5454
0 5455
0 5456
0 5457
1 5458
1 5459
0 5460
0 5461
1 5462
1 5463
0 5464
0 5465
0 5466
1 5467
0 5468
1 5469
0 5470
1 5471
0 5472
0 5473
0 5474
1 5475
1 5476
0 5477
0 5478
0 5479
1 5480
1 5481
0 5482
0 5483
1 5484
0 5485
0 5486
0 5487
0 5488
1 5489
1 5490
0 5491
1 5492
1 5493
1 5494
0 5495
1 5496
0 5497
0 5498
0 5499
0 5500
1 5501
1 5502
0 5503
1 5504
0 5505
1 5506
0 5507
1 5508
0 5509
0 5510
1 5511
0 5512
1 5513
1 5514
0 5515
0 5516
0 5517
0 5518
1 5519
0 5520
0 5521
0 5522
0 5523
1 5524
0 5525
0 5526
0 5527
0 5528
0 5529
0 5530
0 5531
1 5532
0 5533
1 5534
0 5535
1 5536
1 5537
1 5538
0 5539
1 5540
0 5541
0 5542
1 5543
0 5544
0 5545
0 5546
1 5547
1 5548
1 5549
1 5550
0 5551
0 5552
0 5553
1 5554
0 5555
0 5556
1 5557
0 5558
1 5559
0 5560
0 5561
1 5562
1 5563
0 5564
0 5565
0 5566
1 5567
0 5568
1 5569
1 5570
0 5571
1 5572
1 5573
1 5574
1 5575
0 5576
0 5577
0 5578
0 5579
0 5580
1 5581
0 5582
0 5583
1 5584
1 5585
1 5586
1 5587
0 5588
0 5589
1 5590
1 5591
1 5592
0 5593
0 5594
0 5595
1 5596
1 5597
0 5598
1 5599
1 5600
1 5601
1 5602
1 5603
0 5604
0 5605
0 5606
1 5607
1 5608
0 5609
1 5610
0 5611
1 5612
0 5613
1 5614
0 5615
1 5616
0 5617
1 5618
0 5619
1 5620
1 5621
0 5622
1 5623
0 5624
0 5625
1 5626
1 5627
1 5628
1 5629
0 5630
0 5631
1 5632
1 5633
0 5634
1 5635
1 5636
1 5637
0 5638
0 5639
0 5640
1 5641
0 5642
1 5643
1 5644
0 5645
0 5646
1 5647
1 5648
0 5649
0 5650
1 5651
0 5652
0 5653
0 5654
1 5655
1 5656
1 5657
0 5658
0 5659
1 5660
0 5661
1 5662
0 5663
1 5664
1 5665
1 5666
1 5667
1 5668
0 5669
0 5670
1 5671
0 5672
1 5673
1 5674
0 5675
1 5676
0 5677
0 5678
1 5679
1 5680
1 5681
1 5682
0 5683
0 5684
0 5685
0 5686
1 5687
1 5688
0 5689
1 5690
0 5691
0 5692
1 5693
0 5694
1 5695
1 5696
1 5697
1 5698
0 5699
0 5700
1 5701
0 5702
1 5703
0 5704
0 5705
1 5706
0 5707
1 5708
1 5709
0 5710
1 5711
1 5712
1 5713
0 5714
1 5715
1 5716
1 5717
0 5718
0 5719
1 5720
0 5721
1 5722
0 5723
1 5724
1 5725
0 5726
0 5727
1 5728
1 5729
0 5730
1 5731
1 5732
1 5733
0 5734
1 5735
1 5736
1 5737
1 5738
1 5739
0 5740
0 5741
1 5742
1 5743
1 5744
1 5745
1 5746
1 5747
1 5748
1 5749
1 5750
1 5751
0 5752
1 5753
1 5754
1 5755
1 5756
0 5757
1 5758
0 5759
0 5760
0 5761
1 5762
0 5763
0 5764
1 5765
1 5766
1 5767
0 5768
0 5769
0 5770
0 5771
0 5772
0 5773
1 5774
0 5775
1 5776
0 5777
1 5778
0 5779
1 5780
1 5781
0 5782
1 5783
0 5784
0 5785
0 5786
0 5787
0 5788
1 5789
1 5790
1 5791
0 5792
1 5793
1 5794
1 5795
1 5796
1 5797
1 5798
1 5799
0 5800
1 5801
1 5802
1 5803
1 5804
0 5805
1 5806
1 5807
0 5808
1 5809
1 5810
1 5811
0 5812
1 5813
0 5814
1 5815
1 5816
0 5817
1 5818
1 5819
1 5820
1 5821
0 5822
1 5823
1 5824
1 5825
1 5826
0 5827
1 5828
1 5829
1 5830
0 5831
0 5832
1 5833
0 5834
1 5835
0 5836
0 5837
0 5838
0 5839
1 5840
1 5841
1 5842
0 5843
1 5844
1 5845
1 5846
1 5847
0 5848
0 5849
0 5850
0 5851
1 5852
0 5853
1 5854
1 5855
1 5856
0 5857
1 5858
0 5859
0 5860
1 5861
0 5862
0 5863
1 5864
0 5865
1 5866
0 5867
1 5868
1 5869
1 5870
0 5871
0 5872
0 5873
1 5874
0 5875
1 5876
1 5877
0 5878
1 5879
1 5880
1 5881
0 5882
1 5883
0 5884
1 5885
0 5886
0 5887
0 5888
1 5889
1 5890
0 5891
0 5892
1 5893
0 5894
0 5895
1 5896
0 5897
0 5898
1 5899
1 5900
1 5901
1 5902
1 5903
0 5904
1 5905
1 5906
1 5907
1 5908
1 5909
1 5910
1 5911
0 5912
0 5913
1 5914
0 5915
1 5916
0 5917
1 5918
1 5919
0 5920
1 5921
0 5922
1 5923
0 5924
1 5925
1 5926
1 5927
1 5928
1 5929
0 5930
1 5931
1 5932
1 5933
1 5934
1 5935
0 5936
1 5937
0 5938
1 5939
0 5940
0 5941
1 5942
1 5943
0 5944
0 5945
0 5946
1 5947
1 5948
0 5949
0 5950
0 5951
0 5952
0 5953
0 5954
1 5955
1 5956
1 5957
1 5958
0 5959
0 5960
1 5961
0 5962
1 5963
1 5964
0 5965
1 5966
1 5967
1 5968
1 5969
1 5970
1 5971
1 5972
1 5973
0 5974
0 5975
0 5976
0 5977
0 5978
1 5979
1 5980
1 5981
1 5982
0 5983
0 5984
1 5985
0 5986
0 5987
0 5988
0 5989
1 5990
1 5991
1 5992
0 5993
0 5994
1 5995
0 5996
1 5997
0 5998
1 5999
1 6000
1 6001
1 6002
0 6003
1 6004
1 6005
1 6006
1 6007
0 6008
1 6009
1 6010
1 6011
1 6012
0 6013
0 6014
0 6015
0 6016
0 6017
1 6018
0 6019
1 6020
1 6021
1 6022
1 6023
1 6024
1 6025
1 6026
0 6027
1 6028
0 6029
1 6030
0 6031
1 6032
0 6033
1 6034
1 6035
1 6036
1 6037
0 6038
1 6039
1 6040
0 6041
0 6042
1 6043
1 6044
0 6045
0 6046
0 6047
1 6048
0 6049
1 6050
1 6051
1 6052
1 6053
1 6054
0 6055
1 6056
0 6057
1 6058
0 6059
0 6060
0 6061
0 6062
0 6063
0 6064
0 6065
0 6066
0 6067
1 6068
1 6069
0 6070
1 6071
0 6072
1 6073
1 6074
1 6075
0 6076
1 6077
1 6078
0 6079
1 6080
0 6081
1 6082
0 6083
1 6084
0 6085
0 6086
1 6087
0 6088
0 6089
0 6090
0 6091
1 6092
1 6093
1 6094
1 6095
1 6096
0 6097
0 6098
1 6099
0 6100
0 6101
0 6102
1 6103
1 6104
1 6105
1 6106
0 6107
0 6108
1 6109
1 6110
1 6111
1 6112
1 6113
0 6114
0 6115
1 6116
0 6117
1 6118
0 6119
0 6120
0 6121
1 6122
0 6123
0 6124
0 6125
1 6126
1 6127
1 6128
0 6129
0 6130
1 6131
1 6132
1 6133
1 6134
0 6135
0 6136
1 6137
1 6138
1 6139
0 6140
0 6141
0 6142
1 6143
1 6144
1 6145
0 6146
0 6147
1 6148
1 6149
1 6150
0 6151
1 6152
0 6153
0 6154
1 6155
0 6156
1 6157
0 6158
0 6159
1 6160
1 6161
0 6162
0 6163
0 6164
1 6165
0 6166
0 6167
0 6168
0 6169
1 6170
0 6171
0 6172
0 6173
0 6174
0 6175
1 6176
1 6177
1 6178
1 6179
0 6180
0 6181
1 6182
0 6183
1 6184
0 6185
1 6186
0 6187
0 6188
1 6189
1 6190
1 6191
0 6192
1 6193
1 6194
1 6195
1 6196
1 6197
0 6198
0 6199
0 6200
1 6201
0 6202
0 6203
1 6204
1 6205
1 6206
1 6207
1 6208
1 6209
1 6210
0 6211
0 6212
0 6213
0 6214
0 6215
1 6216
0 6217
0 6218
0 6219
0 6220
1 6221
1 6222
0 6223
1 6224
0 6225
1 6226
0 6227
1 6228
0 6229
1 6230
1 6231
0 6232
0 6233
1 6234
0 6235
1 6236
0 6237
1 6238
1 6239
1 6240
0 6241
1 6242
1 6243
0 6244
0 6245
1 6246
0 6247
0 6248
1 6249
0 6250
1 6251
0 6252
0 6253
0 6254
1 6255
1 6256
0 6257
0 6258
1 6259
1 6260
0 6261
0 6262
0 6263
0 6264
1 6265
1 6266
0 6267
0 6268
1 6269
1 6270
0 6271
1 6272
0 6273
1 6274
1 6275
0 6276
1 6277
0 6278
0 6279
1 6280
1 6281
1 6282
1 6283
1 6284
0 6285
0 6286
1 6287
0 6288
1 6289
0 6290
1 6291
0 6292
1 6293
1 6294
0 6295
0 6296
1 6297
1 6298
1 6299
1 6300
1 6301
0 6302
0 6303
1 6304
0 6305
0 6306
1 6307
0 6308
0 6309
1 6310
0 6311
0 6312
0 6313
1 6314
0 6315
0 6316
1 6317
0 6318
1 6319
1 6320
0 6321
0 6322
0 6323
1 6324
0 6325
0 6326
0 6327
0 6328
1 6329
1 6330
0 6331
1 6332
1 6333
1 6334
1 6335
0 6336
1 6337
1 6338
0 6339
1 6340
1 6341
0 6342
1 6343
0 6344
1 6345
0 6346
0 6347
0 6348
0 6349
0 6350
1 6351
1 6352
1 6353
0 6354
0 6355
0 6356
1 6357
0 6358
0 6359
0 6360
0 6361
0 6362
1 6363
1 6364
1 6365
0 6366
0 6367
0 6368
1 6369
1 6370
0 6371
1 6372
1 6373
1 6374
0 6375
0 6376
1 6377
0 6378
0 6379
1 6380
1 6381
1 6382
0 6383
0 6384
1 6385
1 6386
0 6387
0 6388
0 6389
0 6390
0 6391
0 6392
0 6393
0 6394
0 6395
1 6396
0 6397
1 6398
0 6399
1 6400
0 6401
0 6402
0 6403
0 6404
1 6405
1 6406
0 6407
0 6408
1 6409
0 6410
0 6411
1 6412
1 6413
1 6414
1 6415
1 6416
0 6417
1 6418
1 6419
1 6420
1 6421
0 6422
0 6423
0 6424
1 6425
1 6426
1 6427
1 6428
0 6429
1 6430
0 6431
0 6432
1 6433
0 6434
0 6435
1 6436
0 6437
1 6438
0 6439
1 6440
0 6441
0 6442
1 6443
1 6444
1 6445
1 6446
0 6447
1 6448
1 6449
1 6450
0 6451
0 6452
1 6453
1 6454
0 6455
1 6456
0 6457
0 6458
0 6459
0 6460
0 6461
0 6462
0 6463
0 6464
0 6465
1 6466
0 6467
1 6468
0 6469
1 6470
0 6471
1 6472
1 6473
0 6474
0 6475
1 6476
1 6477
1 6478
1 6479
1 6480
0 6481
1 6482
0 6483
1 6484
0 6485
0 6486
1 6487
1 6488
0 6489
1 6490
0 6491
0 6492
1 6493
1 6494
0 6495
0 6496
0 6497
0 6498
1 6499
0 6500
1 6501
1 6502
0 6503
0 6504
1 6505
0 6506
0 6507
1 6508
1 6509
0 6510
1 6511
0 6512
0 6513
0 6514
0 6515
1 6516
1 6517
1 6518
1 6519
0 6520
1 6521
0 6522
0 6523
1 6524
1 6525
0 6526
0 6527
1 6528
1 6529
1 6530
0 6531
1 6532
1 6533
1 6534
0 6535
0 6536
0 6537
0 6538
0 6539
1 6540
1 6541
1 6542
0 6543
0 6544
0 6545
0 6546
1 6547
1 6548
0 6549
0 6550
0 6551
0 6552
0 6553
1 6554
1 6555
0 6556
0 6557
0 6558
1 6559
0 6560
1 6561
0 6562
0 6563
1 6564
0 6565
0 6566
1 6567
0 6568
1 6569
0 6570
1 6571
1 6572
0 6573
0 6574
0 6575
0 6576
0 6577
1 6578
0 6579
1 6580
0 6581
1 6582
1 6583
1 6584
1 6585
0 6586
0 6587
0 6588
0 6589
0 6590
1 6591
1 6592
0 6593
0 6594
0 6595
1 6596
1 6597
0 6598
1 6599
0 6600
0 6601
1 6602
0 6603
1 6604
1 6605
0 6606
1 6607
1 6608
1 6609
1 6610
1 6611
1 6612
1 6613
0 6614
1 6615
1 6616
1 6617
0 6618
1 6619
1 6620
0 6621
1 6622
0 6623
0 6624
1 6625
0 6626
1 6627
0 6628
1 6629
1 6630
0 6631
1 6632
0 6633
0 6634
1 6635
0 6636
0 6637
1 6638
1 6639
0 6640
1 6641
1 6642
1 6643
1 6644
0 6645
0 6646
0 6647
0 6648
1 6649
0 6650
1 6651
1 6652
1 6653
1 6654
1 6655
1 6656
1 6657
0 6658
0 6659
1 6660
1 6661
1 6662
0 6663
1 6664
0 6665
1 6666
0 6667
1 6668
0 6669
1 6670
1 6671
1 6672
1 6673
1 6674
0 6675
1 6676
0 6677
1 6678
1 6679
0 6680
1 6681
1 6682
0 6683
0 6684
1 6685
1 6686
1 6687
0 6688
1 6689
0 6690
1 6691
1 6692
1 6693
1 6694
0 6695
0 6696
0 6697
0 6698
0 6699
0 6700
1 6701
0 6702
0 6703
0 6704
0 6705
0 6706
1 6707
0 6708
0 6709
1 6710
0 6711
0 6712
0 6713
0 6714
0 6715
1 6716
0 6717
0 6718
1 6719
1 6720
1 6721
0 6722
0 6723
0 6724
0 6725
0 6726
0 6727
0 6728
0 6729
0 6730
0 6731
0 6732
0 6733
0 6734
1 6735
0 6736
1 6737
0 6738
1 6739
1 6740
1 6741
1 6742
1 6743
1 6744
0 6745
1 6746
0 6747
1 6748
0 6749
0 6750
0 6751
1 6752
1 6753
0 6754
0 6755
0 6756
1 6757
0 6758
0 6759
0 6760
1 6761
1 6762
0 6763
1 6764
0 6765
0 6766
0 6767
0 6768
0 6769
0 6770
1 6771
0 6772
0 6773
0 6774
1 6775
1 6776
1 6777
0 6778
0 6779
0 6780
1 6781
1 6782
0 6783
1 6784
1 6785
0 6786
0 6787
1 6788
1 6789
0 6790
1 6791
1 6792
1 6793
0 6794
0 6795
1 6796
0 6797
0 6798
0 6799
1 6800
0 6801
0 6802
1 6803
0 6804
0 6805
0 6806
1 6807
0 6808
0 6809
1 6810
0 6811
0 6812
1 6813
1 6814
1 6815
1 6816
1 6817
0 6818
0 6819
0 6820
1 6821
1 6822
0 6823
0 6824
1 6825
1 6826
1 6827
1 6828
1 6829
0 6830
0 6831
1 6832
0 6833
1 6834
1 6835
0 6836
1 6837
0 6838
1 6839
1 6840
1 6841
0 6842
1 6843
0 6844
0 6845
0 6846
1 6847
1 6848
0 6849
0 6850
0 6851
0 6852
1 6853
0 6854
1 6855
1 6856
1 6857
1 6858
1 6859
0 6860
0 6861
0 6862
0 6863
0 6864
1 6865
1 6866
0 6867
1 6868
1 6869
0 6870
0 6871
0 6872
1 6873
0 6874
0 6875
0 6876
0 6877
1 6878
0 6879
1 6880
0 6881
0 6882
1 6883
0 6884
0 6885
0 6886
1 6887
0 6888
1 6889
0 6890
0 6891
1 6892
0 6893
0 6894
0 6895
1 6896
0 6897
0 6898
1 6899
1 6900
0 6901
1 6902
0 6903
1 6904
1 6905
0 6906
1 6907
1 6908
0 6909
1 6910
1 6911
1 6912
1 6913
1 6914
1 6915
1 6916
0 6917
0 6918
1 6919
0 6920
1 6921
1 6922
0 6923
1 6924
1 6925
1 6926
0 6927
0 6928
1 6929
0 6930
0 6931
1 6932
1 6933
1 6934
0 6935
0 6936
1 6937
1 6938
0 6939
1 6940
1 6941
1 6942
0 6943
1 6944
1 6945
0 6946
1 6947
0 6948
0 6949
0 6950
0 6951
0 6952
1 6953
1 6954
1 6955
1 6956
1 6957
0 6958
1 6959
0 6960
1 6961
1 6962
1 6963
1 6964
1 6965
1 6966
0 6967
0 6968
0 6969
1 6970
1 6971
1 6972
0 6973
1 6974
1 6975
0 6976
0 6977
0 6978
0 6979
0 6980
0 6981
0 6982
1 6983
1 6984
0 6985
0 6986
1 6987
1 6988
0 6989
1 6990
0 6991
1 6992
1 6993
1 6994
0 6995
0 6996
0 6997
0 6998
0 6999
0 7000
0 7001
1 7002
0 7003
0 7004
1 7005
1 7006
0 7007
0 7008
0 7009
0 7010
0 7011
0 7012
0 7013
0 7014
0 7015
1 7016
1 7017
0 7018
0 7019
0 7020
0 7021
0 7022
1 7023
1 7024
0 7025
1 7026
1 7027
0 7028
1 7029
0 7030
0 7031
1 7032
1 7033
0 7034
1 7035
0 7036
0 7037
0 7038
1 7039
0 7040
0 7041
1 7042
1 7043
1 7044
0 7045
1 7046
1 7047
0 7048
0 7049
0 7050
1 7051
0 7052
1 7053
1 7054
1 7055
1 7056
0 7057
0 7058
0 7059
0 7060
0 7061
1 7062
0 7063
0 7064
1 7065
0 7066
1 7067
1 7068
1 7069
0 7070
1 7071
0 7072
1 7073
0 7074
0 7075
1 7076
1 7077
1 7078
1 7079
1 7080
1 7081
1 7082
0 7083
1 7084
0 7085
1 7086
1 7087
0 7088
1 7089
1 7090
0 7091
1 7092
0 7093
1 7094
1 7095
1 7096
0 7097
1 7098
1 7099
0 7100
1 7101
1 7102
0 7103
0 7104
1 7105
0 7106
1 7107
0 7108
1 7109
1 7110
0 7111
1 7112
1 7113
0 7114
1 7115
1 7116
1 7117
0 7118
0 7119
0 7120
1 7121
1 7122
1 7123
0 7124
1 7125
0 7126
1 7127
1 7128
1 7129
1 7130
0 7131
1 7132
0 7133
0 7134
0 7135
1 7136
1 7137
0 7138
1 7139
1 7140
1 7141
1 7142
1 7143
1 7144
1 7145
0 7146
1 7147
0 7148
1 7149
1 7150
1 7151
0 7152
1 7153
0 7154
0 7155
0 7156
1 7157
1 7158
0 7159
1 7160
1 7161
0 7162
1 7163
0 7164
1 7165
0 7166
0 7167
0 7168
1 7169
1 7170
0 7171
0 7172
1 7173
1 7174
1 7175
1 7176
0 7177
0 7178
0 7179
0 7180
0 7181
1 7182
1 7183
0 7184
1 7185
0 7186
0 7187
1 7188
0 7189
0 7190
1 7191
0 7192
0 7193
0 7194
0 7195
0 7196
0 7197
0 7198
1 7199
0 7200
0 7201
1 7202
1 7203
0 7204
0 7205
0 7206
0 7207
1 7208
0 7209
0 7210
0 7211
1 7212
1 7213
0 7214
1 7215
1 7216
0 7217
0 7218
1 7219
1 7220
0 7221
0 7222
1 7223
1 7224
0 7225
0 7226
0 7227
1 7228
0 7229
1 7230
0 7231
1 7232
0 7233
0 7234
1 7235
1 7236
0 7237
0 7238
0 7239
0 7240
0 7241
1 7242
1 7243
0 7244
0 7245
1 7246
1 7247
0 7248
0 7249
1 7250
1 7251
0 7252
0 7253
1 7254
0 7255
0 7256
0 7257
0 7258
0 7259
0 7260
0 7261
0 7262
1 7263
0 7264
0 7265
0 7266
0 7267
1 7268
1 7269
1 7270
0 7271
0 7272
1 7273
1 7274
0 7275
1 7276
1 7277
1 7278
1 7279
1 7280
1 7281
1 7282
1 7283
1 7284
0 7285
1 7286
1 7287
1 7288
0 7289
0 7290
0 7291
1 7292
0 7293
0 7294
1 7295
0 7296
1 7297
0 7298
0 7299
0 7300
0 7301
1 7302
0 7303
1 7304
0 7305
0 7306
1 7307
0 7308
0 7309
0 7310
0 7311
0 7312
1 7313
0 7314
1 7315
0 7316
1 7317
0 7318
0 7319
0 7320
1 7321
1 7322
1 7323
1 7324
0 7325
0 7326
0 7327
0 7328
1 7329
1 7330
1 7331
0 7332
1 7333
0 7334
0 7335
0 7336
1 7337
0 7338
1 7339
0 7340
0 7341
0 7342
0 7343
0 7344
0 7345
0 7346
0 7347
1 7348
1 7349
0 7350
1 7351
1 7352
0 7353
1 7354
1 7355
0 7356
1 7357
1 7358
0 7359
1 7360
1 7361
1 7362
0 7363
1 7364
1 7365
1 7366
0 7367
0 7368
0 7369
0 7370
1 7371
0 7372
1 7373
0 7374
0 7375
1 7376
0 7377
1 7378
0 7379
0 7380
0 7381
0 7382
1 7383
1 7384
1 7385
0 7386
0 7387
1 7388
1 7389
1 7390
0 7391
1 7392
1 7393
0 7394
1 7395
1 7396
1 7397
0 7398
1 7399
0 7400
1 7401
0 7402
1 7403
1 7404
0 7405
1 7406
0 7407
1 7408
1 7409
1 7410
1 7411
0 7412
0 7413
1 7414
1 7415
0 7416
0 7417
1 7418
1 7419
1 7420
1 7421
1 7422
0 7423
0 7424
0 7425
1 7426
1 7427
0 7428
0 7429
1 7430
0 7431
0 7432
1 7433
1 7434
1 7435
0 7436
0 7437
0 7438
1 7439
1 7440
0 7441
1 7442
0 7443
0 7444
0 7445
1 7446
1 7447
0 7448
1 7449
1 7450
0 7451
0 7452
1 7453
1 7454
1 7455
0 7456
1 7457
0 7458
1 7459
1 7460
0 7461
0 7462
0 7463
0 7464
0 7465
0 7466
1 7467
0 7468
1 7469
0 7470
0 7471
0 7472
1 7473
0 7474
1 7475
0 7476
0 7477
1 7478
0 7479
0 7480
1 7481
0 7482
1 7483
0 7484
0 7485
0 7486
0 7487
0 7488
1 7489
0 7490
1 7491
1 7492
0 7493
1 7494
0 7495
0 7496
0 7497
1 7498
0 7499
0 7500
0 7501
1 7502
0 7503
0 7504
1 7505
1 7506
0 7507
0 7508
0 7509
0 7510
1 7511
0 7512
0 7513
1 7514
1 7515
1 7516
1 7517
0 7518
1 7519
1 7520
1 7521
1 7522
0 7523
1 7524
0 7525
1 7526
1 7527
0 7528
1 7529
0 7530
1 7531
0 7532
1 7533
0 7534
0 7535
1 7536
1 7537
1 7538
1 7539
0 7540
1 7541
0 7542
0 7543
0 7544
0 7545
0 7546
1 7547
1 7548
1 7549
1 7550
0 7551
0 7552
1 7553
1 7554
1 7555
0 7556
0 7557
1 7558
0 7559
0 7560
1 7561
1 7562
1 7563
1 7564
1 7565
0 7566
1 7567
1 7568
0 7569
1 7570
1 7571
0 7572
1 7573
1 7574
0 7575
0 7576
0 7577
0 7578
1 7579
1 7580
0 7581
0 7582
1 7583
0 7584
0 7585
0 7586
0 7587
0 7588
1 7589
0 7590
0 7591
1 7592
1 7593
1 7594
1 7595
1 7596
0 7597
0 7598
1 7599
0 7600
0 7601
1 7602
1 7603
1 7604
1 7605
1 7606
1 7607
1 7608
1 7609
1 7610
0 7611
1 7612
1 7613
0 7614
0 7615
1 7616
1 7617
0 7618
0 7619
1 7620
1 7621
1 7622
0 7623
1 7624
0 7625
1 7626
0 7627
0 7628
1 7629
1 7630
1 7631
1 7632
0 7633
0 7634
0 7635
0 7636
0 7637
0 7638
0 7639
0 7640
1 7641
1 7642
1 7643
1 7644
0 7645
0 7646
1 7647
1 7648
0 7649
0 7650
0 7651
1 7652
0 7653
0 7654
1 7655
1 7656
0 7657
0 7658
0 7659
0 7660
1 7661
0 7662
1 7663
1 7664
1 7665
0 7666
0 7667
0 7668
0 7669
1 7670
1 7671
1 7672
0 7673
1 7674
1 7675
1 7676
0 7677
1 7678
0 7679
1 7680
1 7681
0 7682
0 7683
1 7684
1 7685
1 7686
1 7687
1 7688
0 7689
0 7690
0 7691
0 7692
1 7693
1 7694
0 7695
1 7696
0 7697
1 7698
0 7699
0 7700
0 7701
1 7702
0 7703
1 7704
0 7705
1 7706
0 7707
0 7708
0 7709
0 7710
1 7711
0 7712
0 7713
1 7714
1 7715
1 7716
0 7717
1 7718
1 7719
1 7720
0 7721
0 7722
1 7723
1 7724
0 7725
0 7726
1 7727
0 7728
1 7729
1 7730
0 7731
1 7732
0 7733
0 7734
1 7735
1 7736
0 7737
0 7738
0 7739
0 7740
1 7741
0 7742
0 7743
1 7744
0 7745
1 7746
1 7747
0 7748
0 7749
1 7750
0 7751
1 7752
0 7753
1 7754
0 7755
1 7756
0 7757
1 7758
1 7759
0 7760
1 7761
0 7762
0 7763
0 7764
0 7765
0 7766
0 7767
1 7768
1 7769
0 7770
1 7771
0 7772
0 7773
1 7774
0 7775
1 7776
1 7777
1 7778
1 7779
1 7780
1 7781
1 7782
0 7783
1 7784
1 7785
0 7786
0 7787
0 7788
0 7789
0 7790
1 7791
1 7792
0 7793
0 7794
0 7795
0 7796
1 7797
1 7798
1 7799
0 7800
0 7801
0 7802
1 7803
1 7804
0 7805
0 7806
1 7807
1 7808
1 7809
1 7810
1 7811
1 7812
1 7813
0 7814
0 7815
0 7816
0 7817
0 7818
1 7819
1 7820
0 7821
1 7822
0 7823
0 7824
1 7825
1 7826
1 7827
1 7828
1 7829
1 7830
1 7831
1 7832
1 7833
1 7834
0 7835
0 7836
1 7837
0 7838
0 7839
0 7840
0 7841
1 7842
0 7843
1 7844
0 7845
1 7846
0 7847
0 7848
0 7849
1 7850
0 7851
1 7852
0 7853
0 7854
0 7855
1 7856
0 7857
0 7858
1 7859
0 7860
1 7861
0 7862
0 7863
1 7864
0 7865
0 7866
0 7867
1 7868
0 7869
0 7870
0 7871
0 7872
0 7873
1 7874
1 7875
0 7876
0 7877
1 7878
0 7879
1 7880
0 7881
1 7882
0 7883
0 7884
1 7885
1 7886
1 7887
0 7888
1 7889
1 7890
1 7891
1 7892
1 7893
0 7894
1 7895
1 7896
1 7897
1 7898
0 7899
1 7900
0 7901
0 7902
1 7903
0 7904
0 7905
0 7906
0 7907
1 7908
0 7909
0 7910
0 7911
1 7912
0 7913
1 7914
0 7915
0 7916
1 7917
0 7918
0 7919
1 7920
0 7921
0 7922
0 7923
1 7924
1 7925
0 7926
0 7927
1 7928
1 7929
0 7930
1 7931
0 7932
0 7933
1 7934
0 7935
0 7936
0 7937
1 7938
0 7939
0 7940
0 7941
1 7942
0 7943
1 7944
1 7945
1 7946
1 7947
0 7948
1 7949
0 7950
1 7951
1 7952
1 7953
1 7954
0 7955
0 7956
1 7957
0 7958
1 7959
0 7960
1 7961
1 7962
1 7963
0 7964
0 7965
1 7966
0 7967
1 7968
1 7969
0 7970
0 7971
1 7972
0 7973
1 7974
1 7975
1 7976
0 7977
0 7978
0 7979
0 7980
1 7981
0 7982
1 7983
1 7984
0 7985
0 7986
1 7987
0 7988
1 7989
1 7990
1 7991
0 7992
0 7993
0 7994
0 7995
1 7996
1 7997
1 7998
0 7999
0 8000
1 8001
1 8002
0 8003
0 8004
0 8005
1 8006
1 8007
1 8008
1 8009
1 8010
0 8011
1 8012
1 8013
0 8014
0 8015
1 8016
0 8017
0 8018
0 8019
0 8020
0 8021
0 8022
1 8023
1 8024
0 8025
0 8026
1 8027
0 8028
0 8029
1 8030
1 8031
1 8032
0 8033
0 8034
1 8035
1 8036
0 8037
1 8038
1 8039
1 8040
0 8041
0 8042
0 8043
0 8044
1 8045
1 8046
0 8047
0 8048
1 8049
0 8050
0 8051
0 8052
1 8053
1 8054
1 8055
0 8056
0 8057
1 8058
0 8059
0 8060
1 8061
1 8062
0 8063
1 8064
1 8065
1 8066
1 8067
0 8068
0 8069
0 8070
0 8071
1 8072
0 8073
1 8074
0 8075
1 8076
1 8077
0 8078
0 8079
0 8080
1 8081
0 8082
0 8083
1 8084
0 8085
0 8086
1 8087
1 8088
0 8089
1 8090
0 8091
1 8092
1 8093
0 8094
1 8095
1 8096
1 8097
0 8098
1 8099
1 8100
0 8101
0 8102
1 8103
1 8104
0 8105
1 8106
0 8107
0 8108
1 8109
0 8110
1 8111
1 8112
1 8113
1 8114
0 8115
1 8116
1 8117
1 8118
1 8119
0 8120
1 8121
0 8122
1 8123
1 8124
1 8125
1 8126
0 8127
0 8128
1 8129
0 8130
0 8131
0 8132
0 8133
1 8134
0 8135
1 8136
1 8137
1 8138
1 8139
0 8140
1 8141
0 8142
0 8143
0 8144
0 8145
1 8146
0 8147
0 8148
1 8149
0 8150
1 8151
1 8152
1 8153
0 8154
1 8155
1 8156
1 8157
1 8158
0 8159
0 8160
1 8161
1 8162
0 8163
0 8164
1 8165
1 8166
1 8167
0 8168
1 8169
0 8170
0 8171
0 8172
1 8173
1 8174
1 8175
1 8176
0 8177
1 8178
1 8179
1 8180
1 8181
1 8182
0 8183
0 8184
0 8185
1 8186
0 8187
0 8188
1 8189
0 8190
0 8191
0 8192
0 8193
1 8194
0 8195
1 8196
0 8197
1 8198
0 8199
0 8200
1 8201
0 8202
1 8203
0 8204
0 8205
0 8206
1 8207
0 8208
1 8209
1 8210
0 8211
1 8212
1 8213
0 8214
1 8215
0 8216
1 8217
1 8218
0 8219
0 8220
1 8221
1 8222
1 8223
0 8224
1 8225
0 8226
1 8227
0 8228
0 8229
1 8230
1 8231
1 8232
0 8233
1 8234
1 8235
0 8236
1 8237
1 8238
0 8239
0 8240
1 8241
0 8242
0 8243
1 8244
1 8245
0 8246
0 8247
1 8248
1 8249
0 8250
0 8251
0 8252
1 8253
1 8254
1 8255
0 8256
1 8257
0 8258
1 8259
0 8260
1 8261
0 8262
0 8263
0 8264
0 8265
1 8266
1 8267
0 8268
0 8269
0 8270
1 8271
1 8272
1 8273
1 8274
0 8275
0 8276
1 8277
1 8278
1 8279
0 8280
1 8281
0 8282
1 8283
0 8284
0 8285
0 8286
1 8287
1 8288
0 8289
1 8290
1 8291
0 8292
1 8293
1 8294
1 8295
0 8296
0 8297
1 8298
1 8299
1 8300
0 8301
1 8302
1 8303
1 8304
1 8305
1 8306
0 8307
1 8308
1 8309
1 8310
0 8311
1 8312
0 8313
0 8314
1 8315
1 8316
1 8317
0 8318
0 8319
1 8320
1 8321
0 8322
0 8323
0 8324
0 8325
0 8326
1 8327
1 8328
1 8329
1 8330
0 8331
0 8332
0 8333
1 8334
1 8335
0 8336
1 8337
1 8338
1 8339
1 8340
0 8341
1 8342
1 8343
1 8344
1 8345
1 8346
1 8347
1 8348
1 8349
0 8350
1 8351
1 8352
0 8353
1 8354
0 8355
1 8356
0 8357
0 8358
1 8359
1 8360
1 8361
0 8362
1 8363
1 8364
0 8365
1 8366
0 8367
0 8368
1 8369
0 8370
0 8371
0 8372
0 8373
1 8374
0 8375
0 8376
0 8377
1 8378
0 8379
0 8380
1 8381
0 8382
1 8383
1 8384
0 8385
1 8386
1 8387
0 8388
0 8389
1 8390
0 8391
0 8392
1 8393
0 8394
0 8395
0 8396
0 8397
1 8398
1 8399
1 8400
0 8401
0 8402
1 8403
0 8404
1 8405
1 8406
1 8407
0 8408
0 8409
0 8410
0 8411
0 8412
0 8413
0 8414
0 8415
0 8416
0 8417
1 8418
1 8419
1 8420
1 8421
1 8422
0 8423
1 8424
0 8425
1 8426
1 8427
1 8428
1 8429
0 8430
0 8431
1 8432
0 8433
0 8434
1 8435
1 8436
1 8437
0 8438
1 8439
1 8440
1 8441
0 8442
1 8443
1 8444
1 8445
0 8446
1 8447
0 8448
0 8449
0 8450
1 8451
1 8452
1 8453
1 8454
1 8455
1 8456
0 8457
0 8458
1 8459
0 8460
1 8461
1 8462
0 8463
1 8464
1 8465
1 8466
0 8467
1 8468
1 8469
1 8470
1 8471
1 8472
1 8473
0 8474
1 8475
0 8476
0 8477
0 8478
1 8479
1 8480
1 8481
1 8482
1 8483
1 8484
1 8485
0 8486
1 8487
1 8488
1 8489
0 8490
1 8491
1 8492
1 8493
1 8494
0 8495
1 8496
0 8497
1 8498
0 8499
1 8500
1 8501
1 8502
1 8503
0 8504
1 8505
0 8506
1 8507
0 8508
0 8509
0 8510
0 8511
1 8512
1 8513
0 8514
1 8515
0 8516
1 8517
0 8518
0 8519
0 8520
0 8521
0 8522
1 8523
0 8524
1 8525
1 8526
1 8527
1 8528
0 8529
0 8530
1 8531
1 8532
0 8533
0 8534
0 8535
1 8536
0 8537
1 8538
1 8539
1 8540
0 8541
1 8542
0 8543
0 8544
0 8545
0 8546
1 8547
1 8548
1 8549
1 8550
0 8551
1 8552
0 8553
1 8554
1 8555
1 8556
1 8557
0 8558
0 8559
1 8560
0 8561
1 8562
0 8563
1 8564
0 8565
0 8566
0 8567
1 8568
1 8569
1 8570
0 8571
1 8572
1 8573
1 8574
0 8575
1 8576
0 8577
1 8578
0 8579
0 8580
1 8581
0 8582
1 8583
0 8584
1 8585
0 8586
1 8587
0 8588
0 8589
0 8590
0 8591
1 8592
1 8593
1 8594
0 8595
1 8596
0 8597
0 8598
0 8599
1 8600
1 8601
0 8602
0 8603
0 8604
0 8605
0 8606
1 8607
1 8608
0 8609
0 8610
1 8611
1 8612
0 8613
0 8614
1 8615
1 8616
0 8617
0 8618
0 8619
1 8620
1 8621
1 8622
0 8623
0 8624
0 8625
1 8626
1 8627
1 8628
0 8629
1 8630
0 8631
0 8632
1 8633
1 8634
1 8635
0 8636
1 8637
1 8638
0 8639
1 8640
0 8641
0 8642
0 8643
1 8644
0 8645
0 8646
1 8647
1 8648
1 8649
0 8650
1 8651
1 8652
0 8653
0 8654
0 8655
0 8656
0 8657
0 8658
1 8659
1 8660
0 8661
0 8662
1 8663
0 8664
0 8665
0 8666
0 8667
1 8668
0 8669
1 8670
0 8671
1 8672
1 8673
1 8674
0 8675
0 8676
1 8677
1 8678
0 8679
0 8680
0 8681
0 8682
1 8683
0 8684
1 8685
1 8686
0 8687
1 8688
0 8689
1 8690
1 8691
1 8692
0 8693
0 8694
0 8695
1 8696
1 8697
0 8698
0 8699
1 8700
1 8701
1 8702
1 8703
1 8704
1 8705
1 8706
0 8707
0 8708
0 8709
1 8710
1 8711
1 8712
1 8713
1 8714
0 8715
1 8716
1 8717
0 8718
0 8719
1 8720
0 8721
0 8722
0 8723
0 8724
1 8725
1 8726
0 8727
1 8728
1 8729
0 8730
1 8731
1 8732
0 8733
0 8734
1 8735
0 8736
0 8737
1 8738
0 8739
1 8740
0 8741
1 8742
1 8743
1 8744
0 8745
1 8746
1 8747
0 8748
1 8749
1 8750
1 8751
1 8752
1 8753
0 8754
1 8755
0 8756
1 8757
0 8758
1 8759
1 8760
1 8761
1 8762
0 8763
0 8764
0 8765
1 8766
1 8767
0 8768
0 8769
1 8770
0 8771
0 8772
1 8773
1 8774
1 8775
0 8776
0 8777
0 8778
0 8779
1 8780
1 8781
1 8782
1 8783
0 8784
0 8785
0 8786
1 8787
0 8788
1 8789
0 8790
0 8791
1 8792
0 8793
0 8794
0 8795
0 8796
0 8797
1 8798
0 8799
1 8800
0 8801
1 8802
1 8803
1 8804
1 8805
0 8806
0 8807
0 8808
0 8809
1 8810
0 8811
1 8812
1 8813
1 8814
0 8815
1 8816
1 8817
1 8818
1 8819
0 8820
0 8821
0 8822
1 8823
1 8824
1 8825
1 8826
0 8827
1 8828
1 8829
1 8830
0 8831
0 8832
0 8833
1 8834
0 8835
0 8836
1 8837
1 8838
1 8839
1 8840
1 8841
1 8842
1 8843
1 8844
1 8845
0 8846
1 8847
1 8848
0 8849
1 8850
1 8851
1 8852
0 8853
0 8854
0 8855
1 8856
1 8857
0 8858
1 8859
0 8860
0 8861
0 8862
1 8863
1 8864
0 8865
1 8866
1 8867
1 8868
0 8869
0 8870
0 8871
1 8872
0 8873
1 8874
0 8875
0 8876
0 8877
0 8878
0 8879
0 8880
0 8881
0 8882
0 8883
0 8884
0 8885
0 8886
1 8887
1 8888
0 8889
0 8890
0 8891
0 8892
0 8893
0 8894
0 8895
1 8896
1 8897
1 8898
1 8899
0 8900
0 8901
1 8902
1 8903
0 8904
1 8905
1 8906
1 8907
0 8908
0 8909
1 8910
0 8911
0 8912
0 8913
1 8914
1 8915
1 8916
1 8917
0 8918
1 8919
1 8920
0 8921
1 8922
0 8923
1 8924
0 8925
0 8926
0 8927
0 8928
1 8929
1 8930
0 8931
1 8932
1 8933
1 8934
1 8935
0 8936
1 8937
1 8938
1 8939
1 8940
0 8941
1 8942
1 8943
1 8944
1 8945
1 8946
0 8947
0 8948
0 8949
1 8950
0 8951
1 8952
1 8953
1 8954
0 8955
1 8956
1 8957
1 8958
0 8959
1 8960
1 8961
0 8962
1 8963
1 8964
0 8965
1 8966
0 8967
0 8968
0 8969
1 8970
0 8971
1 8972
1 8973
0 8974
0 8975
0 8976
1 8977
0 8978
1 8979
0 8980
1 8981
1 8982
1 8983
0 8984
1 8985
1 8986
0 8987
0 8988
1 8989
1 8990
0 8991
1 8992
0 8993
0 8994
0 8995
1 8996
0 8997
1 8998
0 8999
0 9000
0 9001
0 9002
1 9003
0 9004
1 9005
0 9006
1 9007
0 9008
1 9009
1 9010
1 9011
1 9012
0 9013
0 9014
0 9015
1 9016
0 9017
0 9018
0 9019
1 9020
1 9021
0 9022
0 9023
0 9024
1 9025
1 9026
1 9027
1 9028
1 9029
1 9030
0 9031
0 9032
0 9033
0 9034
1 9035
1 9036
1 9037
0 9038
1 9039
0 9040
0 9041
1 9042
1 9043
1 9044
0 9045
0 9046
0 9047
0 9048
1 9049
0 9050
0 9051
0 9052
0 9053
1 9054
1 9055
0 9056
1 9057
1 9058
1 9059
0 9060
1 9061
0 9062
0 9063
0 9064
1 9065
1 9066
0 9067
1 9068
0 9069
0 9070
1 9071
1 9072
0 9073
0 9074
1 9075
1 9076
0 9077
1 9078
0 9079
0 9080
0 9081
0 9082
1 9083
1 9084
1 9085
0 9086
1 9087
0 9088
1 9089
0 9090
1 9091
1 9092
0 9093
1 9094
1 9095
0 9096
1 9097
1 9098
1 9099
1 9100
0 9101
1 9102
0 9103
1 9104
0 9105
0 9106
0 9107
1 9108
0 9109
1 9110
0 9111
0 9112
1 9113
0 9114
1 9115
1 9116
1 9117
0 9118
0 9119
0 9120
0 9121
1 9122
1 9123
0 9124
0 9125
0 9126
1 9127
1 9128
1 9129
1 9130
1 9131
0 9132
1 9133
1 9134
1 9135
0 9136
0 9137
0 9138
1 9139
0 9140
1 9141
0 9142
1 9143
0 9144
1 9145
0 9146
1 9147
0 9148
1 9149
0 9150
0 9151
0 9152
0 9153
0 9154
0 9155
0 9156
1 9157
0 9158
0 9159
1 9160
0 9161
1 9162
1 9163
1 9164
1 9165
1 9166
1 9167
1 9168
0 9169
0 9170
0 9171
1 9172
1 9173
0 9174
1 9175
1 9176
1 9177
0 9178
0 9179
0 9180
0 9181
0 9182
0 9183
1 9184
1 9185
1 9186
0 9187
1 9188
1 9189
0 9190
0 9191
0 9192
0 9193
1 9194
1 9195
0 9196
0 9197
0 9198
0 9199
0 9200
0 9201
1 9202
0 9203
0 9204
0 9205
0 9206
0 9207
1 9208
1 9209
0 9210
0 9211
1 9212
0 9213
0 9214
1 9215
1 9216
0 9217
0 9218
1 9219
0 9220
1 9221
1 9222
0 9223
1 9224
0 9225
0 9226
0 9227
1 9228
0 9229
1 9230
0 9231
1 9232
1 9233
0 9234
1 9235
0 9236
0 9237
1 9238
1 9239
0 9240
1 9241
1 9242
0 9243
1 9244
0 9245
1 9246
0 9247
1 9248
0 9249
1 9250
0 9251
1 9252
1 9253
0 9254
1 9255
1 9256
1 9257
1 9258
0 9259
1 9260
0 9261
1 9262
1 9263
1 9264
0 9265
0 9266
0 9267
1 9268
1 9269
1 9270
0 9271
1 9272
0 9273
1 9274
0 9275
0 9276
0 9277
1 9278
0 9279
0 9280
0 9281
0 9282
1 9283
0 9284
1 9285
0 9286
0 9287
0 9288
0 9289
0 9290
0 9291
1 9292
1 9293
0 9294
1 9295
0 9296
0 9297
1 9298
1 9299
1 9300
1 9301
0 9302
1 9303
0 9304
0 9305
1 9306
0 9307
0 9308
1 9309
1 9310
0 9311
1 9312
0 9313
0 9314
0 9315
1 9316
0 9317
1 9318
1 9319
1 9320
0 9321
1 9322
0 9323
1 9324
0 9325
1 9326
0 9327
1 9328
0 9329
0 9330
1 9331
0 9332
0 9333
0 9334
0 9335
1 9336
0 9337
1 9338
1 9339
0 9340
1 9341
1 9342
1 9343
1 9344
0 9345
1 9346
1 9347
0 9348
0 9349
1 9350
0 9351
0 9352
0 9353
0 9354
0 9355
1 9356
0 9357
0 9358
1 9359
0 9360
0 9361
1 9362
0 9363
1 9364
1 9365
1 9366
0 9367
1 9368
1 9369
1 9370
0 9371
1 9372
0 9373
0 9374
0 9375
1 9376
0 9377
0 9378
0 9379
0 9380
1 9381
1 9382
0 9383
1 9384
1 9385
0 9386
1 9387
1 9388
1 9389
0 9390
0 9391
0 9392
0 9393
0 9394
0 9395
0 9396
1 9397
1 9398
0 9399
1 9400
1 9401
1 9402
1 9403
1 9404
0 9405
1 9406
1 9407
1 9408
1 9409
1 9410
1 9411
0 9412
1 9413
0 9414
0 9415
1 9416
1 9417
1 9418
0 9419
0 9420
0 9421
1 9422
0 9423
0 9424
0 9425
0 9426
0 9427
0 9428
0 9429
0 9430
0 9431
0 9432
1 9433
0 9434
1 9435
1 9436
0 9437
0 9438
0 9439
1 9440
1 9441
0 9442
1 9443
0 9444
1 9445
0 9446
1 9447
1 9448
0 9449
0 9450
1 9451
1 9452
0 9453
1 9454
0 9455
0 9456
1 9457
1 9458
1 9459
0 9460
0 9461
0 9462
0 9463
0 9464
0 9465
1 9466
1 9467
1 9468
1 9469
1 9470
0 9471
1 9472
0 9473
1 9474
0 9475
1 9476
0 9477
1 9478
1 9479
0 9480
1 9481
1 9482
1 9483
1 9484
0 9485
1 9486
0 9487
0 9488
1 9489
1 9490
0 9491
1 9492
1 9493
0 9494
0 9495
0 9496
0 9497
0 9498
0 9499
1 9500
0 9501
1 9502
1 9503
1 9504
1 9505
1 9506
1 9507
1 9508
0 9509
0 9510
0 9511
1 9512
1 9513
1 9514
1 9515
0 9516
1 9517
1 9518
1 9519
1 9520
1 9521
0 9522
0 9523
1 9524
0 9525
0 9526
0 9527
0 9528
1 9529
0 9530
1 9531
1 9532
1 9533
1 9534
0 9535
0 9536
0 9537
0 9538
0 9539
1 9540
0 9541
1 9542
1 9543
0 9544
1 9545
0 9546
0 9547
1 9548
0 9549
0 9550
0 9551
0 9552
1 9553
0 9554
1 9555
1 9556
0 9557
0 9558
0 9559
1 9560
1 9561
0 9562
1 9563
1 9564
0 9565
1 9566
0 9567
0 9568
1 9569
0 9570
0 9571
1 9572
1 9573
1 9574
0 9575
0 9576
1 9577
0 9578
1 9579
0 9580
1 9581
1 9582
1 9583
0 9584
0 9585
0 9586
1 9587
0 9588
1 9589
1 9590
0 9591
0 9592
1 9593
0 9594
1 9595
0 9596
1 9597
0 9598
1 9599
0 9600
1 9601
0 9602
0 9603
1 9604
0 9605
1 9606
0 9607
0 9608
0 9609
0 9610
1 9611
1 9612
1 9613
1 9614
1 9615
1 9616
0 9617
1 9618
0 9619
0 9620
0 9621
0 9622
0 9623
1 9624
0 9625
0 9626
0 9627
0 9628
1 9629
1 9630
1 9631
1 9632
1 9633
0 9634
1 9635
1 9636
1 9637
1 9638
0 9639
0 9640
1 9641
1 9642
1 9643
1 9644
0 9645
0 9646
1 9647
0 9648
1 9649
1 9650
0 9651
1 9652
1 9653
0 9654
1 9655
0 9656
1 9657
1 9658
0 9659
1 9660
1 9661
1 9662
1 9663
0 9664
0 9665
1 9666
0 9667
1 9668
1 9669
1 9670
1 9671
1 9672
0 9673
0 9674
1 9675
1 9676
0 9677
0 9678
1 9679
0 9680
1 9681
1 9682
1 9683
0 9684
1 9685
0 9686
0 9687
0 9688
0 9689
0 9690
1 9691
0 9692
1 9693
1 9694
1 9695
0 9696
1 9697
0 9698
1 9699
1 9700
0 9701
1 9702
1 9703
1 9704
0 9705
0 9706
0 9707
0 9708
0 9709
0 9710
1 9711
1 9712
0 9713
0 9714
0 9715
1 9716
0 9717
0 9718
1 9719
1 9720
0 9721
0 9722
0 9723
1 9724
0 9725
0 9726
0 9727
0 9728
0 9729
0 9730
0 9731
0 9732
0 9733
0 9734
1 9735
0 9736
0 9737
0 9738
1 9739
0 9740
1 9741
1 9742
0 9743
0 9744
1 9745
1 9746
1 9747
1 9748
1 9749
1 9750
1 9751
0 9752
1 9753
0 9754
0 9755
0 9756
1 9757
0 9758
0 9759
0 9760
0 9761
1 9762
1 9763
0 9764
0 9765
0 9766
1 9767
1 9768
1 9769
0 9770
1 9771
1 9772
1 9773
0 9774
1 9775
0 9776
1 9777
1 9778
1 9779
0 9780
0 9781
1 9782
1 9783
0 9784
1 9785
1 9786
0 9787
1 9788
0 9789
0 9790
1 9791
1 9792
1 9793
1 9794
1 9795
0 9796
1 9797
0 9798
0 9799
1 9800
1 9801
1 9802
0 9803
0 9804
0 9805
1 9806
1 9807
1 9808
0 9809
1 9810
0 9811
1 9812
0 9813
0 9814
1 9815
0 9816
1 9817
1 9818
1 9819
1 9820
0 9821
0 9822
1 9823
1 9824
1 9825
1 9826
1 9827
1 9828
1 9829
0 9830
0 9831
0 9832
1 9833
1 9834
1 9835
1 9836
0 9837
1 9838
1 9839
1 9840
1 9841
0 9842
0 9843
0 9844
1 9845
1 9846
1 9847
0 9848
1 9849
0 9850
1 9851
0 9852
1 9853
1 9854
0 9855
1 9856
0 9857
0 9858
0 9859
0 9860
1 9861
0 9862
1 9863
0 9864
0 9865
1 9866
1 9867
0 9868
0 9869
1 9870
0 9871
0 9872
0 9873
1 9874
0 9875
0 9876
1 9877
0 9878
0 9879
0 9880
0 9881
1 9882
1 9883
1 9884
0 9885
0 9886
0 9887
0 9888
0 9889
0 9890
0 9891
1 9892
0 9893
0 9894
0 9895
1 9896
0 9897
1 9898
1 9899
0 9900
1 9901
0 9902
0 9903
0 9904
0 9905
1 9906
0 9907
1 9908
0 9909
1 9910
1 9911
0 9912
1 9913
1 9914
0 9915
1 9916
1 9917
1 9918
1 9919
1 9920
1 9921
1 9922
1 9923
0 9924
0 9925
1 9926
0 9927
1 9928
0 9929
1 9930
0 9931
1 9932
0 9933
1 9934
0 9935
0 9936
0 9937
1 9938
0 9939
1 9940
0 9941
1 9942
0 9943
0 9944
0 9945
0 9946
1 9947
0 9948
1 9949
0 9950
0 9951
1 9952
1 9953
0 9954
0 9955
0 9956
0 9957
0 9958
1 9959
1 9960
0 9961
1 9962
0 9963
1 9964
0 9965
1 9966
0 9967
0 9968
1 9969
0 9970
1 9971
1 9972
0 9973
0 9974
1 9975
0 9976
1 9977
0 9978
1 9979
1 9980
0 9981
0 9982
1 9983
1 9984
0 9985
0 9986
0 9987
1 9988
0 9989
1 9990
0 9991
0 9992
1 9993
1 9994
1 9995
1 9996
0 9997
0 9998
1 9999
