0 2519
0 1030
0 569
0 5448
0 1797
0 5053
0 5436
0 3030
0 700
0 2410
0 1732
0 3975
0 3591
0 4792
0 5035
0 4539
0 2532
0 4361
0 5030
0 4012
0 1278
0 1483
0 4444
0 5217
0 71
0 2786
0 4344
0 4831
0 696
0 1186
0 1044
0 1737
0 4035
0 1019
0 1583
0 4371
0 4442
0 1035
0 3497
0 416
0 3492
0 3211
0 4121
0 591
0 4223
0 4479
0 1058
0 3185
0 1473
0 1136
0 2968
0 1903
0 2523
0 76
0 2228
0 4036
0 2117
0 5119
0 1909
0 5223
0 3396
0 130
0 3672
0 1257
0 1266
0 3308
0 4560
0 2587
0 424
0 4327
0 1033
0 4809
0 4537
0 3769
0 5153
0 4131
0 1924
0 1948
0 4833
0 4018
0 920
0 3364
0 1280
0 3663
0 3771
0 3372
0 1418
0 2580
0 917
0 1274
0 5117
0 824
0 154
0 3862
0 4207
0 5319
0 3754
0 1625
0 4652
0 5278
0 4895
0 5441
0 4009
0 408
0 4473
0 4888
0 2187
0 1956
0 2028
0 3593
0 404
0 2115
0 1966
0 2524
0 387
0 1135
0 4368
0 4554
0 1050
0 268
0 1134
0 4789
0 2660
0 5264
0 244
0 1960
0 4229
0 3792
0 3196
0 3064
0 4703
0 3777
0 5137
0 2797
0 3067
0 2549
0 153
0 2778
0 4370
0 1973
0 420
0 3521
0 4345
0 5231
0 3183
0 4188
0 4117
0 2581
0 2551
0 68
0 2116
0 1261
0 1811
0 4323
0 709
0 723
0 303
0 5430
0 5104
0 4325
0 5141
0 1729
0 1821
0 3580
0 392
0 1940
0 2933
0 1413
0 570
0 4004
0 3798
0 3020
0 4647
0 2898
0 4649
0 4341
0 4776
0 3758
0 712
0 1480
0 3040
0 5106
0 137
0 66
0 721
0 4113
0 993
0 3878
0 4025
0 3994
0 4841
0 1476
0 4940
0 1803
0 4317
0 2776
0 403
0 1045
0 3897
0 4705
0 757
0 684
0 171
0 3038
0 1840
0 1262
0 3483
0 3395
0 5280
0 3197
0 2788
0 158
0 2556
0 4702
0 4769
0 3799
0 4655
0 4838
0 5130
0 381
0 3362
0 1286
0 2914
0 2203
0 159
0 2647
0 386
0 3207
0 3662
0 3794
0 3551
0 4329
0 3394
0 4373
0 4000
0 2890
0 2108
0 2086
0 1939
0 3288
0 1032
0 2227
0 816
0 4806
0 2029
0 1485
0 145
0 2209
0 2118
0 1132
0 3282
0 5236
0 3033
0 1728
0 2188
0 3526
0 2789
0 811
0 3370
0 4350
0 3173
0 5152
0 2041
0 4315
0 1701
0 1156
0 160
0 3280
0 3759
0 5245
0 2664
0 1915
0 4844
0 2054
0 5240
0 4352
0 1620
0 1911
0 3485
0 4038
0 5125
0 1416
0 77
0 3292
0 3668
0 2329
0 4545
0 4540
0 822
0 578
0 5227
0 4441
0 2903
0 1908
0 1619
0 2044
0 4311
0 3392
0 1555
0 5055
0 565
0 4826
0 3670
0 4808
0 4644
0 3766
0 3744
0 5287
0 3780
0 2579
0 4354
0 2655
0 727
0 4821
0 4476
0 4643
0 4556
0 746
0 4016
0 3467
0 5434
0 4712
0 4797
0 2960
0 4559
0 5425
0 4640
0 3193
0 78
0 2893
0 3046
0 152
0 1739
0 3678
0 1904
0 3219
0 1037
0 3791
0 1937
0 1977
0 3025
0 3510
0 3509
0 3606
0 923
0 235
0 4786
0 5126
0 304
0 5054
0 1149
0 2528
0 3757
0 2547
0 2505
0 2634
0 3746
0 2341
0 3300
0 3294
0 2577
0 1268
0 85
0 897
0 2511
0 3225
0 891
0 2540
0 3387
0 705
0 1282
0 239
0 3498
0 3578
0 3524
0 556
0 1051
0 2650
0 2219
0 879
0 2418
0 4659
0 2196
0 3206
0 4947
0 4825
0 1795
0 1706
0 1902
0 995
0 4138
0 4840
0 4552
0 4893
0 1617
0 1049
0 686
0 559
0 3857
0 3973
0 2522
0 1936
0 4926
0 3023
0 1020
0 496
0 1814
0 3068
0 3738
0 3594
0 249
0 4212
0 3544
0 1142
0 3089
0 5424
0 3290
0 2513
0 1600
0 702
0 4936
0 3380
0 2231
0 2075
0 5318
0 4481
0 2389
0 582
0 1935
0 3182
0 2050
0 3775
0 3471
0 1615
0 4656
0 4309
0 5118
0 888
0 2906
0 4346
0 4645
0 299
0 2049
0 3855
0 4908
0 2204
0 4143
0 5140
0 168
0 3382
0 253
0 1809
0 5255
0 1409
0 2388
0 2506
0 4228
0 1191
0 3543
0 69
0 2783
0 3218
0 880
0 4802
0 3660
0 2033
0 1597
0 2081
0 1159
0 2662
0 3100
0 4887
0 2895
0 5291
0 5046
0 167
0 3676
0 3194
0 2504
0 2419
0 5446
0 2541
0 237
0 688
0 5258
0 3022
0 3092
0 502
0 1835
0 998
0 2336
0 495
0 1482
0 1947
0 2210
0 3386
0 3375
0 3866
0 1954
0 3929
0 3475
0 243
0 2538
0 1975
0 1176
0 2391
0 927
0 138
0 1066
0 4307
0 930
0 898
0 2205
0 4782
0 992
0 262
0 504
0 3917
0 143
0 4784
0 2390
0 245
0 3470
0 4666
0 895
0 4342
0 90
0 3304
0 4225
0 2323
0 4351
0 4475
0 3388
0 489
0 5256
0 4803
0 2881
0 1804
0 1146
0 3499
0 2414
0 4133
0 4306
0 486
0 3503
0 164
0 3873
0 2324
0 3393
0 1931
0 3742
0 1411
0 1929
0 2569
0 4641
0 4549
0 4543
0 2921
0 4404
0 4775
0 3506
0 1799
0 5222
0 883
0 5237
0 3518
0 1138
0 3508
0 3297
0 2408
0 706
0 2046
0 1243
0 2794
0 5062
0 2339
0 3069
0 1953
0 2970
0 4308
0 3522
0 2894
0 3854
0 2953
0 1581
0 415
0 5132
0 3541
0 695
0 1408
0 2884
0 2233
0 1147
0 2779
0 4477
0 1189
0 419
0 1276
0 5121
0 2572
0 2077
0 406
0 4348
0 3921
0 4198
0 2938
0 3283
0 291
0 3997
0 3520
0 4798
0 4353
0 4333
0 3043
0 4319
0 3877
0 3097
0 2965
0 3988
0 4948
0 5043
0 271
0 708
0 391
0 3913
0 399
0 5252
0 290
0 2202
0 3072
0 4788
0 2918
0 2053
0 3519
0 242
0 3478
0 4691
0 1417
0 2082
0 1978
0 5435
0 2413
0 3547
0 715
0 2907
0 3226
0 3037
0 3032
0 4804
0 3525
0 2335
0 2508
0 2186
0 2109
0 5050
0 148
0 3553
0 792
0 269
0 3924
0 2966
0 2900
0 2331
0 2561
0 4781
0 4320
0 2320
0 2087
0 3851
0 996
0 1006
0 2079
0 4312
0 4830
0 3914
0 1152
0 4687
0 3224
0 1405
0 4550
0 4214
0 3675
0 3221
0 2531
0 2407
0 1922
0 3468
0 588
0 4837
0 3210
0 3674
0 251
0 1137
0 585
0 1036
0 1470
0 1610
0 1836
0 4127
0 4005
0 4548
0 5277
0 1001
0 4780
0 3774
0 141
0 276
0 1730
0 4204
0 4194
0 1963
0 3507
0 3479
0 3215
0 4364
0 1461
0 413
0 717
0 1967
0 2915
0 396
0 3602
0 1464
0 693
0 2073
0 5229
0 1180
0 4358
0 1627
0 3494
0 4558
0 1905
0 3853
0 275
0 2502
0 5276
0 1484
0 564
0 1254
0 260
0 3047
0 900
0 1005
0 1177
0 166
0 1942
0 3523
0 1263
0 3472
0 4805
0 3192
0 497
0 3546
0 3065
0 4701
0 2032
0 4357
0 1022
0 4448
0 1414
0 906
0 255
0 3309
0 3481
0 3978
0 2928
0 132
0 1958
0 1458
0 1659
0 5257
0 2649
0 3036
0 65
0 4221
0 5052
0 73
0 5427
0 5444
0 3751
0 1419
0 4334
0 814
0 3664
0 246
0 509
0 697
0 410
0 922
0 2793
0 925
0 3205
0 238
0 4925
0 5273
0 5133
0 254
0 1609
0 2909
0 1463
0 2586
0 794
0 3552
0 2411
0 1182
0 703
0 2176
0 3974
0 3095
0 3977
0 921
0 2327
0 64
0 1046
0 3195
0 4193
0 146
0 3500
0 3796
0 2197
0 3915
0 3515
0 1259
0 4832
0 2192
0 2326
0 2334
0 3596
0 80
0 4822
0 1057
0 2026
0 2106
0 5238
0 4648
0 1964
0 4359
0 3582
0 710
0 1026
0 711
0 567
0 3365
0 5440
0 4694
0 423
0 3755
0 3888
0 2343
0 144
0 3203
0 4213
0 2398
0 259
0 3868
0 5286
0 2883
0 3287
0 3310
0 3762
0 2520
0 2103
0 4783
0 4683
0 3885
0 3298
0 3850
0 498
0 1926
0 4472
0 2558
0 3875
0 584
0 2654
0 1031
0 561
0 2214
0 4923
0 4846
0 2395
0 4843
0 1038
0 563
0 4897
0 577
0 3784
0 4122
0 5107
0 1580
0 3368
0 2780
0 4812
0 3527
0 256
0 1407
0 759
0 4224
0 1133
0 3999
0 1043
0 3482
0 4835
0 3291
0 3579
0 2945
0 722
0 4022
0 4024
0 5246
0 1460
0 501
0 493
0 89
0 1481
0 592
0 1190
0 3029
0 1952
0 5453
0 5048
0 1802
0 2917
0 3199
0 3098
0 3055
0 4196
0 1628
0 716
0 162
0 4787
0 3516
0 5134
0 4930
0 5225
0 1621
0 2641
0 2773
0 4646
0 3592
0 3657
0 1838
0 896
0 687
0 3021
0 1962
0 4564
0 1558
0 2036
0 279
0 2051
0 70
0 1398
0 4017
0 3061
0 1404
0 3661
0 407
0 3927
0 1598
0 728
0 5281
0 5129
0 4828
0 1412
0 552
0 2638
0 3172
0 3918
0 4003
0 2393
0 3679
0 1593
0 3397
0 5122
0 4935
0 893
0 5224
0 2330
0 3773
0 3776
0 2555
0 725
0 3860
0 3512
0 248
0 2409
0 5437
0 3041
0 2342
0 5275
0 713
0 5142
0 2039
0 1608
0 4542
0 1175
0 2775
0 729
0 3389
0 4827
0 2200
0 5317
0 1466
0 4119
0 4946
0 264
0 3057
0 1941
0 2234
0 2923
0 1129
0 4693
0 4689
0 3896
0 418
0 4695
0 5138
0 2796
0 1468
0 4824
0 5041
0 2543
0 3785
0 1047
0 3042
0 1614
0 5109
0 1585
0 5450
0 3170
0 4771
0 383
0 1265
0 5033
0 2559
0 4124
0 4707
0 2663
0 3053
0 587
0 2232
0 4642
0 2944
0 1624
0 4561
0 1018
0 3477
0 2084
0 2340
0 5114
0 1003
0 3044
0 4708
0 1016
0 3800
0 4316
0 5282
0 4140
0 4834
0 4839
0 1590
0 1023
0 3379
0 885
0 4132
0 1632
0 994
0 3315
0 2085
0 1275
0 1040
0 3916
0 3381
0 3894
0 3073
0 409
0 5292
0 2512
0 5270
0 3922
0 3892
0 590
0 3305
0 4657
0 485
0 1616
0 1403
0 1925
0 3209
0 3360
0 5283
0 1584
0 3099
0 2392
0 2940
0 2229
0 1736
0 4008
0 1187
0 1252
0 74
0 3489
0 5249
0 2912
0 134
0 1410
0 1052
0 4483
0 1269
0 1594
0 79
0 4007
0 764
0 4941
0 1633
0 916
0 4704
0 3741
0 3783
0 689
0 2525
0 4906
0 4773
0 3505
0 2927
0 2661
0 3665
0 492
0 5428
0 5157
0 890
0 3066
0 3217
0 2417
0 5058
0 3184
0 2926
0 2774
0 4136
0 5316
0 1980
0 3200
0 135
0 2787
0 417
0 421
0 3995
0 2083
0 2943
0 926
0 5111
0 2074
0 4810
0 2880
0 3227
0 1487
0 3772
0 4137
0 1707
0 1834
0 4932
0 1478
0 3756
0 720
0 2919
0 1465
0 2905
0 5290
0 2882
0 263
0 2949
0 172
0 165
0 4195
0 1622
0 2509
0 3285
0 3659
0 5279
0 1025
0 1949
0 3223
0 490
0 1245
0 1042
0 4032
0 131
0 4538
0 4682
0 483
0 1462
0 4638
0 3852
0 3863
0 4206
0 384
0 4927
0 1239
0 3384
0 1491
0 1474
0 394
0 3213
0 149
0 5320
0 3667
0 2321
0 3876
0 5128
0 510
0 902
0 819
0 3202
0 1611
0 1816
0 733
0 400
0 505
0 560
0 337
0 4480
0 3281
0 4114
0 3496
0 3680
0 4030
0 2937
0 82
0 4478
0 1256
0 575
0 2208
0 1174
0 4031
0 4801
0 581
0 3070
0 2643
0 2908
0 1976
0 5261
0 4363
0 1551
0 2889
0 2925
0 4794
0 4209
0 4118
0 3378
0 1240
0 1630
0 3366
0 1471
0 719
0 4199
0 3493
0 1618
0 1477
0 4134
0 5235
0 5274
0 4318
0 899
0 2922
0 3765
0 2042
0 1623
0 3871
0 5149
0 1733
0 3301
0 2503
0 2027
0 2548
0 730
0 892
0 4313
0 1734
0 5113
0 2645
0 2112
0 2218
0 3786
0 1486
0 5040
0 2501
0 3303
0 1970
0 3214
0 5156
0 931
0 397
0 272
0 5110
0 2338
0 3779
0 4894
0 1702
0 88
0 2183
0 1007
0 4546
0 1557
0 4917
0 901
0 4547
0 294
0 5221
0 3027
0 293
0 5233
0 1699
0 2396
0 1492
0 790
0 2653
0 2406
0 3856
0 3060
0 3490
0 1279
0 5131
0 2777
0 3887
0 2969
0 388
0 3208
0 818
0 3191
0 3861
0 4116
0 3761
0 3595
0 707
0 4667
0 3782
0 905
0 301
0 1591
0 3376
0 2636
0 4716
0 2153
0 2402
0 1807
0 163
0 4551
0 886
0 379
0 4931
0 2184
0 5115
0 573
0 4202
0 4777
0 2521
0 2207
0 1273
0 4203
0 4563
0 762
0 2659
0 3919
0 2514
0 2198
0 4928
0 4770
0 3867
0 5108
0 1979
0 2657
0 3491
0 4006
0 4011
0 2964
0 133
0 3094
0 307
0 4681
0 3590
0 3858
0 236
0 3548
0 2550
0 4690
0 1907
0 4314
0 4557
0 86
0 4791
0 5289
0 2105
0 3018
0 1151
0 4943
0 3581
0 4669
0 2035
0 3740
0 4310
0 5449
0 929
0 2971
0 4779
0 789
0 2397
0 1400
0 4918
0 1800
0 1839
0 4208
0 369
0 5447
0 3790
0 2037
0 3359
0 3889
0 815
0 4544
0 2381
0 1810
0 2043
0 3795
0 4658
0 4945
0 726
0 3537
0 5239
0 4700
0 3874
0 306
0 3891
0 3171
0 1735
0 241
0 4028
0 2961
0 300
0 881
0 3059
0 4126
0 4904
0 4440
0 593
0 4911
0 2891
0 734
0 4033
0 4369
0 4321
0 3789
0 4367
0 81
0 4823
0 142
0 3371
0 4696
0 2639
0 685
0 1943
0 156
0 4328
0 5272
0 692
0 487
0 1596
0 3760
0 1131
0 157
0 2510
0 240
0 3890
0 84
0 2658
0 4541
0 297
0 1599
0 1837
0 2025
0 1246
0 3487
0 731
0 5049
0 1965
0 5057
0 3091
0 1475
0 503
0 2920
0 3187
0 5268
0 2206
0 2387
0 4680
0 5250
0 302
0 1144
0 2201
0 1700
0 3495
0 2322
0 5036
0 491
0 4201
0 5044
0 2190
0 3976
0 5226
0 484
0 1813
0 5135
0 1153
0 4197
0 2910
0 1178
0 250
0 140
0 999
0 1801
0 4684
0 278
0 4339
0 2403
0 3102
0 2226
0 579
0 903
0 788
0 3743
0 2199
0 1901
0 4651
0 4449
0 139
0 3504
0 4692
0 557
0 5247
0 887
0 2781
0 3536
0 3026
0 2405
0 589
0 760
0 1708
0 3278
0 5443
0 2936
0 4793
0 4891
0 3998
0 3865
0 2536
0 1179
0 4115
0 1148
0 1613
0 385
0 2924
0 2962
0 1933
0 4013
0 3374
0 3480
0 2194
0 4937
0 296
0 3654
0 4905
0 3311
0 2215
0 1957
0 1459
0 5139
0 4912
0 2516
0 3550
0 393
0 3473
0 2785
0 2230
0 4130
0 72
0 2584
0 3198
0 3893
0 1899
0 4142
0 3056
0 5029
0 1703
0 426
0 3673
0 5445
0 5059
0 2552
0 3101
0 586
0 4215
0 3035
0 4934
0 292
0 3549
0 267
0 3071
0 2885
0 4219
0 3302
0 4896
0 3600
0 247
0 1395
0 1798
0 2213
0 2078
0 2332
0 4482
0 2399
0 2173
0 813
0 878
0 4697
0 3513
0 5285
0 4772
0 4343
0 4023
0 4362
0 574
0 580
0 2795
0 1919
0 1029
0 2583
0 4026
0 2585
0 756
0 4356
0 4021
0 1184
0 4447
0 3363
0 1270
0 3299
0 3583
0 2038
0 4713
0 3658
0 4907
0 412
0 5438
0 5218
0 5432
0 150
0 690
0 405
0 5262
0 4653
0 3466
0 3484
0 4790
0 1034
0 3024
0 3886
0 75
0 4565
0 4443
0 2963
0 3801
0 4796
0 1396
0 3474
0 5284
0 2930
0 5230
0 3996
0 4795
0 3093
0 3797
0 4698
0 2216
0 4706
0 2534
0 1402
0 2217
0 4829
0 2055
0 3062
0 4125
0 3383
0 3476
0 2554
0 1238
0 2648
0 5154
0 1950
0 1472
0 1260
0 2517
0 882
0 572
0 806
0 4002
0 2211
0 2784
0 3314
0 5127
0 5034
0 4807
0 1817
0 1938
0 511
0 1467
0 3312
0 4366
0 1969
0 3391
0 5031
0 877
0 3028
0 4914
0 2212
0 5042
0 4372
0 5116
0 2544
0 558
0 3671
0 3928
0 1157
0 2045
0 576
0 4192
0 1150
0 1819
0 2034
0 2888
0 4331
0 3923
0 1287
0 353
0 1415
0 4200
0 928
0 924
0 2656
0 3222
0 3501
0 3534
0 4474
0 3511
0 3279
0 252
0 3174
0 1401
0 5254
0 5426
0 2404
0 1267
0 1927
0 4672
0 714
0 1272
0 1024
0 273
0 1820
0 5253
0 4205
0 2537
0 3289
0 3656
0 1139
0 1000
0 1592
0 2052
0 4120
0 1955
0 791
0 4322
0 1140
0 5219
0 4654
0 1823
0 5056
0 1961
0 1281
0 1490
0 704
0 508
0 1479
0 1556
0 2378
0 5037
0 3307
0 2177
0 4668
0 1145
0 3925
0 2916
0 1242
0 3787
0 1469
0 1255
0 4217
0 3872
0 724
0 494
0 4010
0 5103
0 4811
0 812
0 1631
0 808
0 4226
0 274
0 1288
0 3884
0 3296
0 4129
0 2412
0 389
0 4942
0 3677
0 3486
0 380
0 3895
0 904
0 4211
0 4187
0 5051
0 820
0 506
0 1009
0 2637
0 1972
0 4916
0 3034
0 2942
0 1158
0 4360
0 1027
0 2651
0 4029
0 4222
0 5124
0 3781
0 3054
0 4190
0 3502
0 4555
0 918
0 4210
0 2104
0 2911
0 1253
0 562
0 2560
0 2931
0 1241
0 1264
0 1397
0 2515
0 3216
0 2193
0 1559
0 4365
0 4019
0 1731
0 1552
0 2110
0 1589
0 4020
0 2031
0 1048
0 512
0 4889
0 2570
0 4227
0 2886
0 3971
0 2325
0 3220
0 4332
0 151
0 1185
0 758
0 401
0 2582
0 3313
0 2113
0 3190
0 3469
0 2394
0 270
0 4324
0 1285
0 1181
0 1587
0 170
0 488
0 5288
0 2932
0 4836
0 499
0 3864
0 5232
0 414
0 1183
0 425
0 2191
0 257
0 3204
0 3753
0 382
0 1815
0 4778
0 2386
0 4037
0 4890
0 2114
0 2080
0 507
0 1900
0 3090
0 3019
0 5123
0 884
0 2401
0 3369
0 4014
0 2790
0 5136
0 3284
0 4374
0 2533
0 4939
0 3063
0 2185
0 266
0 1930
0 161
0 1154
0 500
0 1595
0 2195
0 5248
0 4944
0 1808
0 718
0 2040
0 3385
0 3367
0 4686
0 3517
0 147
0 5265
0 1705
0 4920
0 823
0 3972
0 277
0 2174
0 2076
0 5266
0 4660
0 2545
0 1805
0 4330
0 87
0 422
0 2535
0 1284
0 894
0 1833
0 1607
0 395
0 4128
0 1244
0 2048
0 919
0 3031
0 2416
0 3869
1 4284
1 735
1 4527
1 468
1 1548
1 2007
1 373
1 957
1 659
1 2344
1 2293
1 4379
1 654
1 201
1 2859
1 763
1 2876
1 39
1 4515
1 3956
1 1317
1 4576
1 1452
1 363
1 5085
1 4490
1 427
1 1986
1 2759
1 1390
1 2346
1 1295
1 5158
1 5298
1 4056
1 3133
1 3707
1 639
1 2305
1 2848
1 1160
1 3270
1 2726
1 1517
1 613
1 4885
1 4377
1 222
1 3598
1 2720
1 1086
1 3332
1 2374
1 5018
1 3000
1 4739
1 523
1 4603
1 4662
1 1195
1 5214
1 3113
1 2268
1 1427
1 3124
1 967
1 2475
1 3830
1 5433
1 4438
1 784
1 1382
1 3248
1 2383
1 2291
1 12
1 4671
1 2975
1 435
1 28
1 4270
1 658
1 3900
1 4584
1 2011
1 5452
1 4068
1 4057
1 542
1 2224
1 4170
1 1323
1 3958
1 3643
1 677
1 4381
1 1686
1 107
1 4754
1 4240
1 752
1 1946
1 3143
1 657
1 2062
1 680
1 1327
1 1873
1 3692
1 1748
1 1665
1 2867
1 859
1 471
1 3014
1 650
1 2739
1 1171
1 4627
1 851
1 2611
1 3316
1 4268
1 4464
1 4463
1 4981
1 3991
1 365
1 3157
1 1201
1 2170
1 2263
1 2120
1 3577
1 2700
1 2574
1 4618
1 344
1 1996
1 331
1 5007
1 2857
1 1779
1 3961
1 1720
1 2823
1 3449
1 2302
1 2815
1 1765
1 1501
1 3838
1 1202
1 285
1 2591
1 5359
1 1644
1 4505
1 832
1 1880
1 4382
1 2362
1 92
1 5357
1 5163
1 5411
1 2243
1 2838
1 3347
1 1752
1 2438
1 3327
1 5174
1 3533
1 838
1 50
1 2142
1 310
1 2382
1 1538
1 2841
1 3721
1 173
1 1550
1 2303
1 5168
1 5167
1 3422
1 3804
1 3457
1 3826
1 213
1 3616
1 2565
1 1114
1 1430
1 2095
1 5067
1 1771
1 3324
1 4492
1 5155
1 3565
1 3935
1 1991
1 3110
1 5328
1 3609
1 962
1 311
1 1098
1 2242
1 3727
1 1194
1 5192
1 2441
1 60
1 3405
1 4982
1 630
1 5326
1 3538
1 3808
1 4093
1 5101
1 1221
1 3652
1 5242
1 4279
1 2713
1 3817
1 2950
1 1879
1 3159
1 187
1 3175
1 4612
1 4080
1 3642
1 525
1 3237
1 4326
1 4149
1 5241
1 1515
1 4251
1 3989
1 5025
1 2365
1 1527
1 4385
1 5013
1 4820
1 184
1 3423
1 1696
1 3938
1 5336
1 5454
1 4619
1 2360
1 2372
1 2
1 461
1 343
1 5069
1 2697
1 3562
1 1870
1 1454
1 668
1 2959
1 2124
1 3627
1 1519
1 856
1 178
1 4899
1 2819
1 3258
1 4588
1 4847
1 2771
1 1299
1 2861
1 952
1 3086
1 2121
1 2686
1 1494
1 3087
1 2982
1 3322
1 3709
1 3401
1 5170
1 4752
1 4857
1 843
1 4978
1 1116
1 4001
1 3341
1 2562
1 645
1 438
1 2167
1 769
1 4246
1 5351
1 3413
1 474
1 1017
1 1378
1 2495
1 1500
1 5353
1 5166
1 4436
1 4073
1 2710
1 118
1 229
1 3805
1 1670
1 2755
1 4378
1 1639
1 1093
1 330
1 3937
1 3115
1 3012
1 1853
1 3105
1 2872
1 3158
1 2627
1 4233
1 3814
1 2301
1 2244
1 736
1 3815
1 4178
1 2278
1 2688
1 4335
1 4513
1 124
1 2450
1 3720
1 5082
1 4750
1 1073
1 5409
1 3979
1 3148
1 1998
1 5410
1 3820
1 988
1 3118
1 2059
1 3129
1 4247
1 4098
1 3970
1 4429
1 5369
1 2317
1 2466
1 4516
1 1302
1 2995
1 2744
1 4741
1 1345
1 1747
1 3932
1 3846
1 4747
1 3443
1 2345
1 4302
1 2304
1 2286
1 3569
1 5365
1 2487
1 1544
1 4599
1 1429
1 2717
1 2001
1 4579
1 1541
1 2827
1 1372
1 4154
1 4525
1 3167
1 1916
1 2457
1 1828
1 1368
1 2734
1 5367
1 2672
1 4452
1 610
1 3331
1 2563
1 2597
1 4296
1 5084
1 3698
1 3992
1 3109
1 1878
1 3399
1 4865
1 1567
1 2862
1 4186
1 1113
1 3415
1 2155
1 1442
1 1849
1 1227
1 4439
1 1223
1 5091
1 600
1 3950
1 3841
1 5102
1 4180
1 2447
1 451
1 2706
1 3911
1 2005
1 1060
1 3561
1 2254
1 2472
1 2169
1 4171
1 5301
1 1359
1 1825
1 3269
1 3948
1 4430
1 3352
1 1013
1 325
1 4864
1 2702
1 3957
1 2609
1 3151
1 2835
1 1530
1 1248
1 224
1 3531
1 335
1 2137
1 2809
1 965
1 4500
1 2262
1 458
1 2988
1 1698
1 4281
1 4511
1 5213
1 4518
1 1992
1 4424
1 432
1 825
1 2100
1 374
1 2090
1 1496
1 2439
1 2768
1 5331
1 2871
1 5093
1 1985
1 3434
1 1895
1 990
1 4158
1 2952
1 4109
1 1545
1 3936
1 4720
1 4097
1 55
1 104
1 5342
1 4494
1 202
1 3947
1 1311
1 1573
1 1298
1 765
1 2446
1 3881
1 3117
1 2022
1 2818
1 3268
1 3618
1 1885
1 1893
1 1653
1 1247
1 1077
1 2249
1 4758
1 2288
1 2723
1 430
1 1881
1 2997
1 4999
1 2257
1 4285
1 1714
1 3832
1 218
1 112
1 436
1 640
1 4179
1 5423
1 1059
1 852
1 5026
1 5064
1 3631
1 10
1 4294
1 2492
1 431
1 2352
1 4420
1 603
1 2816
1 442
1 3232
1 4989
1 2296
1 4814
1 5063
1 597
1 1091
1 4994
1 4244
1 1768
1 948
1 5363
1 3236
1 4239
1 2152
1 217
1 3685
1 120
1 4853
1 4390
1 3837
1 121
1 456
1 3847
1 1918
1 2265
1 1851
1 5012
1 1115
1 2972
1 14
1 2934
1 1353
1 103
1 2020
1 13
1 4855
1 1068
1 3361
1 7
1 614
1 5184
1 109
1 40
1 2955
1 1370
1 4763
1 1646
1 4340
1 4386
1 4091
1 1785
1 4289
1 4608
1 1882
1 2622
1 1212
1 1634
1 177
1 4532
1 780
1 3829
1 2221
1 4949
1 2623
1 3879
1 4426
1 5422
1 1565
1 208
1 598
1 770
1 1309
1 2806
1 3943
1 1651
1 968
1 3319
1 867
1 4491
1 1647
1 2437
1 5169
1 2856
1 4586
1 4431
1 3735
1 1439
1 1920
1 2596
1 4522
1 2704
1 4913
1 2567
1 750
1 2367
1 212
1 122
1 1685
1 1297
1 5088
1 4248
1 5161
1 4427
1 357
1 841
1 529
1 3617
1 4172
1 2347
1 225
1 463
1 4886
1 1766
1 938
1 2358
1 2156
1 738
1 1767
1 345
1 2248
1 2314
1 434
1 1645
1 2295
1 2146
1 1217
1 114
1 5180
1 5310
1 1787
1 1692
1 1638
1 2138
1 3330
1 2632
1 5080
1 768
1 3244
1 196
1 465
1 4085
1 280
1 1123
1 5098
1 3081
1 2676
1 1855
1 4160
1 3626
1 1088
1 228
1 4095
1 2619
1 937
1 2276
1 4077
1 5302
1 2701
1 2421
1 1769
1 4086
1 179
1 3623
1 623
1 5404
1 3015
1 3428
1 5165
1 1172
1 4729
1 4250
1 2568
1 3835
1 779
1 1128
1 327
1 1207
1 23
1 2631
1 192
1 2060
1 5008
1 3898
1 1388
1 3076
1 5148
1 1293
1 3632
1 4391
1 2464
1 2736
1 945
1 3276
1 2578
1 348
1 807
1 3176
1 3849
1 3715
1 4866
1 2275
1 1173
1 4862
1 57
1 2576
1 4850
1 840
1 1377
1 4610
1 4050
1 4387
1 4276
1 2280
1 15
1 2772
1 1690
1 3132
1 1357
1 375
1 2264
1 4052
1 4728
1 3778
1 4756
1 5202
1 1740
1 848
1 5407
1 513
1 1917
1 1071
1 4617
1 3241
1 4062
1 1680
1 1518
1 1560
1 1432
1 4157
1 2707
1 4238
1 1499
1 637
1 2134
1 853
1 3107
1 3417
1 1365
1 2070
1 644
1 985
1 802
1 966
1 1193
1 2433
1 4249
1 4269
1 3168
1 1784
1 3603
1 678
1 4508
1 3834
1 1981
1 3612
1 449
1 2721
1 3903
1 4961
1 3588
1 1117
1 742
1 4976
1 1236
1 3572
1 648
1 2427
1 3810
1 4677
1 1080
1 2058
1 2842
1 219
1 4262
1 606
1 2746
1 5175
1 4536
1 2708
1 1234
1 4520
1 4403
1 1342
1 216
1 1125
1 3410
1 3745
1 4265
1 2948
1 975
1 2384
1 3750
1 2072
1 1648
1 3238
1 3271
1 1641
1 641
1 4231
1 1876
1 5416
1 2158
1 2279
1 4465
1 5028
1 3451
1 1921
1 1862
1 5415
1 2166
1 117
1 4748
1 531
1 4984
1 5206
1 1983
1 3229
1 4605
1 4162
1 4261
1 1636
1 4878
1 1722
1 18
1 2479
1 3231
1 1540
1 3635
1 1366
1 2913
1 2269
1 4679
1 2814
1 1564
1 4570
1 2832
1 2801
1 682
1 324
1 4112
1 1084
1 45
1 4624
1 1749
1 2831
1 1742
1 2272
1 1716
1 4104
1 4632
1 827
1 5394
1 3427
1 2575
1 4167
1 4293
1 1726
1 3250
1 1425
1 3186
1 4876
1 452
1 1367
1 2490
1 4389
1 2833
1 3734
1 4282
1 3323
1 1161
1 844
1 744
1 473
1 4402
1 4816
1 2616
1 3458
1 1656
1 909
1 1877
1 3006
1 1237
1 3339
1 4964
1 11
1 93
1 4046
1 3404
1 2724
1 4498
1 3704
1 2004
1 3819
1 3944
1 2282
1 25
1 0
1 16
1 1536
1 4721
1 982
1 4144
1 2598
1 2366
1 1124
1 2420
1 1988
1 3905
1 683
1 4088
1 4909
1 3321
1 1521
1 2854
1 2017
1 5333
1 3336
1 2705
1 4070
1 4629
1 203
1 2069
1 2369
1 864
1 22
1 4392
1 1099
1 4278
1 1092
1 1848
1 129
1 5408
1 787
1 1204
1 1886
1 3542
1 4967
1 2691
1 1108
1 1566
1 1326
1 3646
1 5143
1 1546
1 5364
1 4590
1 230
1 2423
1 5065
1 36
1 453
1 287
1 4484
1 3983
1 3610
1 1756
1 942
1 1845
1 1891
1 3135
1 1994
1 1197
1 828
1 4156
1 3253
1 3653
1 4875
1 4042
1 5073
1 3049
1 232
1 2019
1 2685
1 1606
1 125
1 3982
1 360
1 1764
1 1438
1 1525
1 182
1 1755
1 2161
1 2057
1 1164
1 309
1 1754
1 5187
1 466
1 1666
1 2573
1 4800
1 2000
1 847
1 5068
1 2624
1 3883
1 5344
1 5201
1 872
1 1984
1 3690
1 3731
1 191
1 634
1 3842
1 4585
1 1658
1 912
1 2458
1 4583
1 44
1 4819
1 4757
1 3463
1 2621
1 3682
1 210
1 1509
1 4860
1 1170
1 1072
1 1451
1 1869
1 1650
1 1683
1 3701
1 1069
1 625
1 1542
1 2673
1 2164
1 3604
1 106
1 323
1 2868
1 3990
1 3181
1 4571
1 1529
1 1688
1 3082
1 4592
1 358
1 1384
1 4593
1 4263
1 2994
1 978
1 4719
1 96
1 1294
1 2015
1 441
1 3705
1 874
1 2373
1 2843
1 4066
1 2974
1 2456
1 5352
1 2602
1 3353
1 5089
1 3693
1 4977
1 4733
1 543
1 2608
1 2735
1 2014
1 1854
1 2478
1 5419
1 372
1 3575
1 3074
1 233
1 1127
1 3169
1 3807
1 3108
1 1745
1 284
1 281
1 1306
1 1677
1 5146
1 4963
1 326
1 1328
1 2163
1 2496
1 4433
1 1709
1 4495
1 2851
1 526
1 3444
1 4283
1 3567
1 4428
1 2729
1 607
1 2126
1 1660
1 3641
1 4768
1 5208
1 4628
1 3716
1 2682
1 3628
1 3349
1 2873
1 3733
1 4620
1 1
1 538
1 2023
1 5304
1 4987
1 2306
1 119
1 1061
1 4337
1 1089
1 2364
1 4169
1 47
1 2805
1 1864
1 3452
1 620
1 4266
1 2284
1 5022
1 1533
1 1718
1 3640
1 675
1 2764
1 2150
1 4730
1 5190
1 5412
1 2987
1 27
1 876
1 4173
1 4736
1 3811
1 3002
1 1300
1 1070
1 3966
1 1448
1 226
1 1290
1 617
1 519
1 1083
1 951
1 1887
1 2751
1 5021
1 1723
1 1711
1 321
1 5172
1 2443
1 1571
1 3130
1 2992
1 2737
1 3409
1 1381
1 4530
1 3802
1 4799
1 3942
1 312
1 2981
1 1889
1 601
1 799
1 5382
1 4039
1 599
1 4577
1 1110
1 1162
1 3650
1 2432
1 3119
1 4962
1 4533
1 1163
1 2674
1 4676
1 2237
1 2765
1 3155
1 2595
1 2998
1 1713
1 3150
1 1789
1 3728
1 195
1 5322
1 1508
1 3556
1 3833
1 5360
1 754
1 1062
1 1760
1 1850
1 4254
1 2299
1 2845
1 4675
1 2178
1 655
1 4869
1 986
1 1603
1 3075
1 2756
1 4151
1 1079
1 2473
1 3355
1 5010
1 4509
1 3647
1 1376
1 1312
1 2497
1 42
1 5087
1 4501
1 5090
1 4292
1 3722
1 1074
1 3164
1 26
1 604
1 4517
1 1841
1 3448
1 479
1 1457
1 2846
1 833
1 469
1 4405
1 618
1 4512
1 514
1 4524
1 3714
1 2719
1 1208
1 963
1 5083
1 755
1 4466
1 3246
1 976
1 774
1 362
1 1511
1 1506
1 4410
1 3450
1 2896
1 959
1 800
1 2246
1 4971
1 5308
1 4485
1 1604
1 1065
1 2714
1 4414
1 3414
1 4535
1 1008
1 1233
1 4858
1 656
1 33
1 3334
1 1316
1 4461
1 4165
1 4997
1 2258
1 4071
1 2061
1 3127
1 1783
1 4759
1 2761
1 4258
1 4566
1 2808
1 2852
1 4407
1 2999
1 5343
1 1710
1 4740
1 2016
1 3557
1 5349
1 1310
1 3622
1 1642
1 3621
1 3993
1 3245
1 3822
1 1337
1 3719
1 3235
1 3141
1 2564
1 1945
1 2500
1 1250
1 3441
1 1094
1 3554
1 1657
1 3152
1 320
1 4108
1 1291
1 4301
1 20
1 5075
1 3688
1 4496
1 2594
1 3880
1 1662
1 2281
1 636
1 4742
1 2140
1 478
1 3421
1 4591
1 3821
1 2486
1 960
1 3651
1 775
1 1389
1 334
1 476
1 1689
1 2836
1 1989
1 53
1 940
1 2628
1 1012
1 4529
1 5076
1 1751
1 433
1 3695
1 231
1 2802
1 2434
1 3906
1 2350
1 1852
1 3620
1 4872
1 2453
1 3156
1 185
1 2445
1 1349
1 3446
1 2799
1 2612
1 748
1 5027
1 3764
1 2253
1 857
1 517
1 2769
1 5414
1 3969
1 955
1 4863
1 548
1 608
1 3142
1 1724
1 4291
1 3729
1 1231
1 351
1 4604
1 2375
1 1169
1 3528
1 3416
1 5385
1 4044
1 204
1 837
1 4277
1 4397
1 3256
1 2096
1 3160
1 3255
1 2483
1 530
1 830
1 1664
1 2236
1 1336
1 2162
1 521
1 1712
1 5350
1 51
1 854
1 5340
1 2064
1 5160
1 5209
1 2757
1 1303
1 3257
1 4507
1 1773
1 1832
1 3949
1 2128
1 1827
1 5402
1 2760
1 3844
1 5189
1 1790
1 4880
1 2670
1 3320
1 2617
1 4412
1 1358
1 4621
1 1719
1 2355
1 1196
1 3123
1 1776
1 4738
1 4985
1 2991
1 3261
1 1056
1 1602
1 444
1 1078
1 3114
1 3607
1 681
1 1859
1 615
1 1075
1 2590
1 4393
1 3963
1 1011
1 836
1 2311
1 5413
1 631
1 193
1 1777
1 3724
1 4523
1 3691
1 2754
1 3342
1 2610
1 4562
1 1334
1 862
1 5293
1 1516
1 2839
1 4993
1 2123
1 2863
1 2065
1 5002
1 2571
1 1890
1 1213
1 2102
1 1654
1 2261
1 207
1 1676
1 743
1 1522
1 947
1 3461
1 2260
1 1674
1 3425
1 3267
1 4298
1 2989
1 3126
1 1577
1 3462
1 1220
1 1082
1 4582
1 4606
1 2300
1 3230
1 667
1 3048
1 2157
1 4881
1 52
1 2730
1 3687
1 1856
1 2798
1 1364
1 4174
1 4082
1 4336
1 2630
1 3408
1 2599
1 4868
1 1235
1 2675
1 4096
1 520
1 5387
1 4715
1 737
1 2247
1 5401
1 1386
1 1687
1 443
1 2489
1 4956
1 958
1 4060
1 4596
1 5171
1 2013
1 911
1 1831
1 48
1 1793
1 4664
1 2008
1 798
1 3571
1 4189
1 4723
1 220
1 1383
1 646
1 2056
1 1883
1 1774
1 5299
1 3816
1 1857
1 2377
1 773
1 4054
1 3587
1 35
1 1892
1 805
1 1796
1 5164
1 4902
1 1897
1 4394
1 4813
1 1325
1 30
1 4499
1 5303
1 3264
1 2829
1 2270
1 4670
1 2683
1 3343
1 2010
1 4637
1 58
1 1421
1 5329
1 4980
1 1211
1 1531
1 1090
1 4504
1 1081
1 1884
1 350
1 3726
1 3955
1 1786
1 1445
1 2459
1 4460
1 671
1 2348
1 2455
1 470
1 2951
1 1346
1 4089
1 1514
1 1532
1 3599
1 4639
1 855
1 2763
1 1106
1 5378
1 3277
1 175
1 527
1 2154
1 595
1 4848
1 1898
1 2485
1 174
1 1422
1 3962
1 4674
1 4288
1 2946
1 5375
1 2002
1 3737
1 2277
1 5314
1 2165
1 869
1 4153
1 767
1 3984
1 2312
1 2740
1 2159
1 1341
1 1717
1 3558
1 283
1 2699
1 3986
1 795
1 2749
1 4851
1 115
1 4105
1 1824
1 3708
1 1693
1 3836
1 340
1 5337
1 4147
1 5145
1 3262
1 3146
1 540
1 1344
1 2897
1 939
1 481
1 4722
1 2811
1 1794
1 4960
1 3717
1 643
1 2666
1 2149
1 3122
1 1543
1 4163
1 981
1 4458
1 1640
1 1307
1 2620
1 1579
1 1324
1 2308
1 2127
1 56
1 4069
1 2003
1 3827
1 1526
1 1781
1 3624
1 3981
1 4234
1 747
1 2471
1 3266
1 5330
1 2063
1 3539
1 5418
1 455
1 99
1 2973
1 188
1 662
1 4146
1 3825
1 5
1 3684
1 4718
1 1896
1 4081
1 3447
1 4955
1 2476
1 2474
1 4958
1 376
1 2370
1 480
1 1982
1 349
1 3848
1 4183
1 2376
1 4631
1 2592
1 1101
1 1064
1 1995
1 5294
1 858
1 1871
1 2252
1 3589
1 1304
1 1165
1 5395
1 3430
1 1308
1 1826
1 1934
1 5313
1 4990
1 2770
1 4767
1 1534
1 3608
1 913
1 2454
1 753
1 2678
1 664
1 4764
1 3985
1 801
1 5173
1 4418
1 3009
1 2240
1 3953
1 803
1 1888
1 1063
1 4882
1 849
1 1549
1 1605
1 4043
1 766
1 1437
1 1210
1 661
1 2690
1 1361
1 4059
1 2481
1 4734
1 3106
1 4416
1 437
1 4575
1 4636
1 739
1 2766
1 2349
1 4161
1 2088
1 751
1 5009
1 477
1 4726
1 1863
1 1199
1 3454
1 2996
1 2956
1 1691
1 4471
1 2239
1 3329
1 1568
1 2957
1 5295
1 3274
1 2484
1 460
1 1109
1 4952
1 313
1 4437
1 629
1 2939
1 3713
1 4
1 2316
1 2094
1 464
1 2601
1 1373
1 3686
1 4090
1 1420
1 2958
1 3732
1 1668
1 2681
1 2098
1 111
1 1643
1 4450
1 4110
1 3345
1 1757
1 1578
1 5203
1 2853
1 4242
1 98
1 4300
1 4753
1 1331
1 1119
1 1671
1 3125
1 1392
1 3566
1 4673
1 1224
1 368
1 3243
1 1332
1 2589
1 1214
1 5380
1 910
1 740
1 1126
1 1343
1 2452
1 674
1 2223
1 2935
1 4818
1 914
1 4965
1 1354
1 3445
1 4451
1 4751
1 1874
1 991
1 3436
1 34
1 3189
1 5177
1 2136
1 3951
1 1167
1 3585
1 4040
1 4879
1 4092
1 2614
1 1575
1 4176
1 4732
1 4849
1 2482
1 5198
1 5077
1 4497
1 4159
1 915
1 234
1 826
1 54
1 2491
1 1860
1 1228
1 3350
1 1667
1 2716
1 4459
1 4253
1 3613
1 3003
1 3407
1 467
1 4574
1 4061
1 741
1 635
1 1498
1 3560
1 534
1 128
1 2692
1 1830
1 1041
1 5306
1 622
1 2813
1 3400
1 2139
1 4079
1 532
1 1847
1 1362
1 2006
1 1450
1 3403
1 4714
1 2067
1 949
1 5005
1 1200
1 3435
1 4663
1 2151
1 1537
1 745
1 1206
1 2363
1 3965
1 666
1 4488
1 3812
1 2119
1 1292
1 670
1 5370
1 5205
1 2357
1 63
1 809
1 4470
1 2671
1 4519
1 2313
1 3987
1 810
1 2844
1 3946
1 1770
1 4421
1 4101
1 2435
1 2122
1 3788
1 126
1 777
1 4383
1 5406
1 2160
1 1351
1 4634
1 3882
1 97
1 5362
1 3439
1 2267
1 908
1 3335
1 3840
1 4877
1 4975
1 2526
1 4874
1 4087
1 4871
1 3084
1 38
1 3456
1 3748
1 2290
1 621
1 346
1 602
1 3902
1 4580
1 673
1 3103
1 2804
1 778
1 2287
1 2603
1 3275
1 4305
1 2860
1 2480
1 5396
1 2865
1 3178
1 3730
1 3576
1 772
1 1923
1 3806
1 3611
1 5024
1 5011
1 987
1 317
1 1087
1 1423
1 4883
1 2693
1 4609
1 941
1 2677
1 2430
1 3968
1 3406
1 3088
1 3140
1 1762
1 3828
1 1168
1 3941
1 969
1 4493
1 5099
1 4055
1 176
1 2189
1 786
1 181
1 3767
1 4534
1 1014
1 5393
1 5006
1 2875
1 5339
1 943
1 866
1 4903
1 1524
1 4051
1 626
1 5346
1 4867
1 322
1 1868
1 3180
1 2605
1 3137
1 5327
1 4531
1 546
1 5334
1 3166
1 5307
1 1112
1 1360
1 4749
1 544
1 3426
1 2741
1 1339
1 3442
1 5014
1 105
1 3634
1 5371
1 4514
1 5199
1 223
1 1314
1 1637
1 1572
1 1563
1 632
1 288
1 3116
1 829
1 1440
1 4968
1 472
1 609
1 528
1 2824
1 1554
1 2668
1 5366
1 860
1 1661
1 4415
1 5355
1 524
1 5200
1 4063
1 1523
1 2822
1 100
1 3899
1 4966
1 1753
1 2874
1 2812
1 2097
1 29
1 5070
1 4399
1 2830
1 4181
1 5182
1 4267
1 2141
1 17
1 1539
1 4304
1 935
1 2131
1 5417
1 1750
1 1203
1 3980
1 2976
1 3420
1 4396
1 536
1 3080
1 4259
1 101
1 2864
1 518
1 2694
1 3016
1 3162
1 1510
1 2238
1 2669
1 2171
1 1932
1 1669
1 1209
1 2144
1 5390
1 4103
1 1166
1 4633
1 956
1 533
1 4076
1 2297
1 3823
1 3845
1 1104
1 647
1 6
1 2089
1 3333
1 1449
1 1759
1 4623
1 1944
1 1010
1 2148
1 5151
1 3247
1 3348
1 3574
1 5186
1 4295
1 4245
1 2273
1 1318
1 4177
1 2274
1 3910
1 1435
1 4972
1 1493
1 2461
1 2012
1 3597
1 4727
1 4615
1 2182
1 3051
1 1673
1 4852
1 4094
1 4243
1 2129
1 1894
1 2725
1 2828
1 4594
1 2695
1 5383
1 3711
1 1103
1 4743
1 1697
1 2817
1 4271
1 5386
1 2494
1 5144
1 3614
1 4408
1 1385
1 3429
1 3464
1 3161
1 4286
1 4510
1 1322
1 2870
1 197
1 4998
1 5296
1 835
1 440
1 2977
1 4717
1 1121
1 3240
1 37
1 3004
1 1872
1 2285
1 1746
1 3700
1 783
1 3418
1 329
1 2869
1 3411
1 5305
1 624
1 3008
1 4710
1 2566
1 2181
1 5381
1 1055
1 3967
1 319
1 2850
1 336
1 1118
1 842
1 4953
1 2298
1 5354
1 5309
1 3689
1 2727
1 627
1 4434
1 2469
1 315
1 5207
1 2180
1 5020
1 186
1 2901
1 2855
1 1352
1 62
1 19
1 4486
1 1355
1 1393
1 4164
1 4257
1 545
1 2748
1 59
1 1380
1 3908
1 1301
1 1436
1 2024
1 3584
1 2172
1 5191
1 3318
1 3644
1 3419
1 1230
1 5000
1 341
1 4419
1 1772
1 3535
1 1535
1 1335
1 4626
1 1681
1 642
1 5204
1 32
1 2368
1 4455
1 3725
1 1120
1 4526
1 1205
1 4762
1 1226
1 354
1 3
1 1861
1 198
1 2318
1 4506
1 3636
1 4665
1 4064
1 4725
1 2241
1 4765
1 3952
1 429
1 3455
1 797
1 4991
1 4489
1 1111
1 3177
1 2470
1 771
1 5391
1 4766
1 4184
1 2752
1 2498
1 1744
1 367
1 4951
1 983
1 549
1 5323
1 3697
1 2954
1 4395
1 2984
1 3354
1 3344
1 612
1 2488
1 2092
1 3645
1 49
1 21
1 2625
1 4502
1 3136
1 4275
1 870
1 2356
1 831
1 5243
1 5345
1 3933
1 1379
1 3459
1 970
1 338
1 2143
1 2588
1 2993
1 3563
1 1684
1 2499
1 4145
1 4724
1 5023
1 3412
1 4148
1 4235
1 3317
1 3633
1 3357
1 2728
1 834
1 2021
1 4954
1 3358
1 454
1 2440
1 4175
1 3639
1 4150
1 3260
1 2294
1 4260
1 2837
1 1428
1 4625
1 1761
1 1497
1 2179
1 1232
1 5335
1 110
1 1782
1 4048
1 3747
1 4401
1 2983
1 4456
1 1843
1 971
1 4587
1 4709
1 4107
1 2147
1 2451
1 5150
1 5311
1 4983
1 1015
1 364
1 1229
1 2750
1 4280
1 5196
1 5147
1 3540
1 4598
1 5332
1 3356
1 206
1 782
1 3703
1 180
1 3568
1 2979
1 1296
1 1569
1 4578
1 3325
1 1320
1 2840
1 3909
1 1993
1 2820
1 2133
1 865
1 2667
1 4303
1 356
1 633
1 649
1 651
1 2767
1 4297
1 1216
1 2130
1 3570
1 676
1 1391
1 4901
1 5078
1 1520
1 4423
1 1507
1 4521
1 1528
1 4425
1 3163
1 1443
1 1695
1 3188
1 2256
1 5356
1 1371
1 3649
1 616
1 459
1 4413
1 3824
1 1097
1 194
1 5017
1 4058
1 24
1 3228
1 2101
1 189
1 4859
1 1763
1 2847
1 1453
1 3638
1 781
1 845
1 91
1 1495
1 2309
1 547
1 1096
1 4287
1 4921
1 1319
1 2385
1 1198
1 4384
1 4168
1 127
1 871
1 211
1 4462
1 863
1 4996
1 2745
1 2066
1 5003
1 950
1 628
1 4454
1 4630
1 2718
1 2448
1 1348
1 2738
1 933
1 3768
1 5361
1 318
1 1655
1 2593
1 4607
1 551
1 1350
1 3265
1 1829
1 2687
1 4856
1 4252
1 5373
1 4760
1 214
1 2283
1 5348
1 4102
1 3433
1 2826
1 4678
1 3818
1 932
1 974
1 4597
1 1356
1 4375
1 2444
1 2099
1 516
1 2359
1 3242
1 1374
1 1455
1 3749
1 1505
1 3011
1 2698
1 4988
1 2615
1 5374
1 46
1 227
1 3532
1 5347
1 3259
1 4755
1 3530
1 5297
1 2715
1 785
1 4084
1 102
1 5015
1 2800
1 4581
1 1513
1 3939
1 2626
1 3273
1 123
1 4400
1 4870
1 4047
1 4232
1 2245
1 515
1 2689
1 1867
1 2803
1 4078
1 3147
1 5312
1 1085
1 873
1 4611
1 328
1 282
1 5159
1 3077
1 1672
1 669
1 665
1 2613
1 3960
1 5086
1 1369
1 1444
1 3085
1 286
1 749
1 4422
1 1775
1 5181
1 2600
1 4406
1 2477
1 2460
1 5095
1 1997
1 3438
1 5001
1 1788
1 1315
1 3013
1 2980
1 4457
1 2680
1 964
1 190
1 5004
1 3440
1 3431
1 2743
1 2618
1 3453
1 1743
1 3831
1 1387
1 316
1 1758
1 2821
1 3736
1 333
1 482
1 5178
1 4299
1 2222
1 43
1 5197
1 3340
1 4635
1 2235
1 447
1 462
1 3338
1 5092
1 3050
1 2742
1 619
1 596
1 3120
1 1431
1 2834
1 653
1 1865
1 1694
1 2753
1 2426
1 1652
1 3437
1 2607
1 446
1 1305
1 183
1 4417
1 2467
1 4237
1 1434
1 944
1 5193
1 1792
1 5368
1 2091
1 3346
1 1780
1 3144
1 4075
1 377
1 2762
1 155
1 2858
1 205
1 2361
1 5321
1 445
1 2425
1 1842
1 979
1 3249
1 3839
1 3328
1 2866
1 4688
1 3809
1 61
1 2310
1 2251
1 448
1 5398
1 5162
1 3940
1 638
1 1778
1 4573
1 4380
1 672
1 4970
1 984
1 2436
1 41
1 4884
1 663
1 2292
1 5315
1 1504
1 4290
1 2266
1 5194
1 594
1 535
1 5185
1 3001
1 1576
1 1999
1 5183
1 1375
1 2849
1 332
1 5212
1 2424
1 2722
1 2442
1 3770
1 3630
1 839
1 4973
1 2125
1 2904
1 2135
1 352
1 4469
1 2747
1 4503
1 199
1 2449
1 3121
1 5216
1 5399
1 3052
1 8
1 4761
1 2604
1 1251
1 5324
1 9
1 3564
1 1105
1 4273
1 4898
1 4074
1 1107
1 3078
1 3710
1 116
1 2250
1 4155
1 2711
1 2468
1 4468
1 3694
1 946
1 5405
1 2354
1 3131
1 4099
1 215
1 4083
1 4567
1 3252
