0 149
0 320
0 167
0 545
0 554
0 527
0 338
0 536
0 1004
0 824
0 896
0 23
0 626
0 590
0 950
0 185
0 869
0 302
0 833
0 374
0 176
0 923
0 131
0 50
0 95
0 1013
0 860
0 293
0 194
0 212
0 716
0 104
0 581
0 887
0 1067
0 941
0 689
0 905
0 1040
0 437
0 1058
0 68
0 797
0 473
0 32
0 14
0 77
0 842
0 680
0 995
0 986
0 608
0 365
0 806
0 356
0 419
0 275
0 788
0 1076
0 428
0 230
0 734
0 392
0 635
0 599
0 725
0 743
0 878
0 851
0 59
0 482
0 446
0 779
0 1022
0 815
0 1049
0 509
0 239
0 86
0 977
0 158
0 383
0 140
0 671
0 410
0 518
0 122
0 572
0 41
0 761
0 932
0 563
0 968
0 347
0 1031
0 5
0 752
0 491
0 203
0 257
0 455
0 248
0 464
0 959
0 770
0 662
0 401
0 311
1 1015
1 213
1 529
1 252
1 228
1 828
1 192
1 375
1 513
1 730
1 342
1 69
1 647
1 64
1 225
1 919
1 729
1 470
1 943
1 121
1 702
1 942
1 701
1 1021
1 535
1 280
1 1046
1 1042
1 170
1 737
1 747
1 657
1 786
1 700
1 312
1 150
1 848
1 1037
1 703
1 606
1 791
1 948
1 461
1 724
1 18
1 673
1 144
1 387
1 79
1 723
1 722
1 778
1 690
1 408
1 307
1 246
1 658
1 359
1 348
1 354
1 1053
1 793
1 430
1 639
1 232
1 1048
1 632
1 112
1 629
1 300
1 999
1 161
1 1026
1 438
1 63
1 453
1 315
1 346
1 421
1 520
1 128
1 562
1 503
1 240
1 106
1 314
1 719
1 494
1 200
1 380
1 883
1 699
1 386
1 0
1 967
1 631
1 668
1 298
1 796
1 40
1 220
1 582
1 429
1 696
1 281
1 735
1 917
1 427
1 537
1 361
1 834
1 648
1 490
1 916
1 70
1 1036
1 873
1 670
1 975
1 187
1 262
1 817
1 705
1 84
1 534
1 957
1 82
1 34
1 37
1 333
1 550
1 43
1 489
1 1064
1 181
1 397
1 947
1 661
1 762
1 151
1 22
1 463
1 409
1 651
1 10
1 502
1 822
1 462
1 396
1 748
1 55
1 282
1 952
1 164
1 1060
1 75
1 838
1 378
1 891
1 123
1 920
1 937
1 853
1 332
1 389
1 48
1 856
1 966
1 258
1 630
1 782
1 805
1 865
1 679
1 132
1 766
1 72
1 812
1 255
1 633
1 650
1 272
1 814
1 1071
1 652
1 460
1 369
1 412
1 573
1 940
1 97
1 107
1 382
1 623
1 506
1 260
1 130
1 11
1 197
1 376
1 556
1 1043
1 366
1 368
1 30
1 1032
1 468
1 874
1 406
1 569
1 1003
1 217
1 111
1 45
1 379
1 854
1 91
1 634
1 259
1 785
1 695
1 906
1 789
1 469
1 603
1 832
1 287
1 54
1 247
1 182
1 559
1 720
1 505
1 110
1 544
1 512
1 784
1 431
1 894
1 265
1 571
1 415
1 915
1 216
1 663
1 3
1 1023
1 643
1 706
1 850
1 310
1 98
1 925
1 754
1 871
1 193
1 962
1 955
1 388
1 863
1 678
1 984
1 560
1 1020
1 243
1 304
1 179
1 852
1 1050
1 357
1 768
1 57
1 798
1 274
1 458
1 601
1 477
1 533
1 51
1 922
1 493
1 184
1 576
1 442
1 674
1 945
1 373
1 1057
1 173
1 570
1 83
1 241
1 351
1 49
1 990
1 370
1 645
1 936
1 655
1 811
1 324
1 928
1 345
1 758
1 1051
1 989
1 949
1 583
1 1010
1 141
1 295
1 466
1 471
1 120
1 697
1 416
1 435
1 133
1 456
1 325
1 800
1 602
1 749
1 933
1 1038
1 1001
1 6
1 664
1 1028
1 611
1 384
1 960
1 102
1 233
1 961
1 1034
1 826
1 557
1 147
1 146
1 92
1 42
1 982
1 21
1 548
1 681
1 352
1 28
1 27
1 204
1 890
1 732
1 218
1 318
1 444
1 704
1 101
1 609
1 52
1 1079
1 242
1 677
1 870
1 907
1 847
1 901
1 1055
1 1068
1 951
1 36
1 498
1 449
1 993
1 138
1 589
1 264
1 237
1 525
1 1007
1 549
1 459
1 708
1 56
1 296
1 745
1 1006
1 515
1 892
1 177
1 417
1 256
1 868
1 718
1 692
1 178
1 1030
1 277
1 895
1 288
1 1069
1 201
1 1063
1 452
1 136
1 769
1 301
1 100
1 96
1 153
1 1078
1 675
1 595
1 343
1 519
1 803
1 991
1 911
1 625
1 413
1 829
1 196
1 154
1 189
1 219
1 981
1 478
1 308
1 1008
1 479
1 772
1 270
1 105
1 135
1 771
1 586
1 574
1 614
1 726
1 555
1 1017
1 344
1 552
1 736
1 710
1 622
1 1075
1 528
1 1054
1 276
1 335
1 440
1 660
1 825
1 607
1 235
1 67
1 434
1 323
1 450
1 1073
1 598
1 199
1 1024
1 888
1 484
1 279
1 475
1 830
1 913
1 186
1 867
1 566
1 405
1 676
1 839
1 539
1 516
1 142
1 224
1 44
1 969
1 172
1 693
1 2
1 956
1 684
1 840
1 802
1 713
1 641
1 205
1 236
1 565
1 496
1 924
1 19
1 137
1 355
1 620
1 29
1 591
1 16
1 349
1 443
1 377
1 88
1 721
1 592
1 231
1 306
1 872
1 862
1 1002
1 404
1 859
1 143
1 1052
1 7
1 381
1 930
1 568
1 610
1 60
1 391
1 711
1 439
1 322
1 229
1 215
1 162
1 328
1 485
1 578
1 904
1 198
1 976
1 682
1 994
1 818
1 330
1 776
1 1025
1 585
1 8
1 965
1 362
1 425
1 971
1 938
1 628
1 523
1 268
1 118
1 944
1 792
1 289
1 341
1 238
1 139
1 637
1 794
1 372
1 1056
1 87
1 1065
1 813
1 426
1 336
1 65
1 398
1 921
1 575
1 918
1 974
1 33
1 504
1 510
1 615
1 183
1 753
1 927
1 399
1 827
1 58
1 979
1 127
1 1033
1 875
1 180
1 156
1 119
1 640
1 899
1 467
1 403
1 1062
1 884
1 835
1 978
1 20
1 773
1 844
1 39
1 61
1 861
1 1072
1 587
1 889
1 159
1 334
1 983
1 13
1 638
1 116
1 740
1 331
1 38
1 522
1 511
1 551
1 207
1 685
1 89
1 290
1 903
1 481
1 168
1 174
1 714
1 80
1 934
1 926
1 1014
1 451
1 501
1 313
1 394
1 649
1 1027
1 580
1 4
1 694
1 764
1 115
1 303
1 807
1 561
1 821
1 117
1 155
1 423
1 31
1 898
1 756
1 530
1 393
1 654
1 25
1 558
1 929
1 819
1 476
1 1018
1 613
1 897
1 1012
1 1066
1 733
1 94
1 604
1 820
1 1035
1 190
1 483
1 62
1 809
1 166
1 804
1 261
1 810
1 358
1 24
1 836
1 879
1 577
1 364
1 931
1 145
1 547
1 15
1 1044
1 214
1 517
1 963
1 885
1 363
1 553
1 1039
1 319
1 846
1 244
1 134
1 495
1 946
1 390
1 954
1 742
1 777
1 775
1 912
1 208
1 74
1 508
1 843
1 474
1 269
1 340
1 17
1 1011
1 26
1 621
1 831
1 1005
1 687
1 114
1 514
1 480
1 712
1 780
1 497
1 371
1 337
1 616
1 465
1 767
1 188
1 882
1 285
1 741
1 422
1 317
1 717
1 543
1 395
1 619
1 195
1 667
1 985
1 294
1 893
1 600
1 972
1 414
1 659
1 746
1 783
1 211
1 763
1 206
1 78
1 597
1 46
1 992
1 278
1 35
1 457
1 339
1 305
1 251
1 309
1 402
1 801
1 76
1 691
1 291
1 249
1 579
1 881
1 816
1 223
1 171
1 1045
1 958
1 540
1 795
1 538
1 709
1 531
1 759
1 432
1 728
1 400
1 665
1 988
1 486
1 781
1 584
1 407
1 841
1 521
1 73
1 739
1 163
1 385
1 542
1 433
1 160
1 787
1 973
1 418
1 169
1 750
1 596
1 321
1 487
1 9
1 175
1 492
1 152
1 326
1 1059
1 12
1 864
1 567
1 970
1 202
1 588
1 245
1 908
1 980
1 612
1 327
1 765
1 273
1 420
1 998
1 715
1 727
1 886
1 751
1 93
1 564
1 858
1 126
1 636
1 666
1 996
1 148
1 1000
1 367
1 876
1 507
1 877
1 436
1 790
1 855
1 191
1 823
1 263
1 646
1 85
1 1047
1 1061
1 808
