0 495
0 54
0 300
0 520
0 371
0 513
0 330
0 278
0 255
0 146
0 162
0 446
0 362
0 290
0 182
0 457
0 222
0 151
0 201
0 122
0 212
0 417
0 87
0 498
0 286
0 426
0 241
0 490
0 94
0 221
0 169
0 502
0 379
0 41
0 461
0 400
0 173
0 282
0 310
0 440
0 370
0 456
0 473
0 260
0 466
0 174
0 283
0 270
0 306
0 453
0 504
0 117
0 294
0 107
0 78
0 494
0 267
0 332
0 30
0 462
0 143
0 318
0 404
0 358
0 421
0 389
0 469
0 401
0 262
0 396
0 180
0 1
0 188
0 230
0 454
0 2
0 449
0 77
0 252
0 165
0 374
0 423
0 225
0 289
0 515
0 455
0 64
0 419
0 118
0 489
0 459
0 243
0 32
0 259
0 98
0 397
0 406
0 256
0 7
0 320
0 257
0 189
0 322
0 315
0 511
0 341
0 74
0 21
0 357
0 275
0 119
0 430
0 471
0 220
0 184
0 366
0 134
0 273
0 405
0 132
0 115
0 445
0 138
0 238
0 365
0 199
0 120
0 190
0 129
0 207
0 345
0 386
0 443
0 388
0 301
0 227
0 266
0 416
0 497
0 51
0 258
0 508
0 402
0 264
0 302
0 361
0 429
0 229
0 149
0 433
0 141
0 394
0 447
0 279
0 50
0 261
0 493
0 179
0 17
0 418
0 329
0 414
0 72
0 464
0 124
0 274
0 360
0 126
0 276
0 130
0 136
0 48
0 519
0 13
0 155
1 82
1 38
1 186
1 244
1 346
1 59
1 372
1 309
1 183
1 192
1 185
1 343
1 144
1 39
1 476
1 415
1 245
1 89
1 153
1 223
1 364
1 510
1 277
1 448
1 97
1 235
1 108
1 206
1 296
1 437
1 84
1 312
1 16
1 349
1 487
1 441
1 208
1 170
1 381
1 422
1 128
1 56
1 11
1 209
1 75
1 4
1 450
1 340
1 92
1 203
1 293
1 88
1 512
1 91
1 200
1 121
1 316
1 25
1 160
1 237
1 298
1 353
1 299
1 314
1 395
1 376
1 109
1 465
1 53
1 491
1 438
1 71
1 248
1 105
1 20
1 95
1 164
1 288
1 176
1 368
1 336
1 239
1 391
1 81
1 114
1 131
1 63
1 390
1 363
1 178
1 226
1 171
1 175
1 408
1 187
1 488
1 60
1 85
1 103
1 58
1 123
1 163
1 425
1 90
1 37
1 204
1 0
1 480
1 269
1 297
1 263
1 311
1 127
1 342
1 219
1 410
1 68
1 96
1 475
1 393
1 477
1 236
1 507
1 86
1 69
1 411
1 214
1 152
1 499
1 254
1 432
1 197
1 280
1 202
1 427
1 10
1 34
1 27
1 500
1 482
1 517
1 18
1 67
1 46
1 111
1 413
1 373
1 436
1 348
1 28
1 272
1 253
1 323
1 409
1 478
1 15
1 35
1 387
1 228
1 47
1 382
1 521
1 168
1 380
1 232
1 31
1 518
1 80
1 303
1 49
1 44
1 36
1 424
1 196
1 12
1 234
1 93
1 70
1 55
1 420
1 265
1 331
1 284
1 147
1 26
1 295
1 22
1 45
1 29
1 247
1 334
1 62
1 150
1 14
1 268
1 137
1 57
1 161
1 481
1 249
1 231
1 271
1 61
1 442
1 458
1 333
1 240
1 452
1 479
1 483
1 285
1 328
1 8
1 451
1 344
1 148
1 428
1 398
1 354
1 233
1 444
1 216
1 79
1 484
1 434
1 325
1 287
1 439
1 154
1 99
1 378
1 157
1 159
1 352
1 172
1 194
1 40
1 431
1 142
1 467
1 338
1 460
1 43
1 347
1 224
1 102
1 251
1 501
1 377
1 399
1 375
1 337
1 435
1 110
1 177
1 351
1 125
1 106
1 317
1 412
1 514
1 217
1 33
1 505
1 506
1 23
1 516
1 113
1 112
1 292
1 218
1 369
1 474
1 383
1 213
1 140
1 116
1 195
1 181
1 326
1 167
1 191
1 9
1 135
1 66
1 304
1 384
1 496
1 355
1 250
1 385
1 407
1 193
1 327
