0 476
0 55
0 32
0 166
0 141
0 150
0 725
0 308
0 740
0 249
0 37
0 385
0 377
0 568
0 688
0 619
0 326
0 472
0 121
0 96
0 358
0 662
0 581
0 171
0 692
0 599
0 182
0 119
0 196
0 225
0 201
0 254
0 247
0 128
0 331
0 202
0 680
0 38
0 71
0 134
0 497
0 198
0 550
0 81
0 742
0 524
0 449
0 14
0 393
0 575
0 252
0 310
0 570
0 562
0 228
0 454
0 512
0 243
0 505
0 287
0 10
0 631
0 658
0 557
0 397
0 311
0 395
0 380
0 566
0 493
0 7
0 289
0 320
0 508
0 234
0 552
0 621
0 330
0 187
0 417
0 236
0 337
0 378
0 174
0 345
0 271
0 500
0 577
0 332
0 549
0 386
0 375
0 389
0 41
0 676
0 162
0 47
0 509
0 352
0 490
0 443
0 407
0 615
0 390
0 657
0 439
0 94
0 694
0 350
0 588
0 591
0 191
0 523
0 28
0 45
0 62
0 451
0 638
0 421
0 242
0 496
0 296
0 646
0 5
0 559
0 317
0 148
0 59
0 430
0 743
0 661
0 444
0 152
0 125
0 165
0 120
0 348
0 648
0 175
0 76
0 535
0 3
0 458
0 741
0 757
0 580
0 400
0 160
0 709
0 640
0 487
0 626
0 12
0 734
0 503
0 469
0 630
0 1
0 158
0 327
0 52
0 359
0 475
0 578
0 133
0 629
0 349
0 361
0 616
0 281
0 452
0 189
0 737
0 719
0 498
0 184
0 99
0 231
0 178
0 738
0 537
0 176
0 200
0 585
0 382
0 122
0 233
0 374
0 611
0 492
0 293
0 590
0 153
0 682
0 699
0 455
0 206
0 8
0 43
0 78
0 40
0 84
0 420
0 573
0 85
0 418
0 722
0 664
0 653
0 479
0 90
0 438
0 285
0 506
0 499
0 336
0 526
0 391
0 86
0 700
0 530
0 459
0 402
0 354
0 339
0 319
0 230
0 456
0 489
0 760
0 80
0 612
0 607
0 186
0 194
0 551
0 112
0 127
0 246
0 216
0 64
0 465
0 51
0 404
0 593
0 592
0 270
0 693
0 447
0 645
0 284
0 671
0 627
0 36
0 245
0 340
0 464
0 344
0 484
0 355
0 388
0 730
0 675
0 34
0 547
0 232
0 239
0 727
0 723
0 343
0 431
0 522
0 415
0 518
0 77
0 15
0 746
0 622
0 87
0 66
0 625
0 257
0 610
0 461
0 446
0 600
0 678
0 180
0 548
0 399
0 641
0 744
0 707
0 93
0 65
0 97
0 396
0 167
0 123
0 131
0 328
0 582
0 262
0 268
0 427
0 278
0 205
0 511
0 450
0 527
0 556
0 145
0 109
0 210
0 440
0 54
0 177
0 260
0 302
0 436
0 329
0 536
0 409
0 665
0 679
0 412
0 437
0 504
0 19
0 135
0 663
0 67
0 598
0 79
0 304
0 545
0 597
0 442
0 2
0 240
0 685
0 218
0 276
0 114
0 387
0 620
0 457
0 425
0 301
0 602
0 691
0 642
0 563
0 579
0 381
0 115
0 279
0 82
0 681
0 565
0 136
0 181
0 488
0 272
0 731
0 110
0 623
0 298
0 159
0 217
0 229
0 0
0 237
0 56
0 213
0 157
0 102
0 321
0 652
0 92
0 250
0 697
0 501
0 137
0 6
0 370
0 365
0 560
0 190
0 18
0 351
0 149
0 651
0 644
0 687
0 531
0 300
0 677
0 554
0 561
0 435
0 342
0 529
0 482
0 60
0 656
0 576
0 188
0 586
0 124
0 258
0 91
0 259
0 750
0 63
0 17
0 318
0 53
0 480
0 353
0 314
0 739
0 219
0 334
0 274
0 583
0 516
0 401
0 294
0 204
0 729
0 369
0 57
0 701
0 130
0 107
0 408
0 29
0 335
0 405
0 368
0 209
0 21
0 564
0 11
0 25
0 16
0 113
0 589
0 24
0 433
0 35
0 758
0 73
0 69
0 728
0 46
0 604
0 322
0 226
0 467
0 639
0 104
0 426
0 413
0 394
0 745
0 667
0 39
0 689
0 609
0 428
0 659
0 463
0 724
0 307
0 101
0 74
0 601
0 736
0 632
0 471
0 494
0 637
0 118
0 105
0 733
0 533
0 605
0 528
0 58
0 595
0 379
0 341
0 360
0 261
0 299
0 366
0 267
0 195
0 373
0 283
0 156
0 4
0 468
0 295
0 372
0 161
0 323
0 603
0 748
0 705
0 363
0 462
0 324
0 290
0 710
0 235
0 95
0 253
0 502
0 309
0 718
0 406
0 411
0 155
0 89
0 265
0 672
0 558
0 416
0 183
0 726
0 33
0 525
0 264
0 83
0 546
0 624
0 517
0 636
0 617
0 507
0 702
0 164
0 704
0 282
0 227
0 660
0 23
0 543
0 633
0 338
0 269
0 376
0 173
0 567
0 144
0 483
0 193
0 540
0 491
0 721
0 117
0 596
0 553
0 398
0 215
0 325
0 291
0 138
0 75
0 714
0 31
0 163
0 364
0 50
0 473
0 106
0 753
0 224
0 759
0 614
0 214
0 313
0 686
0 666
0 316
0 670
0 255
0 613
0 13
0 169
0 244
0 248
0 708
0 286
0 221
0 752
0 541
0 220
0 587
0 143
0 27
0 460
0 273
0 179
0 61
0 100
0 70
0 185
0 539
0 510
0 403
0 126
0 277
0 571
0 477
0 129
0 574
0 655
0 275
0 22
0 720
0 211
0 280
0 172
0 139
0 474
0 98
0 521
0 684
0 42
0 30
0 147
0 466
0 423
0 481
0 735
0 594
0 111
0 751
0 519
0 654
0 749
0 356
0 68
0 222
0 44
0 635
0 266
0 424
0 9
0 263
0 534
0 199
0 647
0 142
0 569
0 695
0 116
0 485
0 422
0 170
0 538
0 495
0 486
0 703
0 20
0 292
0 584
0 212
0 410
0 683
0 88
0 208
0 606
0 756
0 429
0 715
0 207
0 140
0 223
0 49
1 781
1 789
1 1222
1 1079
1 828
1 964
1 834
1 1370
1 1153
1 794
1 1294
1 1237
1 1094
1 1308
1 1366
1 991
1 1032
1 1325
1 1364
1 956
1 1122
1 1297
1 1327
1 1248
1 1088
1 914
1 1110
1 965
1 1080
1 1271
1 916
1 981
1 973
1 1070
1 1150
1 1207
1 1100
1 1082
1 1035
1 975
1 1053
1 815
1 1077
1 1099
1 853
1 782
1 1164
1 1058
1 1134
1 1318
1 1351
1 1151
1 1055
1 1226
1 1346
1 1137
1 995
1 938
1 1030
1 1268
1 841
1 1184
1 772
1 1340
1 1063
1 1017
1 1066
1 1209
1 1003
1 777
1 1189
1 816
1 891
1 769
1 1350
1 962
1 882
1 1272
1 779
1 1135
1 974
1 1206
1 1218
1 862
1 1062
1 940
1 1036
1 778
1 1330
1 1123
1 1288
1 1355
1 844
1 922
1 895
1 1061
1 1258
1 969
1 1154
1 1121
1 860
1 1107
1 848
1 864
1 1214
1 1163
1 1261
1 1013
1 857
1 1118
1 893
1 1285
1 978
1 1195
1 846
1 923
1 1313
1 1073
1 1307
1 1322
1 1233
1 1335
1 919
1 1221
1 1047
1 852
1 1054
1 1162
1 805
1 1104
1 1092
1 785
1 803
1 868
1 1265
1 1216
1 811
1 1084
1 821
1 1339
1 936
1 1069
1 929
1 845
1 1199
1 1180
1 1289
1 907
1 1263
1 801
1 894
1 808
1 776
1 817
1 1051
1 1247
1 1213
1 985
1 1174
1 1300
1 842
1 1239
1 1129
1 1274
1 1219
1 792
1 1125
1 1115
1 994
1 903
1 1254
1 1304
1 1171
1 1203
1 1161
1 885
1 1299
1 1234
1 920
1 899
1 1108
1 1293
1 863
1 773
1 1324
1 1109
1 1356
1 1057
1 835
1 918
1 1136
1 992
1 1090
1 1255
1 1194
1 980
1 1022
1 993
1 1101
1 1232
1 819
1 1228
1 921
1 838
1 774
1 1210
1 1007
1 1023
1 1075
1 1332
1 960
1 1225
1 829
1 1117
1 911
1 997
1 840
1 1044
1 989
1 1306
1 1173
1 1244
1 952
1 1262
1 950
1 1266
1 963
1 1103
1 783
1 1286
1 1250
1 976
1 897
1 847
1 886
1 968
1 972
1 1076
1 1245
1 1015
1 1257
1 1333
1 1251
1 796
1 1106
1 935
1 1031
1 1328
1 870
1 1042
1 1229
1 1205
1 988
1 824
1 1127
1 1102
1 1143
1 1309
1 982
1 955
1 908
1 875
1 1360
1 1196
1 1025
1 1190
1 1183
1 1349
1 951
1 872
1 851
1 1146
1 1353
1 1188
1 999
1 915
1 1040
1 879
1 1111
1 854
1 1064
1 800
1 1155
1 932
1 1283
1 832
1 1158
1 1200
1 858
1 1320
1 1243
1 793
1 1314
1 904
1 1165
1 861
1 784
1 1005
1 1201
1 1113
1 775
1 1348
1 1296
1 1273
1 1116
1 799
1 1021
1 1091
1 804
1 892
1 820
1 884
1 998
1 1176
1 849
1 1344
1 850
1 1019
1 1342
1 1147
1 1362
1 1056
1 944
1 1256
1 1182
1 1204
1 901
1 1140
1 984
1 1277
1 1284
1 1337
1 1175
1 1316
1 877
1 1358
1 1178
1 1264
1 1038
1 1000
1 1024
1 1060
1 806
1 977
1 766
1 954
1 1359
1 1278
1 910
1 1187
1 827
1 1336
1 889
1 1001
1 933
1 1039
1 1010
1 942
1 788
1 913
1 1093
1 1185
1 930
1 1089
1 912
1 1086
1 949
1 1078
1 814
1 945
1 1367
1 1095
1 831
1 1281
1 1211
1 1145
1 1033
1 1338
1 1112
1 937
1 1002
1 1018
1 791
1 830
1 983
1 1241
1 1170
1 826
1 926
1 1016
1 934
1 1317
1 1223
1 1292
1 839
1 970
1 1227
1 856
1 810
1 1236
1 837
1 866
1 867
1 1290
1 1321
1 1282
1 764
1 1114
1 959
1 883
1 1133
1 1144
1 790
1 812
1 1238
1 1267
1 1096
1 966
1 979
1 1310
1 1012
1 1298
1 1049
1 931
1 1212
1 1279
1 1119
1 986
1 767
1 924
1 1081
1 1043
1 1280
1 1087
1 1198
1 780
1 1354
1 1177
1 1231
1 871
1 1083
1 890
1 798
1 1323
1 1139
1 1287
1 1369
1 813
1 836
1 1142
1 1009
1 1363
1 1343
1 1315
1 1160
1 1105
1 1215
1 987
1 1166
1 833
1 948
1 888
1 881
1 1067
1 1132
1 809
1 859
1 1072
1 1045
1 1071
1 1074
1 1120
1 1208
1 1361
1 1006
1 1259
1 1068
1 802
1 1179
1 865
1 770
1 896
1 1037
1 797
1 1029
1 1202
1 1020
1 1276
1 1246
1 1004
1 1085
1 961
1 880
1 1352
1 1149
1 967
1 1046
1 947
1 1341
1 1301
1 1159
1 795
1 1191
1 1230
1 1275
1 1152
1 765
1 1065
1 1059
1 1027
1 1169
1 843
1 1303
1 887
1 909
1 1098
1 855
1 1028
1 1041
1 1197
1 1097
1 1291
1 818
1 1193
1 941
1 1357
1 1312
1 1131
1 1128
1 902
1 953
1 1269
1 1345
1 787
1 1011
1 1249
1 825
1 906
1 1138
1 1305
1 761
1 1157
1 1124
1 943
1 807
1 1008
1 958
1 1217
1 874
