0 366
0 261
0 173
0 126
0 372
0 86
0 210
0 178
0 220
0 74
0 199
0 165
0 286
0 289
0 313
0 342
0 118
0 272
0 174
0 357
0 166
0 339
0 184
0 268
0 334
0 123
0 120
0 93
0 143
0 337
0 154
0 244
0 352
0 189
0 122
0 255
0 346
0 160
0 82
0 242
0 233
0 250
0 169
0 161
0 298
0 297
0 110
0 235
0 224
0 370
0 306
0 134
0 355
0 312
0 314
0 243
0 140
0 280
0 124
0 241
0 363
0 371
0 101
0 196
0 349
0 159
0 301
0 369
0 257
0 236
0 76
0 172
0 239
0 219
0 246
0 226
0 333
0 221
0 149
0 248
0 222
0 132
0 274
0 269
0 237
0 153
0 290
0 364
0 190
0 162
0 108
0 77
0 130
0 150
0 335
0 155
0 209
0 157
0 341
0 73
0 213
0 191
0 330
0 167
0 273
0 328
0 251
0 119
0 182
0 354
0 325
0 353
0 80
0 106
0 340
0 317
0 345
0 252
0 103
0 283
0 240
0 96
0 277
0 361
0 183
0 145
0 211
0 203
0 223
0 266
0 198
0 308
0 320
0 109
0 117
0 141
0 311
0 176
0 98
0 344
0 324
0 318
0 267
0 338
0 114
0 97
0 231
0 285
0 138
0 299
0 181
0 367
0 177
0 111
0 72
0 292
0 321
0 206
0 291
0 180
0 129
0 234
0 208
0 92
0 263
0 265
0 294
0 128
0 186
0 215
0 360
0 227
0 365
0 300
0 336
0 179
0 135
0 275
0 112
0 293
0 326
0 351
0 94
0 296
0 131
0 192
0 232
0 319
0 359
0 279
0 188
0 258
0 271
0 158
0 348
0 368
0 168
0 305
0 347
0 362
0 259
0 152
0 194
0 229
0 88
0 171
0 105
0 170
0 142
0 113
0 89
0 284
0 175
0 218
0 254
0 303
0 260
0 193
0 75
0 323
0 204
0 253
0 343
0 100
0 201
0 249
0 144
0 202
0 307
0 107
0 228
0 79
0 282
0 87
0 200
0 316
0 331
0 148
0 85
0 247
0 212
0 137
0 262
0 256
0 281
0 121
0 214
0 332
0 310
0 115
0 104
0 288
0 185
0 302
0 287
0 146
0 322
0 136
0 99
0 350
0 270
0 102
0 217
0 151
0 245
0 83
0 358
0 295
0 127
0 116
1 27
1 21
1 47
1 28
1 33
1 55
1 17
1 64
1 54
1 9
1 65
1 69
1 41
1 71
1 62
1 20
1 51
1 36
1 8
1 49
1 7
1 40
1 25
1 52
1 32
1 60
1 2
1 38
1 29
1 12
1 44
1 43
1 30
1 37
1 0
1 58
1 10
1 67
1 22
1 61
1 68
1 63
1 59
1 6
1 19
1 24
1 1
1 46
1 13
1 42
1 11
1 48
1 4
1 5
1 57
1 31
1 14
1 56
1 23
1 53
1 35
1 39
1 3
1 50
