0 0 0 0 0 0 0 0 0 0 0 0 0 0 0 60 
1 1 1 1 0 0 0 1 1 1 0 0 0 0 0 51 
1 2 2 0 0 0 0 0 1 2 0 0 0 0 0 59 
1 3 3 1 0 0 0 1 1 2 0 0 0 1 0 54 
1 4 4 2 0 1 0 0 0 2 0 0 0 0 0 73 
1 5 1 0 0 0 0 0 1 2 0 0 0 1 0 51 
1 6 5 0 0 0 0 0 1 1 1 0 0 0 0 59 
0 7 6 0 0 0 0 0 1 2 0 0 1 0 0 66 
1 8 7 2 0 0 0 0 0 2 0 0 0 0 0 68 
1 9 0 0 0 0 0 0 1 2 0 0 0 0 0 54 
1 10 8 1 0 1 0 0 1 1 0 0 0 1 0 60 
1 11 9 0 0 0 0 1 1 1 0 0 0 0 0 58 
1 3 10 0 0 0 0 0 0 2 0 0 0 0 0 68 
0 12 11 2 0 0 0 0 0 0 0 0 0 0 0 80 
1 13 12 0 0 0 0 0 1 2 0 0 0 0 0 77 
1 14 13 0 0 0 0 0 1 1 0 0 0 0 0 62 
0 15 1 1 0 1 0 1 1 1 0 0 0 0 0 56 
0 16 14 1 0 0 0 1 1 1 0 0 0 0 0 61 
1 17 15 0 0 0 0 0 1 1 0 0 0 0 0 70 
1 0 16 1 0 0 0 1 1 2 0 0 0 0 0 71 
1 18 17 1 0 0 0 1 1 1 0 0 0 0 0 51 
2 19 18 1 0 0 0 1 1 1 0 0 0 0 0 62 
1 20 15 1 0 0 0 1 1 1 0 0 0 0 0 62 
1 3 8 1 0 0 0 1 1 2 0 0 0 0 0 62 
3 21 19 1 0 0 0 1 1 2 0 0 0 1 0 58 
4 22 20 1 1 1 0 0 1 1 0 0 0 0 0 57 
1 23 21 0 0 0 0 0 1 2 0 0 0 0 0 60 
1 1 11 0 0 0 0 0 0 2 0 0 0 0 0 68 
1 8 22 0 0 0 0 0 0 2 0 0 0 0 0 56 
5 24 5 1 0 0 0 1 1 2 0 0 0 0 0 61 
1 23 23 0 1 1 0 1 1 0 0 0 0 0 0 55 
1 25 17 0 0 0 0 0 1 1 0 0 0 1 0 52 
4 5 24 0 1 0 0 1 1 1 1 0 0 1 0 72 
1 26 12 0 0 0 0 0 1 1 1 0 0 1 0 68 
0 2 25 0 0 0 0 0 1 2 0 0 0 1 0 76 
1 20 26 1 0 0 0 1 1 2 0 0 0 0 0 58 
1 27 27 0 0 0 0 0 1 1 0 0 0 0 0 71 
1 3 28 0 0 1 1 1 1 1 1 0 0 1 0 61 
1 28 21 1 0 0 0 1 1 2 0 0 0 0 0 56 
1 29 29 0 0 0 0 0 1 2 0 0 0 0 0 52 
4 30 30 0 0 0 0 0 1 2 0 0 0 0 0 60 
0 23 31 0 0 0 0 0 1 1 0 0 0 0 0 63 
1 31 32 0 0 0 0 0 1 1 0 0 0 0 0 68 
4 32 33 1 0 0 0 0 1 1 0 0 0 0 0 51 
1 33 34 0 1 0 0 0 1 1 0 0 0 0 0 60 
1 5 2 1 0 0 0 1 1 2 0 0 0 0 0 60 
1 34 5 0 0 0 0 0 1 1 0 0 0 0 0 67 
1 35 33 0 0 0 0 0 1 1 0 0 0 0 0 72 
1 25 35 2 0 0 0 0 0 1 0 0 0 0 0 59 
1 22 36 1 0 0 0 1 1 1 0 0 0 1 0 55 
1 36 27 0 0 0 0 0 1 1 0 0 0 1 0 79 
1 4 37 0 0 0 0 0 1 2 0 0 0 0 0 69 
1 31 31 2 1 1 1 0 1 1 0 0 0 0 0 68 
2 37 31 0 0 0 0 0 1 1 0 0 0 0 0 75 
1 3 21 0 0 0 0 0 1 1 0 0 0 0 0 63 
2 38 10 0 0 0 0 0 1 1 0 0 0 0 0 65 
1 39 37 0 0 0 1 0 1 2 0 0 0 1 0 37 
1 1 38 0 1 0 0 0 0 2 1 0 0 0 0 64 
2 40 39 1 0 0 0 1 1 1 0 0 0 0 0 62 
1 41 40 1 0 0 0 1 1 1 0 0 0 0 0 58 
1 42 41 1 0 0 0 1 1 3 0 0 0 0 0 51 
1 43 42 2 0 0 0 0 0 1 0 0 0 0 0 77 
1 44 43 1 0 0 0 1 1 2 0 0 0 0 0 56 
1 39 18 1 0 0 0 1 1 2 1 0 0 1 0 55 
0 45 44 0 0 1 0 0 1 1 0 0 0 0 0 59 
1 0 45 0 0 0 0 0 1 1 0 0 0 1 0 54 
1 20 2 1 0 0 0 1 1 2 0 0 0 1 0 39 
2 9 46 0 0 1 0 0 0 2 0 0 0 0 0 62 
1 46 25 0 0 0 0 0 1 1 0 0 0 0 0 61 
1 47 47 0 0 1 0 0 1 1 0 0 0 0 0 70 
1 48 48 0 0 1 0 1 1 2 0 0 0 1 0 53 
1 49 45 0 0 0 0 0 1 1 1 0 0 0 0 71 
1 42 49 1 0 0 0 1 1 2 0 0 0 0 0 63 
2 50 50 1 0 0 0 1 1 2 0 0 0 1 0 45 
1 29 5 0 0 0 0 0 1 2 0 0 0 0 0 55 
1 1 38 0 0 0 0 0 1 0 0 0 0 0 0 41 
1 51 51 0 0 0 0 0 0 2 0 0 0 0 0 66 
1 43 43 0 0 0 0 0 1 1 0 0 0 0 0 62 
1 27 52 0 0 0 0 0 1 1 0 0 0 0 0 54 
1 43 0 0 0 0 0 0 1 1 0 0 0 1 0 78 
1 3 37 0 0 0 0 0 1 1 0 0 0 0 0 58 
1 13 15 0 0 0 0 0 1 0 0 0 0 0 0 59 
1 23 53 0 0 0 0 0 1 1 0 0 0 0 0 63 
1 52 10 0 0 0 0 0 1 2 1 0 0 1 0 62 
1 11 5 1 0 0 0 1 1 1 0 0 0 0 0 51 
1 37 48 0 0 0 0 0 1 1 0 0 0 0 0 58 
1 53 54 1 0 0 1 0 1 1 0 0 0 1 0 52 
1 20 2 0 0 0 1 1 1 1 0 0 1 0 0 67 
4 32 46 2 0 1 0 0 0 2 0 0 0 0 0 76 
1 54 55 0 1 1 1 0 1 1 0 0 0 0 0 75 
2 42 48 0 0 1 0 0 1 1 0 0 0 0 0 80 
1 17 2 0 0 0 0 0 1 2 0 0 0 0 0 73 
1 49 16 0 0 0 0 0 1 1 0 0 0 0 0 60 
1 55 56 1 0 0 0 1 1 2 0 0 0 0 0 50 
1 56 52 2 0 0 0 0 0 1 0 0 0 0 0 87 
1 22 43 0 0 0 0 0 1 2 0 0 0 0 0 54 
2 32 2 0 0 0 0 0 1 1 0 0 0 0 0 70 
5 43 23 2 0 0 0 0 1 2 0 0 0 0 0 76 
1 57 57 0 0 0 1 0 1 2 0 0 0 0 0 54 
1 29 49 0 0 1 1 0 1 1 0 0 0 0 0 57 
1 58 58 0 0 0 0 0 1 2 0 0 0 0 0 72 
1 51 53 0 0 0 0 0 0 1 1 0 0 0 0 72 
2 21 59 0 0 0 0 0 1 1 0 0 0 0 0 76 
1 59 53 0 0 0 0 0 1 2 0 0 0 1 1 59 
1 52 1 0 0 0 0 0 1 2 0 0 0 1 0 53 
4 60 60 0 0 0 0 1 0 2 0 0 0 1 0 57 
1 5 2 0 0 0 0 0 1 1 0 0 0 0 0 55 
1 49 45 0 0 0 0 0 1 1 0 0 0 0 0 54 
1 8 61 1 0 0 0 1 1 2 0 0 0 1 0 63 
1 23 10 0 0 0 1 0 1 1 0 0 0 0 0 74 
0 18 62 1 0 0 0 1 1 1 0 0 0 0 0 55 
1 4 45 0 0 0 0 0 1 1 1 0 0 0 0 58 
1 3 63 1 0 0 0 1 1 1 0 0 0 0 0 60 
1 14 17 1 0 0 0 1 1 2 0 0 0 0 0 52 
1 61 64 1 0 0 0 0 1 1 0 0 0 0 0 58 
2 2 46 0 0 1 0 0 1 2 1 0 0 0 0 61 
2 0 65 0 0 0 0 0 0 1 0 0 0 0 0 73 
1 52 0 0 0 0 0 0 1 1 1 0 0 0 0 53 
2 48 66 0 0 0 0 1 1 2 0 0 0 0 0 57 
1 10 26 0 0 0 0 0 0 1 0 0 0 0 0 75 
0 41 66 0 0 0 0 0 1 2 0 0 0 1 0 59 
1 33 44 0 0 0 0 0 1 1 0 0 0 0 0 74 
0 62 33 0 0 0 1 0 1 3 0 0 0 0 0 80 
2 63 66 1 0 0 0 1 1 2 0 0 0 0 0 67 
1 58 38 0 0 0 0 0 0 1 0 0 0 0 0 76 
1 54 27 0 0 0 0 0 1 1 0 0 0 0 0 71 
1 22 34 0 0 0 0 0 1 2 0 0 0 0 0 62 
1 2 1 0 0 1 0 0 0 2 1 0 0 0 0 73 
2 64 2 2 0 0 1 0 1 1 0 0 0 0 0 81 
0 65 67 0 0 0 0 0 1 2 0 0 0 0 0 45 
1 19 68 0 0 0 0 0 1 2 0 0 0 0 0 63 
0 66 69 0 0 0 0 1 1 1 0 0 0 0 0 74 
0 67 70 1 0 0 1 1 1 3 0 0 0 0 0 64 
1 2 52 1 0 0 0 1 1 2 0 0 0 0 0 63 
1 68 17 0 0 0 0 0 1 1 0 0 0 0 0 56 
1 69 41 0 0 0 0 0 1 2 0 0 0 0 0 63 
0 37 21 0 0 0 0 0 1 3 0 0 0 0 0 54 
1 70 71 0 0 0 0 0 1 0 0 0 0 0 0 49 
1 4 2 0 0 0 0 0 1 1 0 0 0 0 0 57 
1 39 35 0 0 1 0 1 1 1 0 0 0 1 0 52 
0 71 72 0 0 0 0 0 1 2 0 0 0 0 0 63 
1 28 59 0 0 1 0 0 1 1 0 0 0 0 0 73 
1 72 73 0 0 0 0 1 1 2 0 0 0 1 0 47 
2 70 46 1 0 0 0 1 1 1 0 0 0 0 0 69 
0 73 16 2 0 0 0 0 0 2 0 0 0 0 0 70 
1 24 61 0 0 0 0 0 1 1 0 0 0 0 0 60 
1 74 21 0 0 0 0 0 1 2 0 0 0 1 0 70 
1 69 25 0 0 0 0 0 1 1 0 0 0 0 0 68 
1 73 44 0 0 0 0 0 1 1 0 0 0 0 0 74 
1 46 10 1 0 0 0 1 1 2 0 0 0 0 0 71 
1 17 65 1 0 0 0 1 1 1 0 0 0 1 0 56 
1 75 18 0 0 1 0 0 1 2 0 0 0 0 0 66 
1 46 42 0 1 0 0 1 1 1 0 0 0 1 0 76 
1 76 74 0 0 0 0 0 0 1 0 0 0 0 0 78 
1 77 59 0 0 0 0 0 1 1 0 0 0 0 0 68 
1 17 8 0 0 0 0 1 0 1 1 0 0 1 0 66 
1 38 8 0 0 0 1 0 1 3 0 0 0 0 0 67 
1 2 26 0 0 0 0 0 0 1 0 1 0 0 0 60 
1 47 8 0 0 1 0 0 0 1 0 0 1 0 0 61 
1 27 75 0 0 0 0 0 1 2 0 0 0 0 0 58 
1 69 1 1 0 0 0 1 1 1 0 0 0 1 0 76 
1 0 10 1 0 0 0 1 1 2 0 0 0 0 0 56 
1 31 41 0 1 1 0 0 1 1 0 0 0 0 0 67 
0 78 27 0 0 0 0 0 1 1 0 0 0 1 0 73 
0 3 23 0 0 0 0 0 1 0 0 0 0 0 0 58 
1 31 76 0 0 1 1 0 1 1 0 0 0 0 0 54 
0 1 33 0 0 0 0 0 0 2 0 0 0 0 0 62 
1 79 69 0 0 0 0 0 0 2 0 0 0 0 0 81 
1 80 2 1 0 0 0 1 1 2 1 0 0 0 0 56 
1 4 27 0 0 1 1 0 1 3 0 0 0 1 0 60 
1 81 1 0 0 0 0 0 1 1 0 0 0 0 0 66 
0 0 25 1 0 0 0 1 1 1 1 0 0 0 0 62 
0 8 66 0 0 1 1 0 1 1 0 0 1 0 0 62 
1 17 10 0 0 0 0 0 1 2 0 0 0 0 0 55 
1 82 77 0 0 0 0 0 0 2 0 0 0 0 0 62 
1 3 10 1 0 0 1 0 1 1 0 0 0 0 0 71 
1 31 48 2 0 0 0 0 1 0 0 0 0 0 0 52 
1 43 8 0 0 0 0 0 1 1 0 0 0 0 0 59 
1 21 78 0 0 1 0 0 0 1 0 0 0 0 0 48 
1 3 10 2 0 0 0 0 0 1 0 0 0 0 0 60 
1 73 37 0 0 0 0 0 0 1 0 0 0 0 0 61 
1 83 79 0 0 0 0 0 1 1 0 0 0 0 0 59 
1 8 10 0 0 0 0 0 1 2 0 0 0 0 0 64 
1 62 80 0 0 0 0 0 1 1 0 0 0 0 0 56 
1 36 2 1 0 0 0 1 1 2 0 0 0 1 0 58 
4 42 66 1 0 0 1 1 1 1 0 0 0 1 0 81 
1 19 81 0 0 0 0 0 1 2 0 0 0 0 0 64 
2 38 53 0 0 0 0 0 1 2 0 0 0 0 0 62 
1 80 82 0 0 0 0 0 1 2 0 0 0 0 0 72 
2 84 40 1 0 0 0 1 1 1 0 0 0 0 0 60 
1 17 72 1 0 0 0 1 1 1 0 0 0 0 1 61 
1 32 23 1 0 0 0 1 1 2 0 0 0 0 0 60 
0 47 16 0 0 0 0 0 1 2 0 0 0 1 0 49 
1 41 80 1 0 0 0 1 1 1 0 0 0 0 0 53 
1 42 38 1 0 0 0 1 1 2 0 0 0 0 0 58 
1 85 83 0 0 1 0 0 1 1 0 0 0 0 0 61 
1 52 65 0 1 1 0 1 1 1 0 0 0 0 0 68 
1 86 7 0 0 0 0 0 1 1 0 0 0 1 0 60 
1 42 48 0 0 0 0 1 1 2 0 0 0 0 0 72 
2 4 53 0 0 0 0 0 0 2 0 0 0 0 0 72 
1 20 2 0 0 0 0 0 1 1 0 0 0 0 0 57 
1 2 41 1 0 0 0 1 1 2 0 0 0 0 0 51 
0 87 66 0 1 1 0 1 1 3 0 0 0 0 0 54 
0 49 36 1 0 0 0 1 1 1 0 0 0 0 0 56 
1 77 84 1 0 0 0 1 1 1 0 0 0 1 0 77 
1 88 46 1 0 0 0 1 1 1 0 0 0 0 0 64 
1 24 37 1 0 0 0 1 1 2 0 0 0 0 0 57 
1 17 85 0 0 0 0 0 1 2 0 0 0 0 0 66 
1 28 59 1 0 0 0 1 1 1 0 0 0 0 0 70 
0 62 26 0 0 1 0 0 0 1 0 0 0 0 0 53 
1 89 86 1 0 0 0 1 1 2 0 0 0 0 0 51 
1 90 7 0 0 0 0 0 1 1 0 0 0 0 0 58 
1 4 33 0 1 1 1 1 1 2 0 0 0 0 0 58 
1 91 87 1 0 0 0 1 1 1 1 0 0 0 0 63 
1 16 8 1 0 0 0 1 1 2 0 0 0 0 0 51 
0 92 88 0 0 1 0 0 1 1 0 0 0 0 0 61 
0 23 1 0 0 0 0 0 1 1 0 0 0 0 0 61 
1 61 43 0 0 0 0 0 1 1 0 0 0 0 0 76 
1 4 21 0 0 0 0 0 1 2 0 0 0 0 0 71 
1 52 33 1 0 0 0 1 1 2 0 0 0 0 0 69 
4 93 2 0 0 0 0 0 1 3 0 0 0 0 0 56 
2 94 89 0 0 0 0 0 1 1 0 0 0 0 0 67 
1 95 90 0 0 0 1 0 1 1 0 0 0 0 0 54 
1 39 3 1 0 0 0 1 1 2 0 0 1 0 0 63 
1 44 17 0 0 0 0 0 1 1 0 0 0 0 0 47 
2 2 0 0 1 0 0 1 1 1 1 0 0 0 0 62 
1 16 28 0 0 0 0 0 0 1 0 0 0 0 0 65 
1 35 28 0 0 0 0 0 1 1 0 0 0 0 0 63 
1 78 53 1 0 0 0 1 1 2 0 0 0 1 0 64 
1 35 2 0 0 0 0 0 1 1 1 0 0 0 0 65 
1 96 91 0 0 0 1 0 1 2 0 0 0 0 0 51 
4 0 31 0 0 0 0 0 1 1 0 0 0 0 0 56 
1 9 46 0 0 0 0 0 1 2 0 0 0 0 0 70 
1 17 2 0 0 0 0 0 1 1 0 0 0 0 0 58 
1 97 46 0 0 0 0 0 0 2 0 0 0 0 0 67 
1 34 92 0 0 0 0 0 1 1 0 0 0 0 0 62 
1 31 47 0 0 0 0 0 0 1 0 0 0 0 0 74 
1 23 7 1 0 0 0 0 1 2 0 0 0 0 0 69 
4 1 2 0 0 0 0 1 0 2 0 0 0 0 0 55 
1 42 31 0 0 0 0 0 1 1 0 0 0 0 0 60 
1 6 93 1 0 0 0 1 1 2 0 0 0 0 0 72 
1 98 94 0 0 0 0 0 1 1 0 0 0 0 0 64 
0 99 95 1 0 1 0 0 1 0 0 0 0 0 0 75 
1 6 36 0 0 0 0 1 1 2 0 0 0 0 0 47 
1 33 7 0 0 0 0 0 1 2 0 1 0 0 0 57 
1 100 96 0 0 0 0 0 1 1 0 0 0 0 0 56 
2 101 78 1 0 0 0 1 1 1 0 0 0 0 0 68 
1 87 19 1 0 0 0 0 1 1 0 0 0 0 0 55 
2 22 89 0 0 0 0 0 1 1 0 0 0 0 0 62 
1 10 47 0 0 0 0 0 1 1 0 0 0 0 0 73 
1 30 32 0 0 0 0 0 1 1 0 0 0 0 0 68 
1 43 65 2 0 0 0 0 0 2 0 0 0 0 0 75 
1 102 97 0 0 0 0 0 1 1 0 0 0 0 0 63 
1 74 10 0 0 0 0 0 1 1 0 0 0 0 0 61 
1 76 29 0 1 0 0 1 1 2 0 0 0 0 0 62 
1 39 98 1 1 0 0 0 1 1 0 0 0 0 0 44 
1 62 1 0 0 0 0 0 1 2 0 0 0 0 0 56 
1 69 8 1 0 0 0 1 1 2 0 0 0 0 0 54 
1 39 16 0 0 1 0 0 1 2 0 0 0 0 0 57 
1 73 31 1 0 0 0 1 1 1 0 0 0 0 0 56 
1 46 99 1 0 0 0 1 1 0 0 0 0 1 0 69 
1 51 100 0 0 0 0 0 1 1 0 0 0 0 0 72 
1 16 69 1 0 1 0 0 1 2 0 0 0 0 0 59 
2 43 37 1 0 0 0 1 1 2 0 0 0 1 0 70 
1 17 85 0 0 0 0 0 1 2 0 0 0 0 0 64 
1 69 31 1 0 0 0 1 1 1 0 0 0 0 0 61 
1 30 18 0 0 0 0 0 1 1 0 0 0 0 0 72 
1 19 49 2 0 0 0 0 0 3 0 0 0 0 0 63 
1 36 69 2 0 0 1 0 0 1 0 0 0 0 0 74 
1 11 5 0 1 0 0 0 1 2 0 0 0 0 0 71 
1 36 69 0 0 0 0 0 0 1 0 0 0 0 0 71 
4 3 0 1 0 0 0 1 1 2 0 0 0 0 0 72 
1 103 26 1 0 1 0 1 1 1 0 0 0 1 0 77 
2 58 48 2 0 0 0 0 0 2 1 0 0 0 0 72 
0 81 44 0 0 0 0 0 1 1 0 0 0 0 0 55 
1 104 87 0 0 0 0 1 0 1 0 0 0 0 0 65 
1 43 42 0 0 0 0 0 1 1 0 0 0 0 0 67 
1 58 7 0 0 0 0 0 1 1 1 0 0 0 0 69 
1 105 101 0 0 0 0 0 1 2 0 0 0 1 0 55 
1 106 8 0 0 0 0 0 1 2 0 0 0 0 0 51 
1 2 87 0 0 0 0 0 1 2 0 0 0 0 0 64 
1 30 89 1 0 0 0 1 1 1 0 0 0 1 0 63 
1 8 45 0 1 0 0 0 1 1 0 0 0 1 0 69 
0 9 15 0 0 1 0 0 1 1 0 0 0 0 0 64 
1 9 85 1 0 0 0 1 1 2 0 0 0 0 0 59 
1 5 12 0 0 0 0 0 1 2 0 0 0 0 0 73 
2 53 102 0 0 0 0 0 1 1 0 0 0 0 0 55 
1 16 25 0 0 0 0 0 1 1 0 0 0 0 0 63 
1 16 1 0 0 0 0 0 0 0 0 0 0 0 0 60 
1 42 10 0 0 0 0 0 1 1 0 0 0 0 0 74 
1 106 103 0 0 0 0 0 0 1 0 0 0 0 0 65 
1 32 8 0 0 0 0 0 0 2 1 0 0 0 0 79 
6 30 38 1 0 0 0 1 1 1 0 0 0 0 0 62 
1 106 37 0 0 0 0 0 1 1 0 0 1 0 0 71 
0 35 85 0 0 0 0 0 1 2 1 0 0 0 0 63 
1 3 61 0 0 1 0 0 1 1 0 0 0 0 0 67 
1 5 104 0 0 0 0 0 1 1 0 0 0 0 0 55 
1 6 59 0 1 0 1 0 1 1 0 0 0 0 0 54 
1 21 48 2 0 1 0 0 0 2 0 0 0 0 0 77 
1 1 85 1 0 0 0 1 1 1 0 0 0 0 0 58 
1 94 3 0 0 1 0 0 0 1 0 0 0 0 0 64 
1 38 27 1 0 0 0 1 1 1 0 0 0 1 0 61 
1 107 105 2 1 0 0 0 0 3 0 0 0 1 0 62 
1 34 95 0 0 1 0 0 0 1 0 0 0 0 0 67 
1 108 39 1 0 0 0 1 1 1 0 0 0 0 0 56 
1 2 47 0 0 0 0 0 1 1 0 0 0 0 0 70 
4 63 23 0 0 0 0 0 0 1 0 0 0 0 0 70 
1 62 8 0 0 0 0 0 1 1 0 0 0 0 0 57 
1 9 27 0 0 0 0 0 1 2 0 0 0 0 0 61 
1 109 106 0 0 0 0 1 0 2 0 0 0 0 0 77 
2 1 49 1 0 0 0 1 1 2 0 0 0 1 0 63 
1 78 53 0 0 1 0 0 0 1 0 0 0 1 0 62 
1 77 31 0 1 0 0 0 1 1 0 0 0 0 0 59 
1 17 104 0 0 0 0 0 1 1 0 0 0 0 0 70 
2 66 87 0 0 0 0 0 1 1 0 0 0 0 0 71 
0 1 44 0 0 1 0 0 1 1 0 0 0 0 0 56 
1 49 7 0 0 0 0 0 1 1 0 0 0 1 0 57 
1 5 33 0 0 0 1 0 1 1 0 0 0 0 0 78 
1 78 27 0 0 0 0 0 1 2 0 0 0 0 0 64 
1 110 107 1 0 0 0 1 1 2 0 0 0 0 0 62 
1 40 4 0 0 0 0 0 1 0 0 0 0 0 0 49 
1 111 108 0 0 0 0 0 1 1 0 0 0 0 0 77 
1 46 10 0 0 0 0 0 1 2 0 0 0 0 0 64 
0 112 53 2 0 1 0 0 0 1 0 0 0 0 0 63 
2 108 109 0 0 0 0 1 1 2 0 0 0 0 0 54 
2 113 110 0 0 0 1 1 1 2 0 0 0 1 0 38 
1 31 31 0 0 0 0 0 0 1 0 0 0 0 0 75 
1 36 85 2 0 1 0 0 0 2 0 0 0 0 0 70 
1 13 111 0 0 0 0 0 1 1 0 0 0 0 0 59 
2 70 104 1 0 0 0 1 1 1 0 0 0 1 0 77 
0 114 76 0 0 1 1 0 1 1 0 0 0 1 0 61 
1 42 35 1 0 0 0 1 1 2 0 0 0 0 0 64 
1 17 85 1 0 0 0 1 1 2 0 0 0 0 0 59 
2 27 47 1 0 0 0 1 1 2 0 0 0 1 0 71 
0 4 35 0 0 0 0 0 1 1 0 0 0 0 0 67 
1 78 47 0 0 0 0 0 1 2 0 0 0 0 0 64 
1 9 112 0 0 1 0 0 0 2 0 0 0 0 0 68 
2 23 45 0 0 0 0 0 1 1 0 0 0 0 0 69 
1 4 21 1 0 0 0 1 1 2 0 0 0 0 0 64 
1 16 2 0 0 0 0 0 1 1 0 0 0 0 0 59 
1 75 49 1 0 0 0 1 1 2 0 0 0 0 0 67 
1 20 46 0 0 1 0 1 1 1 0 0 0 0 0 74 
2 67 12 0 0 1 0 0 1 2 0 0 0 0 0 77 
1 16 28 0 0 0 0 0 0 2 0 0 0 0 0 60 
1 73 35 0 0 0 0 0 1 1 0 0 0 0 0 64 
0 77 48 2 0 0 0 0 0 0 0 0 0 0 0 70 
0 48 18 0 0 0 0 1 0 2 0 0 0 0 0 58 
1 34 95 0 1 0 0 0 1 3 0 0 0 0 0 59 
0 28 43 0 0 0 0 1 0 2 0 0 0 0 0 39 
2 115 113 1 0 0 0 1 1 1 0 0 0 1 0 67 
1 35 0 0 0 1 0 0 1 1 0 0 0 0 0 71 
1 116 114 0 0 0 0 0 1 2 0 0 0 0 0 70 
1 114 115 0 0 1 1 1 1 1 0 0 0 1 0 60 
1 23 116 1 0 0 0 1 1 1 1 0 0 0 0 55 
1 11 29 0 0 0 0 0 1 2 0 0 0 0 0 60 
1 3 19 0 0 0 0 0 1 1 0 0 0 0 0 55 
1 62 28 0 0 0 1 0 1 1 0 0 0 0 0 55 
1 2 87 1 0 0 0 1 1 1 0 0 0 0 0 70 
1 78 42 0 0 0 0 0 1 1 0 0 0 0 0 63 
2 52 33 1 0 0 0 1 1 1 0 0 0 1 0 64 
1 17 33 0 0 0 0 0 1 1 0 0 0 0 0 55 
1 52 23 0 0 0 0 0 1 2 0 0 0 0 0 49 
1 47 69 0 0 0 0 0 0 1 1 0 0 0 0 58 
1 27 26 0 0 1 0 0 1 1 0 0 0 0 0 59 
1 9 69 2 0 0 0 0 0 2 0 0 0 0 0 56 
1 117 47 1 0 0 0 1 1 1 0 0 0 0 0 64 
1 10 25 0 0 0 0 0 1 2 0 0 0 0 0 62 
4 118 69 0 0 1 0 0 1 1 1 0 1 0 0 87 
5 75 48 0 0 0 0 0 1 1 0 0 0 0 0 77 
1 30 103 1 0 0 0 1 1 1 0 0 0 0 0 59 
1 0 0 1 0 0 0 1 1 1 0 0 0 0 0 59 
1 9 46 1 0 0 0 1 1 1 0 0 0 1 0 55 
1 69 23 0 0 0 0 0 1 2 0 0 0 0 0 46 
1 2 71 1 0 1 0 0 1 0 1 0 0 0 0 60 
1 78 0 0 0 0 0 0 1 1 0 0 0 0 0 69 
1 22 117 1 0 0 0 1 1 1 0 0 0 0 0 74 
1 119 118 0 0 0 0 0 1 2 0 0 0 0 0 59 
1 71 1 1 0 0 0 1 1 1 0 0 0 0 0 63 
1 61 80 0 0 0 0 1 0 1 0 0 0 0 0 63 
2 46 42 0 0 0 0 0 1 2 0 0 0 0 0 75 
1 37 1 1 0 1 0 1 1 1 0 0 0 0 0 52 
1 5 119 1 0 0 0 1 1 2 0 0 0 0 0 51 
2 1 0 0 1 1 0 0 1 1 0 0 0 1 0 68 
1 78 1 0 0 0 0 0 1 2 0 0 0 1 0 53 
1 2 53 0 0 0 0 0 1 1 0 0 0 1 0 61 
1 36 27 0 0 0 0 0 1 1 1 0 0 0 0 72 
1 120 94 0 0 0 1 0 0 2 0 0 0 0 0 60 
2 28 64 1 0 0 0 1 1 1 0 0 0 0 0 58 
1 13 12 0 0 0 0 0 1 3 0 0 0 0 0 69 
0 30 58 0 0 0 0 0 1 0 0 0 0 0 0 48 
1 69 41 0 0 0 0 0 1 1 0 0 0 0 0 75 
0 51 87 0 0 1 0 0 1 1 0 0 0 0 0 57 
2 33 45 0 0 0 0 0 1 3 0 0 0 0 0 68 
1 39 3 0 0 0 0 0 1 1 0 0 0 0 0 61 
2 24 28 0 0 0 0 0 0 2 0 0 0 0 0 44 
2 43 89 0 0 0 0 0 1 2 1 0 0 0 0 64 
1 2 2 1 0 0 0 1 1 1 0 0 0 1 0 21 
1 22 17 0 0 0 0 0 1 1 0 0 0 0 0 60 
0 16 120 0 0 0 0 0 1 2 0 0 0 0 0 72 
1 121 121 0 0 0 0 0 1 2 0 0 0 0 0 65 
1 5 26 1 0 0 0 1 1 2 0 0 0 1 0 61 
1 33 38 1 0 0 0 1 1 1 0 0 0 1 0 69 
1 16 25 0 0 0 0 0 1 1 0 0 0 0 0 53 
1 81 66 0 0 1 0 0 1 1 0 0 0 0 0 55 
0 16 65 1 0 0 0 0 1 1 0 0 0 0 0 57 
5 122 102 0 0 0 0 0 1 1 0 0 0 1 0 62 
1 76 49 0 0 0 0 0 1 2 0 0 0 0 0 56 
0 46 2 1 0 0 0 1 1 1 0 0 0 0 0 67 
1 47 65 0 0 0 0 0 1 1 1 0 0 0 0 59 
1 35 81 1 0 0 0 1 1 2 0 0 0 0 0 59 
0 5 2 0 0 0 0 0 1 1 0 0 0 0 0 60 
1 123 13 0 1 0 0 0 1 3 0 0 0 0 0 56 
1 19 31 1 0 0 0 1 1 2 0 0 0 1 0 56 
0 5 2 0 0 1 0 1 1 1 0 0 0 0 0 60 
1 124 1 0 0 1 0 0 1 2 0 0 0 0 0 68 
1 1 122 1 0 0 0 1 1 2 0 0 0 1 0 63 
1 76 23 0 0 0 0 0 0 2 1 0 0 0 0 77 
1 108 39 0 0 0 0 1 1 1 0 0 0 0 0 52 
0 17 42 1 1 1 0 1 1 1 0 0 0 1 0 70 
2 4 2 2 0 0 0 0 0 1 0 0 0 0 0 72 
4 44 13 0 0 0 0 0 1 2 0 0 0 0 0 62 
0 37 61 0 0 0 0 0 1 0 1 0 0 1 0 64 
1 32 0 1 0 0 0 1 1 1 0 0 0 0 0 70 
1 5 123 1 0 1 0 0 1 1 0 0 0 1 0 60 
2 125 124 0 1 0 0 1 1 1 0 0 0 0 0 58 
1 126 125 0 0 0 0 0 1 1 0 0 0 0 0 47 
1 5 2 0 0 0 0 0 1 3 0 0 0 0 0 54 
1 76 48 0 1 1 0 0 1 2 0 0 0 1 0 73 
1 77 33 0 0 0 0 0 0 1 0 0 0 0 0 62 
1 48 31 0 0 0 0 0 1 0 1 0 0 0 0 72 
1 127 34 1 0 0 0 1 1 1 0 0 0 0 0 63 
1 82 126 0 0 0 0 0 1 2 0 0 0 0 0 58 
1 80 127 1 0 0 0 1 1 2 1 0 0 1 0 69 
1 11 48 0 1 1 0 0 1 2 0 0 0 0 0 66 
1 47 41 0 0 0 0 0 1 2 0 0 0 0 0 57 
1 16 42 0 0 0 0 0 1 2 0 0 0 0 0 56 
1 95 64 0 0 0 1 0 1 1 0 0 0 0 0 54 
1 87 19 0 0 0 0 0 1 1 0 0 0 0 0 40 
4 128 128 1 1 1 0 0 1 1 0 0 0 1 0 61 
1 20 26 0 0 0 0 0 0 2 0 0 1 0 0 54 
1 3 28 0 0 0 0 0 0 1 0 0 0 0 0 65 
0 25 92 1 0 0 0 1 1 1 0 0 0 1 0 62 
0 87 65 0 0 0 1 0 1 1 0 0 0 1 0 61 
1 106 19 2 0 0 0 0 0 2 0 0 0 1 0 76 
1 10 129 1 0 0 0 1 1 2 0 0 0 0 0 50 
1 46 46 1 0 0 0 1 1 2 0 0 0 0 0 63 
3 129 130 1 0 0 0 1 1 1 0 0 0 1 0 49 
0 120 40 0 0 0 0 0 0 1 0 0 0 0 0 52 
1 16 65 1 0 0 0 1 1 1 0 0 0 0 0 69 
1 52 1 0 0 0 0 0 1 1 0 0 0 0 0 53 
1 80 15 2 0 0 0 0 0 2 0 0 0 1 0 77 
2 43 10 0 0 0 0 0 1 1 0 0 0 0 0 59 
1 62 65 0 1 0 0 0 1 3 0 0 0 0 0 70 
1 52 8 0 0 1 0 0 0 2 0 0 0 0 0 72 
1 23 44 1 0 0 0 1 1 2 0 0 0 0 0 70 
2 69 85 0 0 0 0 0 1 1 0 0 0 0 0 70 
1 78 82 0 0 0 0 0 1 1 0 0 0 0 0 62 
1 22 19 1 0 0 0 0 1 2 0 0 0 0 0 61 
1 49 3 0 0 0 0 0 1 2 0 0 0 1 0 46 
1 11 103 1 0 0 0 0 1 1 0 0 0 1 0 66 
2 111 108 0 0 0 0 0 1 1 0 0 0 1 0 55 
1 51 72 0 1 1 0 0 1 1 0 0 0 1 0 72 
1 66 15 2 1 1 0 1 1 2 0 0 0 0 0 74 
2 76 0 0 0 0 0 0 0 1 1 0 0 0 0 57 
1 47 0 0 0 0 0 0 0 3 0 0 0 0 0 79 
0 75 33 0 0 0 0 0 1 3 0 0 0 0 0 63 
1 37 35 1 0 0 0 1 1 2 0 0 0 0 0 61 
1 43 2 0 0 0 0 0 1 3 0 0 0 1 0 52 
1 13 15 0 0 0 0 0 0 1 0 0 0 0 0 79 
1 89 94 1 0 0 0 1 1 1 0 0 0 0 0 51 
