0 27
0 242
0 227
0 270
0 47
0 4
0 449
0 357
0 7
0 229
0 75
0 57
0 321
0 151
0 297
0 420
0 30
0 419
0 43
0 24
0 196
0 340
0 348
0 274
0 238
0 268
0 127
0 251
0 169
0 152
0 77
0 312
0 115
0 350
0 334
0 305
0 40
0 41
0 239
0 421
0 185
0 426
0 386
0 195
0 132
0 410
0 99
0 213
0 211
0 6
0 173
0 60
0 302
0 143
0 191
0 13
0 367
0 220
0 404
0 96
0 209
0 128
0 67
1 358
1 417
1 163
1 333
1 353
1 63
1 398
1 432
1 396
1 226
1 283
1 31
1 74
1 168
1 122
1 310
1 291
1 317
1 457
1 455
1 387
1 307
1 153
1 351
1 360
1 461
1 244
1 447
1 23
1 366
1 20
1 271
1 167
1 231
1 150
1 179
1 308
1 368
1 38
1 116
1 44
1 391
1 427
1 346
1 69
1 42
1 258
1 3
1 183
1 395
1 34
1 219
1 110
1 87
1 160
1 200
1 218
1 294
1 444
1 178
1 250
1 324
1 397
1 361
1 157
1 445
1 262
1 93
1 273
1 249
1 303
1 422
1 255
1 15
1 222
1 90
1 344
1 467
1 409
1 9
1 269
1 56
1 298
1 284
1 399
1 288
1 292
1 113
1 14
1 438
1 102
1 182
1 5
1 240
1 383
1 198
1 266
1 332
1 120
1 371
1 89
1 319
1 245
1 372
1 466
1 61
1 147
1 8
1 446
1 117
1 299
1 177
1 88
1 279
1 349
1 10
1 54
1 78
1 68
1 81
1 145
1 18
1 146
1 203
1 412
1 430
1 161
1 343
1 400
1 104
1 33
1 416
1 452
1 276
1 19
1 50
1 408
1 373
1 199
1 84
1 388
1 314
1 462
1 190
1 381
1 265
1 370
1 338
1 414
1 97
1 425
1 385
1 325
1 154
1 237
1 17
1 423
1 469
1 189
1 437
1 95
1 378
1 82
1 155
1 159
1 335
1 2
1 135
1 311
1 356
1 66
1 204
1 112
1 26
1 345
1 306
1 1
1 138
1 331
1 287
1 144
1 252
1 0
1 12
1 58
1 130
1 28
1 193
1 201
1 52
1 35
1 363
1 433
1 46
1 261
1 94
1 365
1 233
1 221
1 55
1 253
1 76
1 85
1 73
1 186
1 431
1 339
1 48
1 285
1 228
1 86
1 336
1 458
1 281
1 118
1 327
1 45
1 277
1 79
1 301
1 188
1 235
1 320
1 468
1 382
1 355
1 440
1 121
1 376
1 392
1 126
1 65
1 16
1 225
1 170
1 453
1 456
1 194
1 282
1 451
1 119
1 133
1 214
1 108
1 402
1 197
1 71
1 352
1 59
1 450
1 101
1 375
1 413
1 323
1 415
1 241
1 36
1 98
1 72
1 401
1 212
1 11
1 464
1 176
1 379
1 341
1 364
1 62
1 389
1 309
1 162
1 107
1 329
1 202
1 337
1 393
1 390
1 111
1 318
1 192
1 434
1 215
1 234
1 158
1 131
1 454
1 148
1 267
1 300
1 207
1 272
1 441
1 142
1 64
1 217
1 377
1 184
1 223
1 180
1 448
1 347
1 407
1 354
1 136
1 29
1 53
1 254
1 166
1 134
1 51
1 21
1 208
1 37
1 326
1 429
1 439
1 442
1 39
1 342
1 275
1 149
1 232
1 256
1 206
1 280
1 165
1 403
1 171
1 216
1 210
1 123
1 359
1 443
1 316
1 25
1 380
1 374
1 405
1 295
1 83
1 418
1 181
1 32
1 290
1 109
1 286
1 100
1 247
1 293
1 369
1 140
1 424
1 315
1 224
1 406
1 70
1 125
1 236
1 141
1 259
