0 161
0 132
0 141
0 92
0 107
0 182
0 90
0 147
0 209
0 178
0 127
0 183
0 173
0 208
0 133
0 139
0 180
0 191
0 143
0 99
0 97
0 79
0 75
0 207
0 158
0 78
0 91
0 186
0 152
0 199
0 129
0 102
0 201
0 119
0 89
0 134
0 144
0 104
0 114
0 72
0 153
0 111
0 193
0 142
0 120
0 82
0 203
0 169
0 70
0 159
0 88
0 160
0 205
0 71
0 108
0 115
0 200
0 177
0 85
0 151
0 135
0 137
0 171
0 198
0 157
0 164
0 128
0 168
0 101
0 146
0 184
0 118
0 206
0 98
0 155
0 202
0 112
0 113
0 77
0 190
0 187
0 197
0 73
0 87
0 136
0 123
0 109
0 204
0 100
0 116
0 124
0 163
0 196
0 175
0 138
0 150
0 105
0 167
0 110
0 174
0 195
0 179
0 130
0 170
0 145
0 74
0 80
0 93
0 189
0 140
0 181
0 192
0 122
0 106
0 156
0 162
0 125
0 166
0 154
0 76
0 185
0 188
0 131
0 149
0 176
0 83
1 8
1 0
1 27
1 17
1 37
1 53
1 36
1 3
1 9
1 26
1 24
1 12
1 44
1 47
1 23
1 46
1 55
1 51
1 15
1 38
1 43
1 32
1 60
1 22
1 69
1 41
1 52
1 25
1 5
1 33
1 59
1 14
1 62
1 50
1 57
1 31
1 54
1 6
1 65
1 21
1 28
1 66
1 11
1 1
1 67
1 58
1 48
1 4
1 40
1 42
1 39
1 56
1 2
1 34
1 29
1 63
1 18
1 35
1 20
1 16
1 49
1 10
1 68
