0 68
0 223
0 196
0 50
0 377
0 113
0 129
0 283
0 458
0 9
0 142
0 52
0 241
0 253
0 148
0 444
0 287
0 120
0 443
0 236
0 165
0 138
0 219
0 13
0 307
0 285
0 519
0 26
0 481
0 166
0 428
0 522
0 207
0 335
0 116
0 425
0 568
0 264
0 454
0 555
0 368
0 282
0 7
0 546
0 141
0 184
0 119
0 544
0 98
0 558
0 206
0 179
0 94
0 385
0 154
0 14
0 201
0 421
0 263
0 509
0 318
0 21
0 473
0 93
0 152
0 210
0 228
0 503
0 552
0 123
0 53
0 327
0 352
0 286
0 561
0 498
0 39
0 380
0 313
0 406
0 388
0 464
0 240
0 502
0 348
0 394
0 259
0 55
0 200
0 243
0 405
0 169
0 54
0 186
0 77
0 178
0 466
0 208
0 567
0 490
0 62
0 269
0 447
0 566
0 92
0 545
0 525
0 25
0 66
0 248
0 67
0 414
0 31
0 570
0 572
0 438
0 500
0 35
0 336
0 37
0 89
0 225
0 415
0 270
0 372
0 209
0 180
0 446
0 477
0 172
0 139
0 408
0 181
0 527
0 271
0 400
0 49
0 418
0 381
0 96
0 226
0 433
0 158
0 366
0 246
0 439
0 156
0 344
0 18
0 73
0 23
0 577
0 46
0 343
0 90
0 102
0 238
0 308
0 401
0 432
0 144
0 188
0 303
0 81
0 234
0 472
0 531
0 104
0 197
0 134
0 43
0 128
0 5
0 164
0 171
0 449
0 510
0 88
0 159
0 161
0 347
0 127
0 117
0 403
0 371
0 488
0 316
0 398
0 133
0 354
0 1
0 474
0 258
0 176
0 423
0 342
0 121
0 136
0 330
0 416
0 478
0 383
0 445
0 304
0 252
0 216
0 378
0 61
0 292
0 267
0 70
0 256
0 542
0 192
0 30
0 565
0 511
0 334
0 143
0 310
0 494
0 22
0 231
0 392
0 64
0 279
0 51
0 559
0 60
0 63
0 295
0 515
0 71
0 563
0 80
0 149
0 95
0 277
0 218
0 291
0 173
0 266
0 233
0 306
0 213
0 151
0 339
0 514
0 220
0 19
0 575
0 187
0 507
0 504
0 557
0 20
0 529
0 442
0 298
0 155
0 374
0 99
0 495
0 84
0 554
0 384
0 435
0 76
0 191
0 353
0 346
0 83
0 224
0 543
0 135
0 167
0 195
0 242
0 183
0 376
0 397
0 275
0 365
0 331
0 190
0 411
0 518
0 299
0 174
0 456
0 48
0 65
0 513
0 247
0 27
0 97
0 337
0 281
0 177
0 533
0 146
0 3
0 16
0 305
0 496
0 465
0 130
0 451
0 126
0 137
0 289
0 111
0 301
0 393
0 475
0 524
0 516
0 163
0 170
0 459
0 58
0 230
0 74
0 499
0 2
0 350
0 455
0 274
0 341
0 328
0 483
0 293
0 257
0 437
0 276
0 553
0 160
0 389
0 349
0 539
0 326
0 386
0 532
0 573
0 0
0 517
0 91
0 317
0 395
0 448
0 480
0 420
0 390
0 404
0 534
0 436
0 162
0 571
0 426
0 434
0 11
0 364
0 85
0 576
0 548
0 4
0 40
0 356
0 157
0 486
0 492
0 332
1 294
1 300
1 278
1 324
1 239
1 185
1 340
1 309
1 237
1 538
1 476
1 202
1 463
1 33
1 82
1 42
1 370
1 106
1 44
1 114
1 440
1 520
1 107
1 526
1 105
1 396
1 338
1 363
1 29
1 145
1 140
1 422
1 535
1 375
1 15
1 41
1 268
1 312
1 489
1 560
1 536
1 235
1 484
1 487
1 103
1 382
1 521
1 469
1 461
1 12
1 203
1 45
1 311
1 325
1 284
1 36
1 56
1 150
1 373
1 8
1 59
1 357
1 132
1 471
1 211
1 322
1 360
1 562
1 229
1 485
1 214
1 217
1 69
1 262
1 355
1 491
1 399
1 441
1 528
1 272
1 427
1 453
1 452
1 250
1 574
1 424
1 379
1 578
1 407
1 430
1 358
1 108
1 417
1 541
1 222
1 462
1 100
1 131
1 198
1 409
1 319
1 122
1 460
1 109
1 288
1 351
1 467
1 17
1 297
1 273
1 429
1 402
1 369
1 101
1 450
1 296
1 86
1 345
1 479
1 78
1 419
1 506
1 189
1 24
1 470
1 193
1 361
1 329
1 302
1 468
1 290
1 112
1 261
1 413
1 431
1 194
1 182
1 359
1 367
1 32
1 410
1 28
1 110
1 547
1 75
1 323
1 255
1 215
