0 0
0 1
0 2
0 3
0 4
0 5
0 6
0 7
1 8
0 9
0 10
0 11
1 12
0 13
0 14
1 15
0 16
1 17
0 18
0 19
0 20
0 21
0 22
0 23
1 24
0 25
0 26
0 27
1 28
1 29
0 30
0 31
1 32
1 33
1 34
0 35
1 36
0 37
0 38
0 39
0 40
1 41
1 42
0 43
1 44
1 45
0 46
0 47
0 48
0 49
0 50
0 51
0 52
0 53
0 54
0 55
1 56
1 57
0 58
1 59
0 60
0 61
0 62
0 63
0 64
0 65
0 66
0 67
0 68
1 69
0 70
0 71
0 72
0 73
0 74
1 75
0 76
0 77
1 78
0 79
0 80
0 81
1 82
0 83
0 84
0 85
1 86
0 87
0 88
0 89
0 90
0 91
0 92
0 93
0 94
0 95
0 96
0 97
0 98
0 99
1 100
1 101
0 102
1 103
0 104
1 105
1 106
1 107
1 108
1 109
1 110
0 111
1 112
0 113
1 114
1 115
0 116
0 117
0 118
0 119
0 120
0 121
1 122
0 123
1 124
1 125
0 126
0 127
0 128
0 129
0 130
1 131
1 132
0 133
0 134
0 135
0 136
0 137
0 138
0 139
1 140
0 141
0 142
0 143
0 144
1 145
0 146
0 147
0 148
0 149
1 150
0 151
0 152
1 153
0 154
0 155
0 156
0 157
0 158
0 159
0 160
0 161
0 162
0 163
0 164
0 165
0 166
0 167
0 168
0 169
0 170
0 171
0 172
0 173
0 174
0 175
0 176
0 177
0 178
0 179
0 180
0 181
1 182
0 183
0 184
1 185
0 186
0 187
0 188
1 189
0 190
0 191
0 192
1 193
1 194
0 195
0 196
0 197
1 198
0 199
0 200
0 201
1 202
1 203
1 204
0 205
0 206
0 207
0 208
0 209
0 210
1 211
0 212
0 213
1 214
1 215
0 216
1 217
0 218
0 219
0 220
0 221
1 222
0 223
0 224
0 225
0 226
1 227
0 228
1 229
0 230
0 231
0 232
0 233
0 234
1 235
0 236
1 237
0 238
1 239
0 240
0 241
0 242
0 243
0 244
0 245
0 246
0 247
0 248
0 249
1 250
1 251
0 252
0 253
0 254
1 255
0 256
0 257
0 258
0 259
0 260
1 261
1 262
0 263
0 264
0 265
0 266
0 267
1 268
0 269
0 270
0 271
1 272
1 273
0 274
0 275
0 276
0 277
1 278
0 279
1 280
0 281
0 282
0 283
1 284
0 285
0 286
0 287
1 288
0 289
1 290
0 291
0 292
0 293
1 294
0 295
1 296
1 297
0 298
0 299
1 300
0 301
1 302
0 303
0 304
0 305
0 306
0 307
0 308
1 309
0 310
1 311
1 312
0 313
0 314
1 315
0 316
0 317
0 318
1 319
0 320
1 321
1 322
1 323
1 324
1 325
0 326
0 327
0 328
1 329
0 330
0 331
0 332
0 333
0 334
0 335
0 336
0 337
1 338
0 339
1 340
0 341
0 342
0 343
0 344
1 345
0 346
0 347
0 348
0 349
0 350
1 351
0 352
0 353
0 354
1 355
0 356
1 357
1 358
1 359
1 360
1 361
1 362
1 363
0 364
0 365
0 366
1 367
0 368
1 369
1 370
0 371
0 372
1 373
0 374
1 375
0 376
0 377
0 378
1 379
0 380
0 381
1 382
0 383
0 384
0 385
0 386
0 387
0 388
0 389
0 390
1 391
0 392
0 393
0 394
0 395
1 396
0 397
0 398
1 399
0 400
0 401
1 402
0 403
0 404
0 405
0 406
1 407
0 408
1 409
1 410
0 411
0 412
1 413
0 414
0 415
0 416
1 417
0 418
1 419
0 420
0 421
1 422
0 423
1 424
0 425
0 426
1 427
0 428
1 429
1 430
1 431
0 432
0 433
0 434
0 435
0 436
0 437
0 438
0 439
1 440
1 441
0 442
0 443
0 444
0 445
0 446
0 447
0 448
0 449
1 450
0 451
1 452
1 453
0 454
0 455
0 456
0 457
0 458
0 459
1 460
1 461
1 462
1 463
0 464
0 465
0 466
1 467
1 468
1 469
1 470
1 471
0 472
0 473
0 474
0 475
1 476
0 477
0 478
1 479
0 480
0 481
0 482
0 483
1 484
1 485
0 486
1 487
0 488
1 489
0 490
1 491
0 492
0 493
0 494
0 495
0 496
0 497
0 498
0 499
0 500
0 501
0 502
0 503
0 504
0 505
1 506
0 507
1 508
0 509
0 510
0 511
0 512
0 513
0 514
0 515
0 516
0 517
0 518
0 519
1 520
1 521
0 522
0 523
0 524
0 525
1 526
0 527
1 528
0 529
1 530
0 531
0 532
0 533
0 534
1 535
1 536
1 537
1 538
0 539
0 540
1 541
0 542
0 543
0 544
0 545
0 546
1 547
0 548
0 549
0 550
0 551
0 552
0 553
0 554
0 555
0 556
0 557
0 558
0 559
1 560
0 561
1 562
0 563
0 564
0 565
0 566
0 567
0 568
0 569
0 570
0 571
0 572
0 573
1 574
0 575
0 576
0 577
1 578
